#io generator
#numio=2500 maxtracks=1000 lambda=0.010000
1 453
317 685
798 336
1265 341
1431 545
1452 16
1751 815
2212 148
2264 653
2316 435
2492 194
2803 706
2863 20
3265 389
3331 892
3530 873
3702 34
3980 309
4164 494
4489 704
4508 693
4868 640
5122 645
5516 615
5665 895
5690 652
5734 675
5913 211
6260 165
6560 829
6589 1
6939 405
6956 261
7312 406
7689 365
7744 795
7773 832
7990 568
8228 225
8319 777
8379 234
8593 210
9047 789
9257 605
9734 23
9950 14
9962 137
10171 61
10369 133
10602 153
10851 579
11325 559
11530 384
11593 890
11897 312
12230 730
12503 97
12973 457
13416 363
13447 842
13640 498
14068 412
14385 276
14621 33
14825 942
14918 909
15178 135
15412 934
15671 597
16083 130
16537 493
16967 457
17262 802
17719 478
17801 978
17961 553
18198 178
18680 111
18906 440
18978 864
19168 332
19554 904
19787 243
20206 988
20626 665
20685 751
20764 979
20868 750
21258 124
21372 948
21422 550
21672 578
22036 468
22380 183
22833 836
22857 290
22941 823
23038 637
23071 35
23383 908
23732 744
24061 859
24422 869
24726 506
25222 838
25449 95
25643 957
25979 118
26191 364
26341 334
26441 350
26752 369
26838 820
26841 240
27268 633
27342 556
27530 809
27737 102
28075 25
28379 672
28810 64
29193 253
29204 442
29389 448
29792 674
30182 8
30194 407
30382 199
30495 384
30714 84
30722 589
31041 396
31239 56
31487 78
31528 108
31902 947
31988 518
32088 195
32568 573
32889 768
33012 426
33399 274
33815 154
34051 62
34319 913
34391 556
34642 787
35118 902
35539 451
36029 926
36308 730
36744 732
36868 75
37332 210
37655 572
38144 897
38643 755
38728 832
39182 645
39629 447
39907 41
39909 62
40322 957
40804 672
41007 945
41306 968
41643 473
41993 925
42266 629
42333 197
42433 115
42480 200
42914 266
42930 779
43385 928
43498 470
43982 231
44247 797
44341 497
44575 597
44795 69
45077 118
45347 267
45369 91
45817 180
45961 100
46108 383
46257 166
46581 334
47053 561
47183 172
47198 231
47399 564
47413 593
47443 499
47538 503
47821 757
48131 112
48143 667
48244 922
48667 492
48678 144
49116 323
49270 526
49598 255
49641 920
49854 119
49929 832
50270 181
50481 745
50821 616
50945 250
51131 871
51311 398
51579 566
51739 387
51768 344
52032 935
52365 841
52595 326
52643 550
52765 524
53099 398
53276 354
53565 781
53614 261
53812 348
54067 770
54176 874
54260 758
54480 490
54552 500
54969 676
55186 503
55444 899
55858 614
56082 75
56151 120
56387 495
56623 55
56761 573
56918 675
57378 829
57600 141
57951 615
58400 145
58452 46
58774 940
59135 82
59356 241
59846 273
60273 431
60446 995
60721 823
60965 25
61404 768
61703 195
61924 520
61936 889
62266 729
62517 562
62954 610
63257 520
63531 331
63832 995
64117 585
64250 429
64258 617
64469 568
64688 915
64984 319
65325 193
65582 126
65938 540
65945 376
66079 520
66548 144
66612 548
66944 681
67383 269
67720 453
68146 945
68586 871
68866 306
69085 3
69195 33
69356 904
69468 838
69483 940
69672 47
69830 649
70113 256
70509 698
70910 459
71099 684
71463 56
71531 583
71540 454
71821 326
72267 567
72540 927
72984 452
73060 729
73301 94
73355 531
73560 758
73609 667
73884 796
74119 12
74206 156
74576 233
74722 324
74838 314
75227 798
75546 673
75728 188
76027 256
76346 753
76838 124
77261 93
77588 259
78013 755
78476 404
78751 399
78958 728
79235 157
79715 850
79955 196
80037 261
80534 804
81001 361
81497 535
81805 633
81949 602
82327 137
82674 414
82872 547
82956 324
83431 722
83792 368
84017 280
84279 413
84344 8
84648 296
84782 606
84832 204
85315 94
85684 584
86047 29
86140 486
86223 883
86673 564
86887 71
87331 382
87727 613
88101 245
88548 276
88876 26
89017 269
89177 554
89614 423
89993 843
90251 499
90464 245
90727 614
91092 696
91340 633
91469 928
91821 149
91976 499
92357 61
92728 658
92896 403
93237 621
93573 6
93660 549
93874 934
94069 948
94285 820
94381 963
94598 926
94927 933
95206 920
95636 264
95670 173
96051 833
96167 508
96412 572
96867 176
96963 585
97054 369
97121 613
97272 527
97552 738
97725 755
98075 782
98415 361
98772 241
98912 578
99164 351
99539 270
99631 985
100020 677
100298 691
100724 752
100861 36
100921 411
101245 426
101714 212
101796 285
102279 866
102313 649
102426 784
102871 510
103051 398
103481 113
103814 47
103863 447
104225 657
104294 579
104498 415
104805 531
105217 266
105695 765
105933 123
105958 445
106452 119
106499 218
106950 987
107313 267
107505 590
107694 54
108012 480
108262 363
108330 640
108800 548
108827 557
108866 882
109277 37
109600 302
109680 698
110053 150
110461 843
110645 722
111060 97
111554 216
111897 370
112031 325
112456 772
112799 989
113004 631
113272 468
113366 617
113540 13
113867 998
114024 816
114371 63
114854 515
115307 337
115425 738
115641 227
116118 122
116416 225
116639 450
117137 137
117356 410
117740 977
118179 958
118476 229
118961 251
119074 286
119108 924
119282 36
119501 257
119687 677
120184 808
120636 950
121101 503
121188 380
121664 173
121922 393
122213 287
122398 461
122520 967
122865 217
122974 918
123225 287
123646 854
123807 282
123862 698
124341 107
124593 865
124621 438
124805 233
125214 323
125416 337
125774 990
126086 88
126311 871
126338 143
126382 275
126413 592
126694 905
126917 887
127010 559
127302 148
127635 93
127642 725
127907 383
128386 351
128738 366
129081 423
129259 314
129514 809
129606 568
130082 273
130503 16
130935 407
131395 313
131542 110
131978 881
132107 540
132594 273
132726 506
133053 225
133481 363
133776 546
134169 948
134598 299
134976 45
135409 712
135568 728
135660 119
135984 499
136190 761
136375 296
136385 913
136519 293
136608 776
137083 404
137399 313
137896 180
137946 944
137966 400
138317 86
138450 415
138652 980
138723 590
138773 795
138818 515
139095 463
139500 577
139687 82
140122 555
140551 821
141030 493
141097 955
141433 236
141882 714
142199 603
142598 905
142607 205
143050 163
143447 987
143926 887
144176 515
144350 314
144395 726
144592 963
144732 255
145123 242
145496 920
145594 422
145671 98
145739 793
146089 937
146438 721
146509 586
146951 939
147237 843
147649 76
147827 176
148021 451
148472 786
148678 186
148698 199
148911 790
148970 626
149076 275
149437 350
149471 426
149614 768
149687 429
149863 32
150047 928
150484 195
150486 235
150671 394
151013 276
151103 100
151333 223
151482 891
151489 419
151747 227
152094 242
152382 764
152715 864
152981 815
153127 888
153550 664
153958 724
154387 821
154866 232
154973 645
155226 397
155598 971
155908 46
156338 635
156570 379
157001 161
157311 440
157773 290
157925 459
157977 600
158150 954
158281 164
158619 124
159111 638
159288 202
159429 865
159728 30
160146 221
160184 699
160612 543
160651 720
161002 700
161082 630
161577 466
161621 97
161654 437
161679 332
161979 730
162206 588
162390 813
162784 653
163122 390
163463 515
163768 762
163874 468
164026 293
164119 10
164616 349
164936 985
165343 731
165384 884
165468 135
165575 771
166007 672
166186 235
166428 149
166872 164
167141 573
167480 150
167647 895
167955 641
168049 807
168374 183
168452 293
168536 973
168548 252
168976 193
169169 73
169651 253
170023 323
170267 232
170502 378
170700 12
171175 78
171256 287
171742 782
172206 162
172500 580
172672 746
173108 514
173467 897
173850 578
173895 155
174220 55
174424 398
174613 898
174928 852
175066 29
175498 229
175551 28
175808 81
176213 445
176334 401
176346 589
176419 899
176470 869
176868 871
177090 888
177103 99
177574 436
177822 323
177988 129
178075 611
178154 40
178574 266
178608 357
178781 881
179181 591
179321 828
179410 431
179773 284
179922 524
179999 747
180205 182
180628 357
180936 344
181275 953
181511 856
181792 633
182240 405
182690 967
183071 248
183494 565
183913 130
184109 20
184389 121
184540 862
184862 460
185166 59
185487 456
185694 261
186094 97
186201 276
186677 780
187131 851
187223 810
187631 949
187660 666
187917 899
188315 909
188774 359
188789 224
188899 677
189241 832
189609 328
189752 154
190046 90
190171 805
190353 205
190645 276
190673 772
190716 875
191076 146
191346 237
191368 339
191441 965
191790 178
191884 921
192311 875
192687 592
192788 42
193160 794
193226 998
193525 499
193626 186
194013 261
194492 863
194560 681
194564 679
195023 56
195032 65
195042 718
195163 212
195482 99
195525 394
195870 291
196087 438
196129 569
196347 686
196381 641
196817 845
197268 831
197621 40
197876 718
198235 431
198622 738
198870 797
199097 741
199101 97
199521 491
199787 389
200250 972
200487 497
200691 162
200973 51
200990 412
201467 866
201527 994
201716 840
202072 810
202379 452
202532 412
202986 49
203196 6
203641 519
203889 424
204343 425
204540 384
205001 806
205273 490
205701 582
206152 812
206375 25
206777 828
207209 520
207528 481
208014 947
208460 882
208958 316
209402 888
209819 387
209974 745
210380 708
210444 736
210700 676
210813 372
210942 131
211033 708
211111 990
211378 22
211633 176
211884 484
211945 398
212128 121
212485 256
212489 551
212810 321
212957 456
212972 425
213068 545
213119 421
213577 361
213852 101
213886 709
213931 606
214296 603
214686 236
214729 906
215046 455
215060 350
215415 38
215865 355
216044 197
216449 390
216760 5
217227 726
217439 852
217482 978
217959 157
218302 46
218683 420
219007 547
219335 738
219561 292
219657 482
219978 905
220237 545
220367 881
220737 73
220872 366
220910 207
220956 504
220986 180
221227 14
221395 171
221425 102
221720 711
222044 250
222268 104
222538 643
222830 186
223104 108
223469 810
223963 474
224404 261
224824 961
225058 933
225290 529
225346 949
225617 452
225677 606
225954 714
226112 205
226594 767
226748 507
226952 897
227298 959
227300 425
227684 994
228133 653
228260 740
228566 725
228902 81
229029 788
229044 800
229163 152
229365 796
229797 724
230212 491
230367 338
230817 208
230833 861
230939 458
231254 209
231432 285
231664 99
232114 191
232500 981
232723 562
232729 248
233130 164
233457 599
233472 379
233772 861
234207 913
234306 772
234366 232
234682 336
235027 266
235299 50
235574 11
235648 452
235749 923
235965 651
236207 446
236656 289
236960 554
237404 641
237871 490
238121 805
238322 703
238610 525
239077 212
239507 627
239745 408
240083 30
240292 827
240532 623
240907 917
241043 237
241224 174
241486 974
241850 415
242157 663
242609 119
242842 309
243252 46
243669 758
243798 697
243990 738
244042 62
244426 526
244870 252
244944 640
245028 424
245466 532
245764 404
246017 327
246426 123
246921 725
247041 459
247058 65
247310 870
247721 765
248004 209
248255 674
248390 273
248489 162
248751 350
249152 694
249538 681
249651 372
249693 734
250042 906
250470 691
250785 101
250859 666
250941 656
251209 990
251419 105
251518 926
251907 472
252006 980
252322 725
252486 437
252695 105
252754 647
252992 205
253182 178
253237 240
253671 743
253841 20
254045 508
254383 947
254631 100
254657 698
254670 833
254754 226
255160 805
255635 144
255756 371
255880 362
255889 728
256172 401
256625 679
256945 777
257155 983
257553 832
257798 475
258187 989
258474 833
258817 602
259149 858
259563 479
259894 781
260205 907
260281 875
260415 172
260716 837
261002 511
261259 216
261403 938
261502 87
261887 691
262167 551
262506 138
262697 369
263067 50
263180 570
263444 892
263619 155
264018 505
264032 68
264370 634
264822 253
264894 421
265128 435
265307 669
265567 131
265746 85
266086 41
266197 66
266401 966
266459 638
266726 647
266990 889
267390 329
267587 832
267785 74
268017 304
268180 612
268542 796
268565 86
268797 569
268905 826
269232 899
269665 880
270148 277
270570 83
271028 383
271392 447
271527 533
271915 668
272097 175
272467 832
272706 70
272927 206
273360 491
273505 332
273535 509
273614 716
273818 26
274115 376
274266 443
274495 220
274908 190
275241 99
275602 444
275985 88
276294 511
276754 100
277044 365
277196 448
277624 598
278014 918
278068 940
278385 518
278868 232
279315 270
279652 354
279897 502
280168 159
280468 267
280769 370
280946 225
281386 277
281548 463
281868 632
282323 499
282438 692
282646 339
282961 54
283389 598
283532 753
283966 963
284019 361
284251 651
284511 68
284969 126
285187 274
285362 320
285637 677
286028 194
286182 695
286528 540
286721 113
287160 19
287243 738
287551 454
287796 488
288004 598
288428 883
288552 372
289027 168
289275 391
289495 850
289850 994
290113 495
290207 837
290302 883
290490 578
290988 258
291286 164
291784 217
292092 488
292444 36
292487 556
292946 337
293410 871
293662 427
293792 949
293930 974
294401 805
294635 133
294955 661
294963 19
295082 13
295220 838
295308 275
295336 796
295717 762
296132 851
296291 752
296385 248
296696 696
297033 886
297355 954
297785 589
298164 331
298524 401
299020 738
299230 233
299605 699
299640 929
300127 128
300489 739
300934 558
301228 210
301382 780
301611 934
301848 136
302257 122
302302 681
302657 850
302663 433
302788 4
302874 674
302992 925
303178 309
303605 349
303823 581
303867 329
303936 679
304205 450
304434 0
304625 937
304693 205
304722 227
305164 770
305202 898
305303 330
305754 377
305756 141
305906 378
306131 157
306494 889
306862 816
306971 877
307218 759
307381 956
307760 712
308206 896
308664 952
308725 803
309086 201
309436 927
309701 605
309852 536
310225 607
310682 198
311063 644
311106 502
311335 307
311524 956
311557 708
312013 826
312222 806
312582 338
312961 846
313031 482
313055 844
313259 580
313483 715
313541 197
313701 33
313898 86
314236 484
314529 138
314924 969
314971 858
315309 9
315650 98
316057 407
316274 575
316400 579
316428 302
316639 468
317080 875
317171 1
317207 505
317224 469
317519 713
317996 180
318421 746
318495 947
318797 827
319275 290
319737 772
320085 362
320258 952
320728 405
320855 366
321291 139
321411 57
321481 314
321761 176
322152 154
322596 738
322763 741
323005 485
323349 90
323504 646
323693 238
323901 78
324200 766
324215 543
324300 286
324754 45
324966 151
325017 566
325249 666
325619 249
326029 632
326523 156
326709 474
327029 63
327310 955
327664 945
327760 128
327772 795
328219 55
328387 67
328557 247
328613 766
328811 216
328976 864
329417 75
329474 703
329827 103
330257 81
330545 503
330617 142
330845 855
330888 653
331379 111
331602 879
331685 787
332157 508
332174 59
332310 434
332447 607
332595 158
332935 413
333365 390
333622 722
333857 94
333969 618
334086 685
334322 324
334490 457
334707 786
334874 602
335160 283
335215 609
335385 385
335406 618
335902 341
336289 676
336666 638
336699 272
336879 539
337061 587
337139 602
337274 631
337737 610
337781 362
337979 426
338461 971
338815 76
339104 51
339334 623
339668 454
340150 446
340215 721
340257 197
340753 445
341121 359
341137 895
341618 305
341880 889
342337 615
342462 313
342482 217
342623 751
342769 865
343170 755
343414 472
343518 455
343977 341
344064 3
344332 169
344555 276
344819 481
344904 492
345297 698
345487 702
345643 634
345651 356
346077 301
346130 146
346212 910
346663 656
346854 112
346909 302
347135 287
347287 993
347515 754
347649 986
347766 441
348005 23
348074 861
348436 453
348683 742
349087 349
349108 917
349355 210
349768 398
350200 211
350455 977
350711 966
350843 820
351322 722
351608 229
351962 810
352297 188
352713 810
352738 560
352869 546
353019 74
353466 346
353962 392
354239 820
354634 422
354650 302
354849 546
354982 665
355164 228
355357 941
355585 96
355960 129
356102 586
356571 336
356644 204
357085 450
357224 779
357621 271
357706 353
357751 962
358138 124
358270 175
358605 534
359025 38
359406 228
359895 221
360057 732
360231 611
360390 290
360863 466
361109 830
361567 774
361871 713
361893 780
361926 137
362297 842
362427 9
362435 933
362706 859
363191 307
363234 951
363497 413
363838 879
363850 3
363934 972
364168 665
364568 386
364787 412
364836 485
364932 166
365242 936
365246 885
365718 26
366127 490
366569 791
366967 973
367338 326
367531 427
367633 412
367847 375
368038 900
368058 187
368201 480
368500 387
368982 792
369258 588
369622 563
369858 675
370152 292
370234 476
370275 963
370499 826
370643 837
370769 495
370893 685
371328 635
371620 912
372031 873
372226 422
372356 357
372463 816
372936 944
373125 420
373434 969
373790 785
374012 797
374385 896
374696 38
375062 878
375328 984
375609 405
375918 149
376076 442
376087 709
376519 284
376552 79
376602 13
376614 480
376830 643
377054 147
377267 895
377739 177
378134 568
378241 525
378463 749
378717 10
378794 129
378873 472
379158 182
379248 436
379481 249
379738 568
379869 540
379893 697
379984 498
380406 613
380602 789
380997 186
381175 6
381530 804
381907 222
382313 911
382488 974
382679 923
382757 565
382936 624
383343 875
383439 78
383646 241
384033 600
384402 621
384508 135
384712 5
384872 767
384877 35
385162 768
385290 387
385629 609
385809 63
386074 518
386387 891
386458 443
386841 336
387101 182
387389 297
387780 319
388239 997
388465 329
388466 777
388514 14
388919 669
389309 69
389337 462
389675 418
389937 211
390405 153
390456 79
390753 869
390960 119
390986 994
391193 835
391349 335
391765 768
392097 835
392369 762
392793 357
393008 632
393221 488
393267 106
393720 619
393878 843
394264 419
394725 370
394869 339
395113 341
395279 906
395367 647
395487 10
395694 907
396116 960
396450 694
396608 102
396770 745
397065 421
397490 498
397510 169
397680 813
397973 264
398064 878
398365 673
398474 937
398763 397
399054 822
399257 0
399621 252
400101 400
400574 279
400824 274
400836 94
401183 877
401478 735
401501 934
401775 635
401874 734
402130 803
402333 734
402703 988
402768 325
403173 539
403335 541
403730 287
404201 739
404483 445
404489 592
404758 709
404992 132
405213 516
405246 995
405321 265
405685 666
405719 137
405918 810
405980 532
406047 937
406082 462
406321 862
406695 422
406995 316
407428 616
407882 408
408044 378
408313 770
408760 607
409142 46
409578 495
409933 942
410248 113
410623 758
410945 888
411292 716
411466 175
411755 100
412053 181
412260 465
412658 326
413094 123
413445 414
413891 599
413901 659
414223 895
414299 358
414717 787
414952 590
415224 117
415462 242
415878 828
416086 412
416550 15
416846 346
417086 392
417421 355
417678 377
418062 409
418550 792
418584 622
418927 223
419417 525
419422 453
419479 557
419763 593
420162 404
420372 216
420780 352
420895 412
421243 713
421645 371
421679 320
422052 839
422416 725
422731 799
422904 319
422915 329
423336 34
423727 959
424022 354
424298 390
424677 976
424980 577
425143 840
425637 26
425913 794
426111 623
426168 146
426398 846
426833 94
427155 219
427361 669
427634 258
427985 332
428093 296
428436 771
428779 446
429152 295
429163 76
429230 13
429281 689
429684 500
429840 924
430163 776
430547 518
430982 415
431350 284
431392 286
431662 789
431971 760
432013 306
432278 773
432654 280
432688 777
432865 203
433260 459
433706 599
434185 206
434446 607
434937 294
434999 853
435353 863
435421 795
435495 681
435787 769
436007 671
436045 974
436266 829
436392 513
436695 610
437053 398
437087 611
437586 29
437994 522
438311 800
438718 762
439044 526
439356 792
439516 777
439752 906
440025 915
440313 623
440757 23
440983 144
441250 60
441626 254
441855 823
442287 457
442713 682
443203 490
443444 796
443570 138
443730 880
444195 644
444523 404
444798 204
444957 129
445370 210
445446 282
445622 689
445792 108
446263 802
446729 808
446858 786
447103 240
447240 975
447258 530
447314 359
447518 43
447520 67
447743 555
447878 769
448220 101
448709 838
448900 334
449163 726
449384 471
449647 376
449786 789
449866 771
449880 438
450252 67
450736 859
450948 379
451399 431
451621 352
452114 719
452174 672
452584 101
452838 204
453055 38
453520 879
453774 459
453901 789
454025 417
454305 279
454733 307
454905 825
454988 773
455089 70
455191 651
455401 192
455585 544
456017 191
456339 375
456536 82
456742 327
457223 924
457616 218
457972 36
458289 275
458446 492
458737 662
458895 750
459112 522
459522 640
459608 244
460024 545
460418 697
460786 436
460822 133
461080 487
461309 481
461514 248
461863 126
462004 335
462204 601
462617 985
462748 146
463115 699
463449 557
463618 843
464019 173
464212 592
464647 125
464661 945
464790 548
465005 719
465019 845
465502 729
465987 253
466019 374
466445 893
466624 118
466644 95
467052 709
467378 158
467654 456
467819 941
467843 204
467876 78
467950 326
468262 582
468285 656
468498 14
468690 400
468823 451
469209 121
469381 134
469500 386
469614 57
469661 883
469768 649
469937 548
470231 390
470607 658
470840 902
471332 95
471574 30
471949 914
471971 137
472127 312
472421 89
472637 934
472748 674
472907 453
473272 416
473439 948
473471 677
473719 656
473752 250
473908 536
473984 299
474299 639
474463 383
474739 375
474998 868
475341 110
475819 123
475841 180
476239 365
476555 529
476945 970
477183 847
477506 975
477757 715
477869 819
477994 380
478053 883
478062 449
478194 573
478606 787
478826 514
479274 398
479592 942
479880 435
480033 211
480515 89
480605 443
481073 830
481282 442
481554 646
481684 798
481697 380
482037 46
482451 949
482760 656
483127 61
483211 634
483440 808
483727 37
483848 884
483972 209
484459 432
484785 912
484915 73
485091 809
485450 616
485753 746
486251 290
486647 827
486766 412
487007 976
487243 654
487547 933
487777 187
488262 706
488297 221
488754 46
489080 568
489559 916
489879 313
490241 360
490705 334
490758 926
491070 900
491446 865
491602 237
492022 787
492467 453
492826 354
493146 692
493176 713
493632 975
494011 567
494282 718
494523 185
494538 210
494810 961
495081 653
495524 170
495800 641
495817 867
496256 878
496582 771
496747 375
496809 972
496842 186
497184 981
497264 446
497537 706
497619 33
498064 197
498185 437
498264 787
498309 46
498787 645
499130 994
499385 567
499820 167
499989 203
500259 465
500347 610
500672 863
500967 814
501121 141
501380 475
501466 412
501801 417
502225 831
502327 941
502765 163
503057 566
503135 99
503201 29
503334 473
503450 810
503919 410
504128 591
504264 13
504466 584
504543 926
504572 329
504741 732
505114 189
505395 952
505460 442
505517 718
505521 273
505929 143
506080 85
506388 537
506835 556
507309 316
507382 222
507546 554
507949 485
508189 866
508595 820
508893 561
508898 163
509154 141
509456 630
509885 614
510336 678
510714 208
511095 375
511467 659
511932 694
512420 80
512878 306
513194 724
513589 116
513883 606
514351 189
514434 948
514609 682
514653 958
514808 949
515093 216
515406 331
515617 392
515969 170
515994 638
516426 28
516784 782
516951 353
517203 127
517437 97
517803 408
517946 902
518123 640
518414 445
518712 897
518909 171
518965 24
519215 539
519422 209
519776 468
520199 575
520447 566
520625 833
521085 865
521565 391
522046 695
522445 250
522743 155
523188 182
523487 489
523527 996
523857 194
523867 164
524233 437
524419 444
524871 222
524881 404
525275 378
525393 709
525514 198
525564 206
526010 900
526237 491
526264 347
526600 656
527018 755
527344 499
527818 674
528149 684
528204 38
528268 18
528397 149
528607 49
528870 659
529249 770
529677 860
530165 752
530544 433
530665 816
531055 919
531290 619
531626 126
531684 624
532084 782
532237 912
532646 437
533111 81
533403 353
533468 113
533474 891
533915 872
534290 861
534601 512
534748 869
534911 77
535304 801
535651 462
536114 814
536156 729
536453 394
536773 417
537188 573
537436 418
537899 630
538164 941
538424 416
538830 273
538968 438
539360 572
539513 115
539837 95
540295 346
540573 845
540653 643
540939 758
540958 216
541045 870
541439 674
541582 717
541734 820
542062 826
542179 472
542228 513
542683 886
542726 218
543094 313
543553 83
543988 764
544109 515
544277 2
544553 554
544641 424
544812 853
545168 61
545247 533
545606 985
545990 192
546032 283
546083 972
546267 321
546753 107
547069 892
547164 506
547491 436
547501 995
547719 575
547993 617
548439 470
548795 955
549109 246
549446 615
549454 868
549803 300
550288 673
550623 292
550946 779
551409 540
551894 433
551992 406
552219 192
552641 31
553011 462
553026 636
553492 745
553787 563
554282 267
554370 8
554437 879
554591 106
554866 980
555064 199
555443 326
555812 730
556191 937
556259 215
556323 983
556446 871
556668 279
556921 380
556933 99
557404 16
557586 121
557598 502
557764 609
558039 314
558043 752
558079 335
558324 805
558371 429
558842 311
559120 926
559398 430
559583 837
560051 752
560481 37
560828 877
561029 816
561479 906
561887 236
562144 369
562418 525
562478 624
562908 614
563122 956
563144 372
563277 603
563425 826
563441 670
563772 971
563983 525
563987 119
564188 412
564655 305
564814 753
565084 836
565145 92
565325 245
565682 222
566111 146
566199 904
566457 446
566710 817
566845 540
567088 936
567343 912
567573 520
567588 865
568054 967
568139 251
568498 712
568541 842
568943 449
568986 521
569321 947
569654 850
570079 187
570226 359
570228 569
570678 493
570930 412
571132 968
571598 437
572014 865
572215 4
572273 124
572631 205
573114 522
573440 55
573462 326
573463 713
573551 855
574001 474
574108 905
574129 115
574328 549
574591 806
574849 461
574970 351
575132 647
575309 443
575694 73
576017 739
576314 303
576710 640
577024 797
577200 807
577525 254
577665 867
577744 324
578235 560
578671 511
578853 392
579339 609
579710 299
579838 99
580209 29
580294 392
580677 768
581024 562
581227 325
581406 762
581472 12
581480 413
581920 177
582288 864
582656 613
582843 103
582845 349
583200 748
583523 970
583946 392
584445 20
584836 767
585229 480
585393 197
585795 690
586275 938
586626 977
586801 584
586878 91
587101 892
587452 825
587949 709
588035 708
588263 823
588601 305
588708 678
588870 0
589092 114
589331 775
589486 285
589718 273
589829 169
589953 577
590329 405
590662 202
590810 373
590823 293
590864 202
591133 25
591472 846
591592 358
591678 241
592079 287
592439 580
592738 7
592761 872
592876 215
592937 809
593421 529
593659 172
594071 850
594170 119
594636 402
594696 474
594909 802
595069 669
595148 494
595603 964
595993 632
596264 381
596583 591
596709 872
597112 378
597452 777
597905 159
598379 733
598383 150
598809 943
599084 975
599292 980
599680 739
600004 937
600120 561
600571 15
600667 447
600865 834
600884 652
601237 846
601252 388
601563 938
601836 573
602171 558
602532 525
602782 276
603031 919
603159 277
603487 907
603594 892
603828 118
604282 664
604564 306
604812 605
605291 206
605516 989
605813 75
606276 143
606599 599
606949 372
607011 203
607334 625
607395 905
607846 781
608252 119
608588 282
608706 583
609179 803
609623 445
609826 848
610151 860
610569 247
611036 765
611231 584
611412 92
611890 489
612037 604
612094 418
612348 19
612447 323
612516 875
612818 376
613046 552
613135 348
613633 589
613731 650
613955 35
614403 385
614802 289
615286 165
615476 926
615802 678
616066 770
616114 41
616508 297
616689 929
616775 969
616927 632
617187 487
617677 520
617715 178
617799 526
617905 68
618360 14
618538 881
618627 739
619030 834
619238 338
619540 514
619729 396
620134 744
620296 985
620652 632
620960 236
621019 598
621396 196
621784 926
622144 990
622641 634
622643 352
622900 184
622945 322
622954 510
623284 624
623296 41
623306 837
623698 345
624109 500
624598 441
624965 98
624984 493
625130 817
625339 17
625742 415
626067 813
626450 166
626948 860
627192 16
627376 151
627695 395
627790 660
627906 978
627909 56
628147 985
628395 215
628436 537
628789 377
628966 128
629162 163
629433 46
629921 312
630027 975
630112 702
630608 543
631034 632
