#io generator
#numio=1000 maxtracks=32 lambda=0.010000
1 3
4 10
6 13
13 21
19 12
20 0
23 14
30 27
35 30
40 11
46 8
48 25
52 28
59 26
60 2
67 10
71 9
74 29
79 11
83 17
89 26
93 8
95 16
98 26
100 8
105 1
110 16
117 17
123 0
127 2
131 25
134 16
138 27
143 29
147 7
148 0
149 19
155 27
162 7
169 22
175 27
177 16
184 24
188 15
192 2
199 30
200 19
206 16
207 29
211 14
215 12
218 9
220 2
221 10
225 3
226 18
231 6
235 24
236 19
243 24
248 21
250 27
254 25
256 4
257 12
261 18
266 28
271 24
278 10
279 2
282 24
288 21
290 16
296 30
299 19
303 2
310 14
315 21
321 25
328 6
330 15
337 7
338 21
340 4
344 6
347 9
354 4
359 15
366 18
372 19
373 30
376 20
380 4
383 12
388 22
392 17
399 20
400 8
406 6
412 31
417 2
424 26
429 13
435 9
437 12
440 7
446 2
452 0
456 7
457 30
461 21
468 7
475 4
482 31
488 0
495 19
500 12
503 0
508 26
511 29
516 17
522 22
528 6
535 11
542 26
546 24
553 19
560 29
564 21
571 17
573 20
580 21
585 19
588 3
592 5
597 10
604 23
606 21
613 8
619 3
624 19
626 15
633 5
640 14
643 18
646 3
647 0
651 10
655 25
661 21
666 6
668 22
671 13
675 18
676 22
678 20
683 7
689 20
694 7
695 2
697 13
704 24
709 23
715 16
718 22
724 7
725 6
731 24
733 29
736 19
740 4
746 11
752 17
756 0
761 30
764 23
771 6
773 20
780 27
784 18
790 23
795 0
799 15
801 13
808 28
815 2
821 11
827 10
834 28
841 29
843 21
849 16
852 29
856 1
859 11
865 6
867 9
872 20
877 19
881 21
886 10
890 20
897 13
901 28
906 9
911 8
913 6
919 8
924 26
929 2
933 29
936 28
940 2
944 7
949 9
956 31
958 14
963 9
970 7
971 20
975 30
982 28
983 23
984 27
988 28
995 5
1001 11
1004 13
1009 20
1016 17
1018 0
1023 18
1030 29
1036 17
1039 23
1042 11
1048 6
1052 22
1058 12
1063 29
1064 31
1071 19
1074 20
1076 15
1080 25
1084 27
1090 7
1093 23
1094 7
1096 20
1103 24
1109 30
1113 17
1118 28
1119 20
1120 21
1124 8
1131 1
1137 23
1141 18
1147 5
1149 0
1152 18
1157 11
1159 21
1160 10
1161 23
1168 21
1169 1
1171 26
1175 18
1181 21
1184 16
1186 5
1187 10
1190 4
1195 31
1201 3
1203 15
1205 20
1210 0
1215 22
1222 11
1228 31
1233 20
1237 6
1240 8
1245 29
1249 26
1256 22
1257 12
1263 28
1265 21
1272 22
1273 9
1275 24
1277 0
1280 7
1282 9
1283 0
1290 26
1291 11
1298 8
1303 23
1305 11
1312 20
1313 25
1319 22
1326 2
1332 11
1334 19
1337 18
1343 15
1347 21
1352 28
1358 19
1359 14
1361 13
1367 6
1374 31
1380 24
1386 27
1392 19
1393 30
1399 26
1402 14
1407 28
1414 10
1418 27
1419 0
1423 17
1426 10
1432 17
1434 24
1439 5
1443 14
1446 10
1451 19
1453 16
1456 22
1463 2
1467 29
1470 7
1476 15
1479 25
1486 0
1487 10
1493 24
1498 16
1501 25
1507 26
1510 6
1513 0
1516 30
1519 6
1526 16
1532 26
1539 1
1543 11
1547 17
1551 21
1553 12
1555 26
1561 4
1568 21
1575 10
1582 13
1584 11
1586 25
1590 9
1592 12
1593 14
1598 17
1605 1
1612 16
1617 19
1623 1
1630 20
1636 1
1640 17
1646 13
1649 5
1655 25
1662 11
1664 23
1665 15
1666 27
1667 29
1674 22
1678 18
1682 20
1685 4
1688 17
1693 0
1697 15
1700 31
1705 6
1711 21
1715 27
1722 10
1725 16
1732 14
1737 26
1740 12
1743 31
1750 1
1753 17
1758 19
1759 31
1763 28
1764 11
1768 24
1769 15
1771 28
1775 6
1777 9
1783 22
1786 23
1790 16
1791 19
1792 10
1796 27
1800 19
1803 12
1809 25
1816 18
1819 22
1821 10
1823 17
1828 19
1832 13
1834 1
1835 27
1839 12
1842 19
1847 26
1848 15
1850 26
1857 23
1862 21
1863 25
1870 3
1873 6
1878 2
1884 8
1888 3
1890 21
1897 28
1900 16
1905 9
1910 6
1915 17
1917 6
1923 1
1926 20
1927 11
1933 17
1937 13
1942 12
1947 4
1950 0
1956 15
1963 28
1970 12
1974 8
1980 28
1985 29
1986 27
1992 8
1994 13
1997 20
1998 30
1999 19
2003 18
2005 23
2007 17
2011 6
2014 16
2018 0
2024 23
2030 21
2033 22
2040 8
2043 5
2047 28
2051 6
2055 13
2060 4
2067 27
2069 13
2074 15
2080 6
2086 31
2092 20
2097 7
2099 17
2103 26
2108 3
2113 10
2115 24
2122 23
2125 0
2131 13
2138 27
2143 10
2147 6
2148 22
2150 0
2155 4
2160 9
2163 0
2169 29
2175 18
2179 28
2181 11
2187 2
2193 25
2199 6
2204 22
2211 0
2212 2
2213 29
2216 5
2220 17
2226 29
2233 26
2239 21
2241 27
2243 7
2244 19
2251 9
2254 25
2255 18
2258 26
2261 16
2265 22
2272 30
2278 17
2281 22
2284 12
2288 6
2289 17
2292 24
2294 2
2300 18
2303 17
2308 1
2312 16
2316 18
2318 16
2325 4
2328 26
2332 28
2334 23
2338 8
2339 1
2343 3
2349 17
2351 26
2355 12
2357 3
2364 30
2365 7
2368 4
2370 16
2374 5
2377 16
2383 19
2389 3
2391 6
2397 15
2403 5
2405 12
2409 22
2412 16
2417 19
2422 3
2428 2
2433 12
2435 21
2442 24
2445 16
2451 14
2453 31
2457 23
2458 10
2459 31
2462 16
2464 1
2465 26
2469 14
2471 30
2472 12
2476 19
2481 8
2485 13
2490 1
2492 4
2495 8
2500 3
2503 31
2505 13
2508 26
2514 16
2518 2
2525 1
2528 26
2530 25
2533 28
2536 20
2539 27
2541 13
2542 15
2548 13
2555 28
2557 10
2561 2
2562 22
2563 0
2569 18
2575 0
2577 7
2584 25
2591 9
2596 7
2601 26
2606 17
2608 26
2611 4
2618 23
2621 16
2627 18
2631 31
2633 24
2640 1
2642 26
2647 2
2654 15
2661 7
2662 6
2669 30
2676 16
2677 24
2684 11
2689 23
2695 6
2699 14
2705 17
2710 19
2714 25
2721 11
2727 20
2730 26
2731 12
2733 18
2734 16
2738 13
2740 17
2746 31
2748 20
2749 28
2752 26
2756 31
2761 17
2763 16
2764 24
2766 10
2767 13
2771 24
2774 26
2776 0
2778 17
2782 1
2786 27
2791 22
2796 25
2801 6
2806 10
2807 8
2814 17
2820 3
2822 13
2825 17
2826 0
2832 15
2836 4
2840 14
2846 8
2847 20
2854 12
2856 10
2860 17
2861 3
2863 9
2866 13
2871 28
2878 24
2885 18
2889 0
2894 19
2898 26
2899 1
2904 13
2906 10
2909 20
2913 22
2914 4
2921 10
2924 6
2929 28
2936 20
2942 22
2947 26
2949 10
2955 31
2962 14
2968 2
2971 15
2974 23
2980 28
2983 13
2987 19
2991 15
2998 31
3003 22
3010 21
3012 23
3014 2
3018 20
3021 13
3026 10
3032 14
3035 11
3042 29
3048 25
3052 5
3055 3
3060 28
3065 19
3071 8
3073 19
3074 29
3076 17
3078 28
3084 6
3086 8
3090 5
3095 0
3102 5
3103 11
3105 29
3106 11
3111 26
3112 7
3113 18
3118 12
3121 31
3128 26
3135 25
3136 2
3140 15
3142 9
3146 8
3149 23
3153 24
3158 27
3159 9
3164 16
3170 17
3174 29
3178 15
3184 13
3187 21
3190 19
3196 2
3198 19
3200 26
3202 29
3206 31
3212 24
3214 15
3220 8
3224 29
3230 16
3234 9
3237 29
3242 2
3245 8
3251 14
3253 28
3259 31
3260 20
3262 3
3263 10
3270 0
3274 11
3277 20
3282 9
3285 5
3291 22
3295 24
3298 19
3299 20
3302 19
3304 13
3311 17
3313 20
3315 16
3317 7
3324 12
3329 17
3336 31
3337 25
3342 24
3346 2
3349 22
3354 27
3356 23
3357 24
3362 23
3368 1
3371 5
3376 29
3380 30
3386 28
3390 10
3397 18
3399 5
3401 31
3408 28
3410 19
3416 5
3423 16
3426 21
3427 4
3431 9
3435 21
3442 13
3443 30
3444 2
3448 17
3449 27
3450 15
3456 4
3459 29
3462 31
3467 20
3474 6
3478 13
3479 2
3484 21
3490 22
3497 21
3499 1
3500 28
3502 23
3504 26
3508 13
3509 16
3515 6
3516 16
3519 22
3525 24
3529 11
3533 7
3536 16
3542 25
3546 3
3551 20
3554 13
3561 9
3563 16
3567 5
3572 23
3577 27
3578 6
3582 30
3589 10
3592 8
3598 22
3603 11
3607 16
3614 21
3615 17
3619 14
3622 19
3628 30
3629 21
3635 19
3639 0
3645 1
3652 22
3654 14
3661 7
3662 21
3666 22
3667 17
3670 11
3674 30
3678 29
3682 9
3688 21
3690 17
3694 27
3698 22
3702 12
3705 31
3707 23
3708 1
3710 26
3711 28
3712 19
3719 23
3723 16
3728 2
3734 16
3740 2
3742 30
3748 20
3749 12
3754 14
3758 25
3760 22
3765 18
3767 20
3769 27
3770 30
3777 15
3782 1
3786 0
3793 20
3800 19
3806 8
3811 18
3816 1
3817 16
3823 7
3826 3
3830 12
3833 7
3835 10
3836 26
3837 11
3838 31
3845 26
3851 6
3854 13
3860 16
3863 1
3865 17
3867 23
3872 25
3878 1
3879 2
3882 16
3884 7
3888 16
3892 19
3897 18
3901 17
3904 24
3910 20
3914 8
3919 19
3923 7
3929 8
3936 21
3943 27
3944 11
3946 15
3950 29
3951 17
3956 24
3958 5
3965 10
3969 28
3971 6
3974 26
3977 11
3979 0
3980 9
3987 13
3992 7
3999 9
4000 29
4003 22
4008 8
4014 31
4017 22
4019 14
4020 6
4025 14
4030 17
4037 1
4042 8
4048 17
4055 8
4056 6
4057 17
4059 3
