#io generator
#numio=10000 maxtracks=32 lambda=10.000000
1 21
3 31
5 24
10 5
16 20
18 2
20 25
24 23
28 5
31 29
38 21
39 11
48 18
49 22
51 16
54 14
55 29
56 2
57 14
59 10
62 15
64 21
68 16
70 31
78 24
85 10
87 20
89 24
90 16
91 4
93 30
95 8
96 23
104 13
105 0
107 14
119 13
121 30
124 9
126 10
131 13
133 21
139 0
143 17
150 12
153 7
156 17
157 22
164 6
172 11
174 30
177 9
182 17
184 16
189 21
190 9
195 25
197 14
200 2
203 30
205 0
210 29
216 14
217 10
221 20
222 30
227 24
232 21
233 7
234 15
235 6
244 16
246 17
247 15
249 2
255 0
258 20
261 24
262 17
264 5
266 26
267 1
271 16
274 1
278 0
280 12
284 28
287 16
289 10
293 30
294 25
296 15
300 31
305 25
308 30
310 23
312 0
319 24
324 26
335 21
338 16
342 18
344 17
345 4
347 5
349 19
350 10
352 4
353 1
358 11
361 19
366 31
370 22
372 4
373 20
375 15
378 6
380 14
384 23
390 5
393 1
394 6
397 8
407 25
423 31
425 22
427 24
429 13
431 6
436 27
438 22
440 19
444 11
446 3
449 27
450 16
451 20
453 2
462 10
464 24
465 11
467 1
468 24
470 19
471 10
474 4
476 9
478 13
491 29
492 31
495 23
496 28
501 3
507 17
509 30
516 8
517 3
520 24
523 1
526 31
528 23
532 15
539 12
540 26
541 20
544 1
550 14
552 28
555 18
558 21
560 27
561 12
563 15
565 12
566 8
568 3
570 20
571 30
572 0
574 7
575 21
577 13
578 7
580 4
585 6
596 11
598 19
602 5
612 9
613 3
624 17
626 20
628 2
631 31
635 5
636 2
639 16
649 31
650 10
652 3
655 15
656 23
661 2
664 17
669 25
670 1
671 15
675 23
679 30
680 11
686 15
691 8
702 14
706 2
711 0
712 24
713 17
716 20
717 18
718 4
720 10
724 15
725 27
729 23
730 30
733 28
736 26
740 25
741 11
743 3
744 22
745 31
749 3
751 19
752 2
753 24
760 7
765 31
767 25
773 15
779 4
782 5
783 3
785 18
787 30
789 20
790 23
793 8
795 0
796 18
806 19
809 18
812 23
814 25
815 30
816 18
818 5
819 27
822 28
828 0
830 30
831 4
837 12
840 22
841 12
847 16
852 28
859 15
860 16
862 26
863 1
865 25
867 22
868 10
872 15
873 7
874 22
875 10
876 7
881 24
883 17
885 23
887 30
889 13
892 26
893 19
897 17
900 13
903 19
904 9
906 4
909 24
916 13
918 14
921 16
922 26
923 7
924 19
933 31
936 19
941 31
942 29
944 6
949 3
950 29
953 27
955 10
959 2
964 8
965 3
967 21
968 24
970 23
972 17
974 7
975 14
979 12
981 2
982 17
984 14
985 3
987 6
989 24
990 30
991 24
992 9
993 26
995 12
998 2
1000 12
1004 3
1007 29
1009 28
1010 21
1011 9
1016 19
1020 27
1021 29
1034 24
1035 18
1040 30
1043 21
1048 15
1050 24
1052 13
1055 25
1059 9
1061 29
1067 17
1071 2
1073 30
1074 19
1075 15
1078 0
1079 8
1083 29
1084 20
1087 8
1094 25
1103 27
1106 17
1108 2
1110 6
1116 19
1117 6
1118 30
1120 2
1128 28
1130 8
1133 16
1135 12
1142 11
1148 7
1151 15
1152 11
1154 21
1168 24
1170 19
1173 12
1184 16
1185 30
1186 1
1188 28
1190 26
1194 29
1198 25
1200 8
1202 31
1206 8
1217 19
1222 18
1224 29
1225 1
1230 28
1231 27
1233 2
1234 4
1245 1
1254 27
1262 21
1263 30
1265 15
1268 30
1269 13
1273 2
1276 14
1278 11
1280 16
1282 5
1284 10
1286 6
1287 5
1289 2
1297 5
1301 29
1303 8
1306 22
1307 15
1308 4
1309 2
1311 7
1312 19
1317 29
1318 25
1319 2
1322 16
1327 12
1335 17
1337 22
1348 5
1349 14
1360 16
1368 7
1371 19
1372 3
1373 0
1374 29
1375 4
1379 3
1381 15
1384 27
1385 31
1391 9
1392 16
1393 4
1395 21
1396 27
1397 7
1398 11
1399 19
1400 11
1403 0
1407 16
1412 10
1413 6
1417 16
1420 3
1426 20
1427 9
1429 12
1430 30
1432 15
1433 31
1434 11
1437 13
1439 26
1440 20
1441 24
1442 13
1445 26
1446 5
1449 1
1451 7
1453 8
1454 1
1459 8
1463 4
1466 21
1469 24
1470 27
1473 31
1476 22
1483 6
1488 23
1489 30
1492 8
1494 16
1496 27
1497 22
1499 0
1500 11
1514 1
1515 24
1518 9
1525 20
1536 15
1537 6
1539 15
1544 6
1547 17
1550 11
1552 8
1555 26
1562 11
1564 3
1566 17
1569 19
1572 29
1574 8
1578 16
1597 9
1598 6
1599 4
1602 3
1603 9
1604 7
1606 5
1614 1
1615 18
1620 21
1625 26
1627 5
1628 0
1629 24
1633 21
1634 7
1639 17
1645 2
1646 31
1647 2
1649 6
1653 18
1655 26
1659 16
1663 0
1665 22
1667 0
1674 19
1675 28
1677 1
1681 6
1692 25
1693 28
1695 18
1700 10
1701 1
1702 8
1704 9
1713 0
1719 19
1722 26
1725 21
1726 28
1728 8
1730 11
1732 18
1733 10
1735 16
1738 28
1751 6
1752 29
1756 4
1759 2
1765 13
1766 26
1770 1
1773 6
1775 10
1779 25
1780 15
1781 12
1783 20
1787 2
1789 7
1796 23
1797 9
1808 14
1810 17
1811 18
1812 1
1814 10
1815 1
1817 21
1823 27
1826 4
1827 0
1828 16
1834 20
1842 28
1844 15
1845 1
1846 17
1849 28
1860 24
1861 1
1862 14
1867 6
1869 13
1871 20
1872 5
1873 3
1876 23
1879 20
1886 7
1889 21
1892 22
1894 15
1896 29
1898 19
1899 31
1901 23
1905 9
1907 1
1908 11
1910 14
1912 25
1913 13
1914 6
1916 11
1919 19
1920 24
1921 3
1925 14
1931 4
1933 16
1938 27
1940 15
1942 2
1947 3
1954 12
1956 13
1957 10
1960 27
1961 2
1970 9
1971 28
1972 7
1973 20
1974 9
1975 1
1978 4
1980 8
1981 23
1982 11
1983 29
1984 30
1988 22
1989 25
1993 22
1994 2
1995 14
1997 17
2000 21
2006 0
2008 16
2009 24
2010 9
2018 20
2019 25
2024 19
2025 24
2029 27
2030 29
2031 27
2032 3
2033 1
2035 22
2038 1
2039 25
2040 23
2043 1
2045 12
2048 31
2049 17
2053 28
2054 5
2057 30
2061 6
2063 28
2064 5
2066 8
2068 26
2072 20
2073 1
2075 24
2082 9
2084 23
2085 17
2091 29
2092 13
2094 9
2097 28
2103 18
2104 2
2117 19
2118 18
2119 23
2121 21
2125 18
2126 5
2127 26
2128 9
2129 16
2130 7
2133 15
2140 22
2141 17
2142 27
2147 3
2149 24
2154 15
2155 10
2157 20
2158 4
2159 19
2160 24
2161 27
2163 11
2164 0
2169 26
2170 13
2172 17
2177 1
2180 17
2182 3
2184 10
2187 7
2192 16
2193 30
2195 25
2199 7
2200 0
2203 14
2207 6
2216 23
2217 25
2223 19
2231 6
2237 14
2238 27
2240 31
2243 11
2244 25
2245 9
2246 15
2249 21
2250 13
2251 19
2252 25
2253 30
2266 25
2267 4
2268 25
2281 0
2282 18
2283 9
2289 7
2293 10
2294 29
2308 4
2309 30
2310 23
2311 6
2312 21
2313 28
2314 12
2319 18
2321 10
2326 14
2334 4
2336 19
2338 23
2340 18
2344 2
2345 16
2346 5
2352 14
2354 10
2355 7
2361 22
2362 31
2364 26
2370 24
2371 22
2372 1
2373 4
2375 10
2384 15
2386 16
2390 13
2391 16
2394 27
2397 21
2398 3
2400 5
2406 19
2412 1
2416 11
2419 9
2420 6
2421 1
2422 20
2423 17
2431 16
2434 22
2435 16
2436 29
2438 1
2439 20
2441 15
2442 10
2445 26
2446 7
2450 2
2455 28
2456 3
2457 12
2459 7
2462 16
2468 11
2469 1
2474 6
2475 21
2476 26
2477 10
2478 22
2479 19
2480 26
2481 20
2487 8
2488 1
2489 7
2491 3
2492 9
2493 1
2501 28
2506 14
2507 22
2510 16
2512 0
2517 28
2524 5
2525 0
2526 23
2527 21
2528 20
2535 30
2541 10
2546 6
2551 11
2552 5
2553 26
2557 8
2561 11
2573 23
2575 29
2580 8
2581 7
2582 17
2583 23
2586 4
2594 5
2595 9
2597 2
2604 14
2605 21
2606 23
2616 17
2620 4
2630 13
2631 30
2633 1
2638 11
2643 6
2644 27
2646 22
2648 28
2658 12
2668 17
2670 3
2672 14
2680 13
2682 16
2683 9
2684 20
2689 17
2690 11
2691 0
2692 21
2698 27
2700 10
2704 6
2705 31
2709 17
2711 8
2714 20
2716 14
2719 21
2722 29
2724 9
2730 22
2738 7
2746 29
2748 7
2754 26
2756 28
2758 6
2760 29
2767 6
2769 12
2771 3
2772 0
2774 23
2775 13
2777 15
2779 18
2780 24
2782 22
2784 21
2785 5
2787 13
2788 6
2792 22
2797 30
2799 11
2808 9
2812 16
2817 10
2818 23
2825 21
2826 20
2828 7
2829 3
2830 31
2831 24
2832 14
2833 9
2834 17
2836 9
2837 19
2844 10
2846 22
2851 11
2854 14
2855 22
2864 9
2869 11
2872 0
2874 29
2875 30
2876 1
2877 22
2878 0
2880 20
2882 11
2883 31
2885 21
2888 3
2889 15
2890 7
2891 3
2895 2
2896 27
2898 7
2907 22
2908 12
2910 6
2911 18
2912 14
2913 30
2917 28
2926 3
2931 26
2934 3
2938 14
2940 6
2945 7
2946 14
2950 26
2952 2
2956 0
2957 10
2958 15
2959 20
2960 31
2961 27
2969 30
2972 20
2977 16
2978 12
2986 7
2988 10
2990 27
2991 4
2992 16
3000 26
3006 30
3007 25
3010 24
3011 13
3012 30
3015 25
3020 30
3021 8
3022 11
3023 31
3027 12
3030 25
3031 28
3040 8
3041 9
3043 27
3045 4
3047 22
3048 23
3053 20
3054 29
3059 26
3063 5
3071 29
3075 5
3077 24
3078 13
3080 9
3083 26
3084 6
3085 21
3086 18
3090 17
3093 15
3098 18
3100 28
3101 24
3104 21
3105 30
3106 27
3107 14
3115 30
3118 23
3120 7
3121 3
3126 28
3128 23
3129 24
3130 29
3132 0
3133 18
3134 10
3136 8
3138 17
3140 1
3141 19
3145 8
3149 14
3150 9
3151 13
3153 0
3155 17
3157 20
3158 19
3162 28
3164 15
3170 5
3173 14
3179 6
3186 23
3187 12
3188 0
3189 23
3192 19
3196 0
3198 5
3199 2
3202 30
3215 31
3218 13
3226 30
3227 6
3229 23
3231 22
3233 23
3234 2
3237 15
3243 24
3248 17
3250 16
3252 17
3258 3
3259 28
3260 23
3261 7
3262 28
3270 25
3271 27
3274 29
3277 16
3290 29
3291 17
3295 20
3300 5
3301 28
3303 19
3310 2
3316 27
3317 23
3321 8
3322 12
3323 25
3326 19
3332 28
3338 24
3339 5
3341 21
3342 0
3344 23
3351 26
3356 19
3361 7
3364 15
3369 4
3372 11
3378 17
3385 28
3386 27
3388 30
3390 11
3391 4
3392 1
3397 10
3400 22
3401 19
3402 23
3403 29
3405 16
3407 30
3408 7
3413 10
3415 25
3423 19
3427 8
3429 11
3431 21
3436 14
3443 3
3447 18
3448 30
3449 6
3450 5
3455 12
3459 6
3461 22
3462 29
3467 2
3468 24
3469 12
3470 16
3472 0
3473 27
3474 22
3475 3
3477 5
3483 24
3487 20
3490 16
3492 12
3497 11
3505 31
3506 26
3508 7
3512 31
3518 17
3519 27
3520 15
3521 4
3525 6
3531 25
3532 6
3537 10
3538 2
3539 8
3542 12
3547 0
3551 11
3552 27
3555 6
3556 8
3557 16
3558 17
3559 31
3563 10
3565 12
3567 25
3568 12
3571 7
3574 19
3575 25
3578 5
3583 22
3587 31
3591 8
3593 22
3594 7
3596 16
3597 1
3599 25
3603 28
3605 21
3609 31
3610 26
3620 18
3622 7
3627 26
3628 17
3632 25
3634 4
3635 16
3636 12
3638 28
3640 23
3642 21
3645 7
3646 23
3650 6
3658 23
3659 4
3661 10
3665 3
3667 31
3668 30
3683 3
3687 22
3691 18
3692 25
3696 9
3698 2
3699 18
3701 19
3704 24
3707 0
3708 3
3712 14
3716 26
3722 24
3726 0
3728 16
3732 6
3737 13
3740 23
3742 26
3747 18
3749 16
3750 9
3754 13
3758 7
3760 12
3764 8
3765 27
3766 8
3767 23
3771 8
3774 18
3775 17
3785 22
3789 7
3792 1
3794 9
3800 31
3801 25
3808 21
3809 23
3813 11
3823 3
3824 22
3826 0
3828 22
3833 13
3834 2
3846 28
3850 7
3854 17
3855 1
3858 19
3859 14
3860 29
3861 18
3862 5
3863 13
3868 6
3869 25
3871 23
3878 20
3880 2
3886 28
3891 14
3892 30
3893 20
3894 14
3899 8
3900 22
3902 8
3910 0
3915 5
3916 7
3926 13
3927 25
3929 26
3931 9
3932 12
3934 23
3935 11
3943 0
3945 7
3947 1
3950 3
3952 0
3953 28
3955 29
3956 0
3960 12
3961 3
3962 28
3963 15
3966 2
3970 26
3971 27
3972 18
3978 14
3980 4
3981 17
3992 21
3995 27
3998 6
3999 27
4004 14
4007 9
4009 26
4011 9
4012 23
4013 20
4014 18
4018 26
4021 25
4025 21
4026 0
4027 29
4028 12
4030 25
4032 30
4038 10
4041 2
4047 16
4049 4
4053 7
4055 0
4062 10
4063 31
4064 29
4069 27
4071 20
4082 17
4084 10
4086 8
4087 6
4094 29
4102 0
4103 25
4104 14
4105 24
4108 12
4111 9
4120 1
4125 20
4126 7
4127 25
4132 20
4134 3
4135 17
4138 11
4139 7
4142 19
4144 17
4145 1
4147 4
4149 5
4151 16
4153 14
4154 7
4156 16
4160 24
4167 12
4172 23
4175 7
4183 17
4187 19
4189 24
4190 31
4191 17
4193 25
4198 7
4199 10
4201 19
4214 5
4215 24
4218 21
4222 17
4227 27
4230 15
4236 12
4237 30
4240 6
4241 30
4244 17
4251 31
4252 28
4265 18
4267 15
4270 21
4272 22
4275 1
4278 8
4279 28
4282 12
4284 10
4285 24
4287 22
4289 29
4290 25
4291 17
4295 31
4301 22
4310 24
4311 0
4315 21
4318 6
4320 1
4323 15
4326 13
4327 30
4334 10
4337 4
4340 9
4343 16
4349 13
4352 29
4354 6
4355 31
4357 4
4363 20
4370 12
4371 26
4372 10
4373 27
4374 15
4376 30
4377 0
4380 11
4386 1
4387 30
4388 12
4398 16
4400 15
4401 1
4405 9
4406 5
4407 18
4409 10
4423 4
4428 30
4429 29
4431 28
4433 29
4434 18
4439 23
4440 26
4446 28
4457 23
4459 13
4465 1
4478 18
4479 31
4481 8
4487 6
4489 4
4492 26
4493 21
4494 2
4495 19
4503 21
4505 22
4507 10
4509 0
4514 30
4521 5
4523 10
4524 26
4525 8
4527 24
4533 6
4534 0
4536 1
4545 7
4547 21
4548 9
4552 21
4553 15
4555 13
4556 20
4558 19
4563 2
4565 8
4570 16
4571 18
4573 7
4579 5
4584 7
4595 18
4598 15
4605 29
4608 18
4610 20
4616 31
4620 0
4623 17
4624 6
4627 28
4628 22
4635 1
4639 22
4640 3
4644 15
4646 1
4648 11
4650 7
4656 31
4659 14
4663 7
4670 3
4671 28
4673 22
4674 14
4675 1
4677 9
4683 29
4684 19
4686 17
4687 0
4688 6
4689 30
4691 7
4693 9
4695 4
4696 0
4699 18
4700 21
4701 30
4703 19
4707 24
4711 1
4712 25
4716 24
4717 13
4728 2
4731 19
4733 13
4741 5
4746 20
4748 26
4755 10
4756 25
4757 21
4760 25
4761 18
4762 16
4765 10
4767 14
4773 26
4775 17
4777 23
4778 30
4781 12
4784 27
4787 28
4789 16
4790 7
4792 20
4794 4
4795 29
4798 26
4802 17
4803 12
4806 5
4812 15
4813 28
4816 7
4819 0
4820 29
4823 1
4831 21
4837 17
4840 9
4841 16
4843 22
4847 27
4851 25
4852 10
4854 2
4856 30
4861 19
4862 16
4866 15
4869 25
4872 11
4878 1
4881 14
4882 27
4886 12
4889 20
4899 28
4901 26
4906 15
4908 23
4915 15
4916 2
4921 0
4923 14
4924 25
4933 11
4935 12
4937 4
4938 10
4942 9
4943 31
4947 22
4953 26
4954 29
4955 10
4961 22
4962 6
4966 11
4967 14
4970 19
4972 10
4975 30
4978 2
4981 14
4984 8
4985 6
4987 20
4996 31
4999 11
5007 26
5010 16
5011 3
5019 26
5023 29
5025 30
5027 22
5028 15
5035 23
5041 5
5046 18
5049 29
5051 25
5056 14
5059 8
5060 19
5066 27
5067 1
5071 10
5077 24
5083 28
5084 20
5090 18
5094 23
5099 14
5100 27
5101 24
5102 4
5112 24
5118 20
5120 31
5121 28
5126 7
5130 25
5132 14
5134 1
5135 25
5140 11
5145 0
5147 20
5149 27
5151 18
5153 24
5154 7
5155 22
5156 29
5158 16
5160 12
5162 13
5164 23
5166 14
5173 6
5175 24
5180 12
5183 23
5187 30
5190 0
5191 17
5192 18
5198 7
5199 11
5203 7
5205 14
5207 19
5209 31
5210 27
5212 21
5213 12
5217 10
5218 19
5219 24
5226 28
5227 0
5230 17
5232 18
5235 8
5236 28
5238 13
5241 23
5242 19
5245 25
5246 22
5248 23
5251 31
5260 7
5262 18
5266 19
5267 23
5272 27
5273 6
5275 4
5276 24
5278 7
5283 13
5286 31
5287 14
5295 10
5297 18
5302 22
5303 16
5306 3
5308 10
5312 15
5314 17
5316 14
5323 23
5326 3
5327 23
5328 29
5330 25
5332 8
5334 10
5337 6
5338 28
5340 30
5346 20
5347 25
5351 18
5352 10
5353 1
5357 30
5360 20
5361 1
5366 24
5367 12
5369 16
5371 23
5378 7
5381 11
5382 2
5390 12
5393 9
5396 24
5397 19
5400 3
5401 4
5406 2
5407 18
5409 17
5410 16
5411 19
5414 31
5415 29
5423 23
5425 8
5426 12
5428 4
5431 11
5432 28
5438 17
5442 0
5443 19
5445 17
5452 5
5459 18
5460 22
5462 25
5464 17
5465 8
5468 1
5470 13
5473 5
5474 2
5475 22
5480 15
5483 9
5484 26
5486 25
5488 1
5489 6
5493 3
5496 12
5497 17
5498 0
5506 19
5509 4
5517 7
5519 21
5520 13
5525 7
5526 1
5532 18
5533 4
5534 21
5538 26
5539 8
5540 28
5544 16
5548 23
5551 16
5555 27
5563 8
5568 16
5569 13
5571 11
5572 13
5575 11
5578 24
5579 27
5580 23
5582 16
5583 12
5584 6
5589 1
5591 10
5593 0
5596 16
5599 27
5601 18
5604 0
5609 13
5610 14
5614 23
5615 2
5619 16
5621 1
5622 22
5624 24
5627 3
5631 18
5636 28
5639 15
5640 30
5647 0
5648 24
5651 27
5655 18
5656 16
5658 26
5659 18
5660 2
5662 18
5663 4
5664 14
5670 1
5672 13
5684 21
5685 11
5686 5
5689 20
5693 12
5694 0
5697 16
5701 22
5703 7
5706 20
5707 1
5708 21
5710 19
5715 28
5716 17
5718 24
5728 22
5729 0
5732 9
5733 31
5734 1
5736 24
5739 10
5740 11
5741 26
5748 13
5753 27
5756 14
5757 17
5758 7
5759 14
5760 5
5763 26
5767 27
5769 5
5774 17
5775 9
5776 15
5779 13
5781 27
5783 4
5788 5
5791 11
5792 30
5793 6
5802 15
5806 4
5808 23
5810 3
5812 9
5816 0
5817 13
5822 2
5823 5
5830 22
5836 9
5841 13
5843 0
5847 24
5859 10
5861 4
5868 10
5872 1
5873 27
5875 21
5877 3
5878 5
5880 23
5881 21
5882 18
5884 26
5886 21
5891 18
5902 15
5905 30
5909 18
5910 21
5915 4
5916 0
5921 5
5926 20
5928 25
5933 17
5940 15
5944 2
5945 26
5946 4
5947 26
5950 9
5959 5
5960 3
5962 24
5963 1
5964 4
5970 0
5971 6
5979 16
5980 10
5981 17
5982 24
5984 29
5986 15
5988 20
5989 25
5992 31
5998 13
6001 8
6002 6
6003 12
6004 26
6005 15
6006 26
6010 23
6011 10
6012 2
6013 15
6015 6
6028 14
6034 31
6035 11
6038 20
6041 30
6043 1
6045 3
6046 14
6052 4
6056 8
6058 28
6059 21
6060 31
6062 24
6064 31
6070 22
6073 23
6075 27
6081 14
6090 15
6092 12
6098 15
6099 24
6102 4
6104 8
6107 3
6110 7
6115 10
6121 26
6132 19
6134 29
6135 5
6140 29
6143 9
6147 7
6151 19
6159 30
6162 11
6163 28
6166 24
6167 29
6170 22
6174 20
6176 14
6178 29
6179 17
6183 7
6187 22
6188 21
6189 20
6191 12
6197 4
6201 1
6202 25
6206 6
6208 14
6213 4
6216 16
6221 15
6226 19
6232 18
6238 11
6239 0
6241 14
6245 16
6250 0
6254 23
6255 6
6257 31
6259 21
6262 18
6265 20
6267 6
6268 20
6272 19
6275 1
6276 26
6277 21
6284 4
6286 19
6290 29
6291 21
6298 17
6299 5
6301 13
6303 10
6304 18
6305 22
6306 0
6312 7
6314 31
6316 14
6317 12
6318 21
6319 31
6320 27
6322 10
6323 1
6324 3
6325 1
6326 30
6328 26
6330 3
6334 18
6335 0
6341 2
6342 11
6345 15
6346 8
6347 23
6348 5
6349 21
6351 19
6353 7
6358 10
6361 25
6363 6
6364 22
6365 3
6366 7
6368 28
6369 2
6371 20
6373 6
6374 8
6378 0
6382 30
6384 3
6388 27
6389 19
6391 3
6395 1
6398 30
6399 28
6400 23
6401 11
6403 31
6408 25
6410 2
6416 30
6419 28
6422 24
6424 10
6425 9
6426 5
6430 4
6432 18
6434 30
6438 6
6444 22
6456 20
6459 5
6461 23
6462 12
6464 4
6465 25
6467 24
6474 13
6475 22
6479 0
6481 20
6483 11
6484 26
6489 23
6490 27
6491 30
6493 2
6496 23
6498 5
6499 24
6500 23
6501 8
6504 4
6509 31
6512 8
6530 12
6531 26
6535 5
6536 24
6540 19
6541 18
6544 5
6547 2
6554 5
6558 13
6559 18
6561 9
6562 10
6564 24
6572 10
6574 6
6577 23
6581 18
6582 4
6583 28
6584 1
6591 29
6592 17
6593 24
6597 10
6601 5
6602 17
6605 20
6606 8
6607 3
6609 27
6611 12
6614 28
6617 26
6619 8
6620 12
6622 7
6623 31
6624 22
6625 6
6628 17
6630 27
6631 4
6634 30
6635 27
6636 7
6638 1
6639 31
6640 28
6641 3
6642 7
6644 24
6645 26
6646 0
6647 11
6648 29
6651 13
6656 6
6658 17
6659 22
6661 26
6667 23
6668 19
6669 29
6670 31
6677 30
6678 3
6682 0
6684 14
6692 26
6693 3
6696 11
6699 20
6700 31
6702 8
6703 5
6706 11
6708 22
6710 2
6711 19
6717 13
6719 17
6724 21
6725 0
6726 10
6728 0
6734 6
6746 15
6747 13
6749 5
6752 8
6757 2
6761 30
6762 15
6767 29
6768 26
6772 1
6774 25
6775 0
6776 22
6778 20
6779 31
6780 18
6784 15
6785 31
6786 26
6789 11
6791 20
6792 31
6795 21
6797 18
6806 5
6808 9
6813 21
6814 28
6817 22
6818 29
6823 18
6824 9
6826 31
6831 30
6832 15
6834 16
6835 6
6838 12
6839 25
6844 5
6847 2
6853 21
6855 14
6862 7
6865 29
6866 21
6871 24
6872 21
6873 26
6877 3
6882 10
6885 16
6886 26
6888 24
6894 7
6899 14
6918 25
6922 21
6924 20
6928 25
6938 15
6942 10
6944 5
6945 29
6953 28
6954 25
6955 2
6958 30
6960 24
6963 18
6964 14
6967 13
6969 0
6971 27
6972 18
6976 8
6978 12
6979 8
6985 13
6992 22
6993 4
6995 23
6996 28
7002 4
7008 7
7016 28
7021 11
7022 22
7024 15
7025 24
7026 29
7028 4
7031 30
7033 21
7038 26
7048 2
7051 30
7056 4
7057 19
7060 29
7065 25
7066 13
7070 6
7075 30
7076 4
7082 24
7095 26
7099 24
7101 21
7104 7
7105 5
7107 18
7109 25
7110 26
7112 12
7116 20
7123 17
7130 9
7134 24
7136 12
7141 8
7142 23
7144 1
7149 9
7151 22
7153 15
7154 3
7156 8
7159 30
7161 26
7168 22
7169 11
7171 22
7172 24
7177 9
7183 6
7191 20
7196 14
7199 2
7200 0
7203 19
7208 21
7214 0
7215 22
7219 23
7221 11
7222 12
7224 22
7227 8
7231 31
7233 22
7235 31
7237 29
7239 10
7240 15
7244 7
7245 3
7248 24
7249 14
7250 13
7253 14
7264 22
7266 10
7269 31
7277 26
7279 5
7285 20
7286 30
7287 18
7289 11
7298 25
7299 12
7307 8
7311 30
7317 29
7319 8
7330 13
7338 8
7339 17
7340 21
7341 2
7342 17
7344 24
7351 26
7354 11
7355 22
7357 11
7359 17
7360 26
7363 2
7364 24
7365 6
7366 22
7369 14
7372 8
7373 19
7377 6
7382 25
7383 8
7385 23
7387 30
7390 18
7391 0
7393 22
7394 4
7395 6
7396 24
7398 0
7400 29
7403 26
7405 31
7406 30
7408 22
7411 2
7413 29
7416 12
7417 18
7418 29
7424 30
7427 26
7438 28
7443 31
7449 7
7455 20
7461 23
7464 2
7469 7
7471 9
7479 12
7484 8
7486 7
7487 20
7488 19
7491 17
7492 21
7493 22
7494 11
7495 7
7496 11
7497 1
7499 19
7501 29
7502 30
7504 21
7505 6
7508 28
7512 30
7514 11
7515 23
7523 1
7524 8
7525 24
7528 17
7529 10
7531 14
7532 27
7540 2
7541 13
7547 15
7549 6
7550 18
7551 29
7552 2
7553 23
7554 1
7555 18
7556 21
7558 26
7566 29
7568 24
7570 2
7571 23
7572 0
7573 11
7577 3
7579 29
7580 11
7581 5
7588 8
7592 12
7593 25
7596 21
7597 28
7598 4
7601 15
7602 21
7604 2
7606 28
7608 8
7612 12
7614 3
7616 13
7621 10
7625 25
7626 1
7628 10
7639 2
7643 21
7645 29
7646 1
7647 25
7649 19
7662 13
7670 1
7672 18
7681 2
7683 26
7687 1
7692 2
7694 7
7697 1
7700 12
7707 31
7713 10
7716 19
7721 23
7726 25
7728 14
7735 31
7736 0
7738 9
7743 20
7751 9
7752 0
7753 24
7754 12
7757 10
7758 1
7767 30
7771 0
7775 19
7777 9
7778 21
7781 18
7782 29
7783 6
7785 15
7787 12
7794 30
7797 31
7800 30
7804 24
7807 13
7808 3
7821 5
7825 18
7826 27
7827 2
7828 17
7830 31
7833 21
7834 2
7838 5
7840 3
7841 29
7843 28
7845 1
7849 5
7850 23
7854 25
7857 12
7858 23
7864 17
7868 2
7870 11
7871 2
7880 30
7882 31
7885 15
7890 31
7893 23
7895 6
7896 27
7897 12
7898 16
7900 24
7901 9
7905 12
7906 26
7909 12
7914 5
7917 25
7918 28
7921 23
7922 20
7925 1
7927 8
7930 16
7932 29
7934 13
7938 18
7950 11
7961 4
7962 16
7963 29
7971 15
7972 1
7974 22
7976 18
7979 17
7985 11
7988 29
7991 23
7992 16
7993 13
7997 24
7998 23
8000 27
8003 23
8004 14
8005 2
8007 15
8012 8
8013 0
8016 13
8017 22
8018 2
8022 17
8027 26
8033 13
8034 31
8037 12
8039 8
8040 21
8048 28
8049 19
8050 24
8055 14
8061 16
8062 27
8063 14
8065 24
8068 20
8070 6
8075 25
8079 5
8080 9
8081 6
8085 1
8088 13
8091 20
8095 3
8097 12
8099 14
8102 1
8105 11
8108 16
8109 23
8114 4
8116 1
8117 4
8120 18
8121 19
8123 5
8124 25
8129 16
8130 8
8134 31
8135 11
8142 2
8143 10
8146 8
8147 12
8155 16
8156 24
8163 11
8165 3
8166 4
8172 8
8174 10
8175 24
8176 29
8178 28
8183 25
8185 16
8187 31
8191 21
8192 11
8193 19
8197 10
8198 6
8199 11
8200 3
8202 0
8206 26
8207 25
8208 14
8210 9
8213 29
8218 7
8220 29
8221 13
8224 1
8227 17
8228 5
8231 26
8232 7
8238 6
8241 0
8245 18
8246 8
8250 31
8253 6
8257 21
8260 26
8261 12
8262 19
8263 4
8264 9
8266 2
8267 14
8269 28
8271 29
8274 21
8275 28
8281 5
8286 27
8287 11
8297 31
8298 11
8301 20
8302 11
8305 26
8309 11
8311 16
8312 5
8313 30
8314 3
8315 12
8319 16
8320 26
8321 28
8323 20
8327 2
8328 28
8332 29
8334 10
8335 20
8337 31
8341 11
8342 31
8344 11
8345 4
8352 0
8353 18
8355 6
8357 20
8360 17
8361 20
8364 27
8365 7
8369 15
8370 22
8374 28
8376 15
8378 14
8380 26
8382 8
8388 24
8393 12
8394 1
8395 24
8396 10
8400 0
8403 21
8405 0
8409 5
8410 29
8414 9
8416 2
8423 0
8427 12
8428 28
8429 25
8430 22
8433 17
8434 28
8435 10
8439 20
8443 25
8444 3
8445 17
8446 11
8448 18
8456 2
8457 28
8458 14
8465 27
8466 6
8470 7
8472 5
8477 23
8479 20
8484 4
8488 27
8493 12
8498 18
8501 26
8503 31
8511 15
8513 21
8517 6
8519 25
8520 29
8521 3
8524 17
8530 20
8533 27
8538 0
8544 15
8547 9
8550 23
8557 27
8564 9
8567 20
8568 10
8569 31
8573 3
8574 1
8576 5
8581 23
8586 21
8587 1
8588 27
8592 4
8601 2
8602 22
8605 27
8609 9
8618 30
8619 11
8631 1
8632 28
8635 19
8638 15
8642 28
8644 0
8647 2
8652 14
8656 19
8661 24
8664 4
8665 3
8667 20
8680 11
8683 26
8684 19
8687 14
8690 19
8693 23
8701 8
8703 18
8705 14
8708 20
8712 5
8724 23
8728 31
8731 30
8732 11
8734 29
8736 12
8737 23
8739 14
8743 8
8745 24
8752 22
8754 3
8758 20
8762 22
8764 31
8767 12
8773 7
8776 19
8777 31
8779 4
8787 27
8789 26
8791 4
8794 14
8795 3
8798 31
8799 2
8802 25
8821 31
8823 19
8834 18
8838 4
8841 25
8857 13
8859 4
8862 27
8863 9
8865 2
8867 12
8869 24
8870 8
8874 13
8875 7
8877 19
8878 23
8879 8
8880 28
8881 22
8884 0
8886 31
8889 27
8891 9
8897 4
8898 30
8899 5
8900 25
8905 29
8907 2
8908 22
8909 30
8910 13
8912 1
8914 22
8917 17
8918 20
8922 10
8925 11
8926 26
8933 13
8936 31
8938 28
8940 21
8942 14
8949 3
8950 20
8953 8
8958 0
8959 21
8960 26
8964 28
8966 26
8967 25
8972 9
8973 17
8975 21
8977 29
8978 0
8982 14
8983 16
8986 22
8987 21
8989 0
8990 2
8994 6
9000 16
9006 26
9008 27
9012 8
9015 7
9017 21
9020 5
9025 18
9029 11
9031 18
9033 6
9036 18
9038 25
9042 19
9044 30
9048 26
9050 22
9052 29
9053 7
9055 0
9056 18
9060 26
9062 6
9063 10
9064 5
9069 3
9078 22
9081 19
9083 17
9084 9
9087 1
9088 26
9090 15
9096 28
9102 4
9103 15
9105 14
9109 10
9110 28
9111 26
9113 2
9117 20
9118 21
9129 24
9130 1
9145 10
9152 29
9153 8
9162 23
9164 6
9170 8
9173 26
9176 17
9184 10
9186 26
9201 4
9202 8
9204 5
9215 4
9216 12
9217 13
9219 0
9224 30
9226 19
9229 9
9232 20
9235 18
9237 29
9243 1
9244 18
9246 11
9251 0
9254 8
9255 28
9263 15
9267 14
9270 7
9272 31
9275 12
9276 9
9278 10
9283 17
9286 15
9291 20
9292 21
9297 30
9298 27
9299 23
9301 28
9302 5
9304 24
9306 22
9307 9
9310 11
9315 9
9316 7
9319 28
9324 19
9328 13
9329 8
9331 11
9333 8
9340 11
9342 8
9343 15
9345 8
9348 22
9350 0
9351 16
9356 0
9357 19
9358 22
9361 7
9362 5
9363 8
9364 4
9365 28
9367 4
9368 26
9371 13
9373 20
9376 7
9377 31
9378 16
9388 29
9390 9
9392 19
9393 27
9395 9
9396 22
9398 0
9400 9
9402 11
9403 26
9407 16
9408 4
9411 7
9412 27
9413 15
9414 7
9416 31
9417 24
9418 7
9420 11
9426 0
9431 24
9435 13
9452 5
9458 4
9461 12
9463 18
9465 28
9467 13
9474 20
9479 25
9480 26
9482 21
9485 18
9489 20
9492 2
9493 3
9494 15
9495 1
9501 29
9502 15
9503 14
9504 31
9506 15
9510 13
9515 21
9521 28
9525 25
9526 18
9530 29
9532 7
9533 0
9534 30
9539 14
9540 10
9545 17
9552 11
9553 8
9555 13
9556 10
9557 28
9560 7
9563 13
9564 7
9565 24
9568 12
9576 19
9580 16
9587 22
9592 2
9593 8
9594 17
9599 24
9604 14
9608 31
9611 2
9614 7
9615 0
9617 9
9620 1
9621 27
9624 9
9626 27
9628 11
9629 0
9634 11
9637 25
9641 28
9645 21
9650 23
9652 28
9654 17
9656 14
9658 28
9661 14
9663 3
9665 9
9667 29
9670 22
9674 4
9675 19
9683 11
9684 20
9685 29
9687 20
9689 9
9694 21
9699 31
9701 14
9702 12
9703 26
9708 9
9711 5
9712 2
9713 27
9716 5
9719 12
9720 21
9722 22
9724 29
9730 4
9732 2
9734 12
9737 28
9741 13
9743 18
9744 31
9745 1
9748 22
9751 13
9753 25
9754 17
9761 24
9763 20
9767 28
9772 1
9777 18
9778 5
9782 4
9785 28
9786 18
9790 28
9792 11
9795 20
9796 8
9808 17
9810 12
9811 31
9817 4
9818 24
9820 12
9822 7
9823 13
9829 29
9831 1
9832 27
9836 12
9848 30
9850 6
9851 21
9852 11
9855 31
9858 15
9862 0
9865 12
9866 21
9868 7
9869 3
9870 30
9871 21
9877 14
9878 4
9883 1
9885 7
9889 20
9890 29
9894 5
9895 21
9897 26
9898 5
9900 9
9902 25
9903 0
9913 8
9915 20
9916 25
9917 3
9926 18
9928 12
9929 24
9930 8
9932 11
9933 13
9937 14
9938 26
9940 20
9941 10
9943 28
9956 3
9958 5
9960 2
9962 14
9963 30
9964 6
9968 16
9969 10
9976 24
9977 9
9983 14
9984 19
9985 22
9987 11
9988 10
9989 7
9992 30
9993 3
9995 30
9996 19
9999 20
10010 0
10012 2
10019 3
10020 18
10021 0
10024 20
10026 9
10033 0
10034 23
10042 22
10045 4
10047 12
10051 7
10052 28
10056 14
10060 31
10066 12
10067 29
10069 6
10071 8
10072 17
10080 8
10082 9
10083 27
10084 4
10096 0
10097 27
10102 23
10103 18
10112 15
10114 21
10117 28
10119 13
10122 28
10125 20
10131 10
10132 15
10133 11
10135 23
10138 24
10141 8
10142 30
10143 15
10150 29
10154 22
10156 4
10158 10
10159 3
10163 1
10164 22
10168 14
10170 22
10171 1
10173 13
10174 23
10177 26
10185 23
10188 31
10190 13
10192 23
10205 6
10209 7
10211 27
10218 25
10220 12
10232 10
10233 11
10236 26
10238 15
10240 16
10241 11
10242 29
10244 4
10246 24
10251 29
10257 4
10258 25
10259 15
10263 18
10266 5
10267 17
10272 26
10273 9
10274 21
10277 14
10278 27
10287 0
10293 4
10294 22
10299 6
10302 7
10309 6
10311 16
10312 21
10313 24
10314 20
10315 11
10318 21
10321 22
10326 7
10334 4
10338 11
10339 26
10343 17
10344 1
10347 7
10349 11
10352 29
10353 8
10358 3
10359 25
10360 15
10366 16
10368 25
10373 28
10381 6
10382 25
10387 3
10389 29
10392 21
10397 22
10400 10
10408 21
10409 15
10410 26
10423 12
10424 21
10426 5
10427 29
10435 15
10438 2
10441 9
10442 27
10445 24
10449 3
10452 15
10454 7
10460 13
10463 29
10464 31
10465 21
10466 13
10468 29
10471 0
10478 1
10479 25
10480 18
10484 7
10486 19
10489 8
10493 21
10495 2
10507 14
10516 16
10517 15
10521 28
10525 25
10527 2
10529 5
10534 23
10536 15
10538 26
10539 14
10541 2
10544 1
10546 29
10551 15
10554 22
10556 11
10557 21
10571 18
10574 7
10575 20
10577 18
10581 26
10583 1
10584 24
10587 15
10588 22
10589 26
10590 2
10591 26
10592 3
10596 6
10598 17
10599 23
10604 17
10612 13
10614 31
10615 20
10621 13
10625 24
10626 25
10628 31
10632 0
10635 13
10637 19
10640 5
10641 1
10643 16
10644 24
10645 25
10647 2
10651 20
10652 1
10656 26
10658 29
10665 17
10668 24
10671 25
10674 13
10678 7
10680 31
10682 23
10686 10
10687 12
10688 20
10691 29
10693 1
10696 27
10704 18
10707 31
10716 30
10726 19
10728 11
10730 15
10731 2
10733 12
10738 19
10739 20
10741 27
10742 15
10746 31
10748 18
10756 19
10757 5
10759 11
10760 10
10764 24
10775 13
10777 28
10778 21
10781 12
10785 25
10786 10
10787 17
10792 20
10795 12
10796 24
10799 29
10801 26
10802 25
10803 18
10806 19
10810 17
10812 8
10816 25
10817 11
10819 12
10820 0
10822 28
10825 14
10829 13
10833 18
10836 21
10837 27
10849 16
10850 20
10853 8
10854 2
10856 25
10858 1
10865 18
10867 15
10871 0
10875 3
10879 29
10880 15
10883 14
10893 6
10896 15
10897 27
10898 5
10899 24
10900 3
10901 13
10902 21
10903 15
10912 31
10913 30
10915 23
10917 3
10919 25
10920 5
10931 24
10933 4
10936 31
10941 16
10944 11
10949 22
10955 21
10956 20
10965 12
10978 2
10987 25
10988 4
10991 8
10995 17
10996 19
10997 23
10998 2
10999 27
11000 24
11008 21
11010 20
11014 3
11016 4
11018 30
11020 25
11023 29
11025 9
11029 2
11032 29
11034 19
11035 5
11038 2
11042 17
11044 8
11047 26
11048 15
11051 3
11052 1
11057 26
11058 4
11060 13
11064 19
11080 15
11084 2
11088 0
11091 29
11095 11
11102 2
11103 24
11108 25
11110 28
11111 6
11116 13
11117 23
11119 13
11120 22
11125 6
11128 24
11130 22
11137 25
11148 0
11151 29
11157 31
11159 26
11160 23
11167 27
11168 19
11171 30
11179 13
11183 5
11185 11
11188 10
11189 23
11190 8
11192 6
11194 2
11197 19
11204 24
11205 14
11206 28
11211 22
11212 2
11216 27
11217 19
11224 26
11233 31
11234 3
11235 24
11236 8
11242 16
11246 12
11247 9
11248 2
11249 0
11253 19
11257 26
11258 5
11259 15
11260 13
11265 10
11268 2
11271 0
11275 13
11278 7
11280 8
11281 10
11293 18
11294 17
11296 28
11297 29
11299 17
11301 21
11302 27
11303 31
11305 24
11307 29
11310 6
11312 2
11313 23
11314 9
11316 13
11323 28
11335 12
11338 20
11344 14
11345 9
11349 15
11356 18
11361 22
11367 2
11368 1
11372 10
11376 7
11378 30
11379 18
11380 16
11383 28
11385 15
11387 30
11397 18
11399 15
11404 9
11406 24
11407 10
11410 22
11415 21
11418 1
11421 5
11425 9
11432 6
11433 14
11435 24
11436 25
11437 24
11438 8
11440 5
11441 28
11442 10
11449 19
11450 14
11451 20
11452 17
11455 29
11458 7
11459 0
11460 14
11464 0
11465 8
11469 18
11473 23
11475 20
11479 3
11482 6
11485 4
11488 17
11489 25
11501 7
11502 3
11503 13
11504 24
11506 0
11509 23
11511 1
11512 25
11515 23
11516 30
11517 3
11522 4
11534 21
11535 15
11540 14
11548 10
11554 23
11556 31
11558 0
11559 22
11565 16
11570 21
11574 4
11578 2
11586 4
11589 10
11591 21
11594 18
11597 10
11599 22
11601 9
11604 22
11606 13
11609 19
11616 21
11617 13
11618 18
11621 1
11623 10
11625 14
11631 22
11635 28
11637 18
11639 8
11640 27
11648 1
11659 17
11660 6
11665 4
11666 7
11670 16
11675 6
11680 16
11681 6
11682 7
11686 31
11690 3
11702 5
11710 30
11717 24
11719 4
11721 25
11723 28
11725 4
11728 26
11734 7
11736 9
11737 0
11738 8
11746 11
11747 31
11748 10
11754 24
11755 28
11756 2
11760 20
11761 24
11766 10
11768 17
11771 20
11773 14
11774 18
11786 22
11787 24
11788 9
11789 16
11791 19
11795 17
11801 30
11802 5
11805 1
11809 27
11810 9
11811 0
11812 1
11818 11
11819 27
11821 14
11822 7
11824 10
11825 24
11827 18
11833 22
11834 10
11836 18
11838 17
11844 6
11850 25
11854 12
11856 11
11863 29
11865 16
11867 21
11869 25
11873 30
11874 12
11888 31
11896 17
11902 6
11903 23
11907 1
11908 12
11909 16
11911 5
11919 19
11925 31
11926 8
11938 16
11939 14
11940 1
11941 28
11943 14
11945 0
11955 30
11962 22
11966 5
11970 22
11971 27
11973 12
11975 31
11976 26
11977 10
11980 22
11983 20
11986 19
11989 31
11993 25
11995 30
11996 20
11998 13
12002 5
12005 16
12006 19
12008 14
12010 12
12013 5
12016 27
12024 13
12026 30
12027 3
12034 13
12035 16
12044 29
12050 5
12053 14
12061 26
12068 17
12070 29
12071 12
12073 28
12078 10
12082 23
12083 12
12087 15
12090 21
12097 18
12099 16
12102 0
12104 31
12106 20
12108 17
12109 25
12110 7
12113 1
12117 3
12120 15
12121 6
12122 25
12123 1
12128 3
12129 24
12130 6
12137 0
12139 6
12140 7
12142 1
12144 25
12145 14
12147 2
12149 20
12157 22
12163 16
12164 12
12166 23
12167 14
12168 2
12175 24
12177 26
12181 12
12185 29
12186 30
12187 5
12188 1
12196 21
12198 20
12201 3
12202 27
12203 5
12209 7
12211 14
12215 16
12216 7
12218 10
12220 26
12223 24
12225 14
12226 2
12227 16
12228 22
12230 12
12237 28
12238 23
12240 22
12247 31
12254 18
12256 13
12257 15
12260 27
12264 3
12269 28
12271 0
12272 28
12273 4
12274 28
12275 31
12276 3
12278 6
12280 4
12282 29
12285 1
12294 6
12295 23
12296 26
12305 8
12306 31
12308 9
12309 26
12312 10
12317 5
12318 9
12323 19
12324 16
12327 31
12328 18
12329 24
12331 4
12335 0
12344 26
12345 25
12355 22
12359 15
12361 23
12363 29
12370 27
12373 9
12374 15
12377 1
12378 6
12382 31
12383 21
12393 10
12394 8
12397 10
12398 18
12403 6
12406 18
12412 17
12420 21
12424 10
12425 2
12426 21
12429 16
12438 8
12441 22
12443 1
12444 29
12446 15
12450 4
12451 17
12454 22
12458 29
12460 5
12474 6
12478 24
12480 26
12481 16
12483 20
12486 19
12488 3
12489 8
12491 12
12492 0
12498 13
12501 20
12503 18
12507 17
12508 21
12509 10
12511 0
12516 5
12518 20
12521 10
12524 19
12527 0
12529 14
12532 27
12533 13
12537 5
12540 0
12542 1
12544 21
12552 27
12554 21
12556 12
12558 23
12559 3
12562 24
12566 18
12567 0
12574 16
12577 31
12581 21
12586 25
12587 6
12588 27
12591 6
12592 30
12593 16
12594 3
12596 28
12597 22
12600 30
12601 29
12602 9
12604 11
12606 15
12607 9
12608 17
12611 15
12617 8
12621 1
12626 30
12633 9
12635 30
12636 29
12637 26
12641 3
12642 6
12643 24
12645 27
12655 12
12658 24
12662 22
12665 24
12671 21
12673 7
12675 9
12677 18
12679 17
12680 14
12682 27
12684 12
12685 17
12687 20
12688 10
12689 2
12690 7
12694 8
12700 18
12701 8
12704 30
12708 13
12709 7
12714 4
12715 0
12716 30
12718 24
12720 4
12721 30
12722 1
12725 5
12730 2
12731 18
12732 22
12733 9
12734 25
12737 24
12739 30
12744 6
12752 12
12753 5
12756 21
12758 23
12759 24
12765 22
12767 31
12770 5
12772 4
12776 30
12777 12
12780 8
12781 6
12783 13
12787 23
12789 18
12790 6
12791 22
12792 13
12795 15
12801 1
12802 25
12805 6
12808 1
12809 5
12810 26
12811 27
12813 6
12814 7
12816 20
12817 5
12818 19
12820 24
12821 4
12830 10
12836 6
12838 4
12839 3
12846 30
12853 19
12854 26
12857 0
12858 30
12859 0
12861 4
12862 24
12865 29
12866 27
12868 6
12871 28
12881 4
12887 24
12888 10
12890 4
12891 31
12894 22
12898 11
12899 31
12900 14
12907 16
12909 26
12912 2
12918 9
12925 22
12927 9
12930 20
12934 11
12936 7
12938 1
12940 14
12942 21
12949 22
12953 17
12954 27
12956 28
12961 27
12969 17
12972 16
12975 23
12976 12
12979 18
12982 5
12988 19
12991 14
12992 2
12993 11
13001 7
13002 12
13004 26
13013 9
13017 23
13019 8
13020 10
13022 16
13027 14
13029 19
13035 5
13037 31
13038 0
13046 24
13047 15
13053 9
13055 28
13056 17
13057 6
13059 2
13060 9
13062 13
13063 11
13064 0
13065 12
13068 23
13072 30
13074 5
13076 14
13080 18
13081 4
13084 31
13086 7
13089 26
13096 21
13098 10
13100 22
13101 13
13102 11
13103 3
13104 19
13107 31
13108 11
13109 19
13110 9
13111 19
13115 8
13119 30
13125 4
13126 27
13127 31
13131 11
13132 13
13139 6
13140 13
13142 27
13144 9
13149 11
13152 20
13153 19
13155 13
13158 19
13171 18
13180 28
13181 9
13182 26
13185 1
13187 24
13190 31
13193 28
13194 30
13196 3
13197 8
13199 28
13204 19
13205 28
13206 13
13209 26
13210 8
13212 7
13215 19
13218 28
13220 7
13221 4
13223 0
13226 3
13231 8
13232 3
13233 20
13237 19
13238 28
13240 21
13261 14
13266 19
13269 9
13270 31
13272 18
13273 19
13280 15
13281 7
13283 8
13284 17
13285 3
13288 0
13291 14
13292 19
13293 5
13298 28
13300 15
13307 2
13308 19
13309 13
13312 26
13313 9
13315 13
13328 19
13329 13
13332 6
13337 30
13340 3
13342 8
13343 20
13344 22
13350 6
13351 5
13358 9
13360 7
13361 8
13363 16
13367 27
13376 15
13379 21
13382 25
13390 27
13391 7
13393 31
13394 5
13396 22
13406 11
13407 16
13409 0
13410 28
13417 6
13421 20
13422 18
13423 11
13424 28
13426 23
13428 5
13430 28
13434 12
13438 23
13439 11
13440 12
13441 26
13442 24
13443 8
13444 28
13448 26
13451 31
13454 0
13456 29
13458 18
13461 3
13463 19
13467 31
13477 6
13478 12
13480 26
13483 5
13489 1
13492 3
13493 28
13494 26
13495 6
13501 2
13505 25
13508 31
13509 6
13523 3
13526 8
13536 10
13538 7
13541 22
13542 8
13546 10
13548 21
13551 27
13553 28
13555 12
13562 15
13563 12
13565 11
13566 22
13569 26
13573 5
13575 3
13581 12
13582 6
13586 28
13591 21
13594 15
13595 14
13599 16
13605 7
13610 19
13612 13
13615 6
13620 9
13629 3
13637 12
13639 5
13641 16
13642 6
13646 30
13649 8
13652 7
13655 19
13656 3
13657 24
13658 7
13659 1
13660 0
13661 15
13662 24
13663 15
13665 7
13668 24
13673 18
13678 14
13680 7
13685 14
13688 8
13689 30
13691 17
13692 21
13696 5
13700 4
13702 11
13705 27
13706 3
13715 1
13716 22
13718 19
13720 28
13723 13
13724 26
13727 23
13728 29
13730 21
13733 23
13734 4
13740 7
13750 19
13752 15
13754 8
13762 3
13764 19
13768 0
13770 29
13771 22
13772 30
13773 6
13778 3
13780 4
13781 26
13782 13
13783 26
13784 20
13792 3
13793 18
13797 13
13800 29
13804 27
13807 4
13810 31
13814 21
13815 13
13818 29
13826 18
13828 17
13829 28
13831 27
13832 13
13834 5
13835 0
13836 8
13842 11
13843 13
13846 3
13847 24
13849 22
13850 7
13853 31
13856 6
13857 11
13858 26
13859 31
13860 7
13861 23
13862 8
13865 22
13869 26
13871 16
13874 31
13877 28
13878 0
13881 4
13882 2
13884 6
13885 18
13889 20
13892 5
13898 26
13903 20
13905 23
13907 10
13908 0
13909 18
13910 7
13912 8
13913 31
13914 30
13918 16
13919 27
13921 16
13922 13
13924 4
13925 14
13926 26
13929 14
13930 0
13931 30
13934 29
13936 22
13937 6
13939 10
13940 22
13946 1
13949 11
13950 13
13951 20
13954 30
13956 22
13957 24
13958 4
13962 28
13968 15
13970 1
13977 25
13979 9
13980 1
13982 28
13983 3
13984 7
13986 26
13989 4
13991 26
13993 23
13997 16
13999 25
14011 6
14015 30
14016 8
14017 25
14018 23
14022 3
14024 10
14026 9
14029 13
14034 0
14039 19
14042 23
14043 16
14045 11
14047 26
14054 19
14058 21
14059 30
14062 6
14063 12
14064 6
14067 17
14071 13
14074 18
14078 31
14080 30
14082 1
14087 12
14088 7
14092 31
14095 12
14097 5
14101 24
14111 12
14116 26
14120 19
14121 0
14122 12
14124 13
14131 23
14132 4
14134 27
14140 20
14143 3
14144 18
14149 15
14154 23
14157 18
14159 14
14161 6
14162 25
14166 10
14174 12
14176 0
14179 24
14181 7
14182 11
14183 6
14188 3
14190 29
14193 26
14194 17
14196 23
14198 20
14201 23
14204 6
14207 2
14208 28
14213 5
14215 13
14218 21
14220 24
14224 18
14225 21
14235 3
14236 22
14239 31
14243 17
14245 20
14248 14
14250 4
14251 18
14252 5
14255 21
14256 10
14257 5
14260 20
14266 24
14269 8
14270 15
14277 29
14280 13
14282 29
14285 7
14286 31
14290 18
14291 6
14299 21
14300 30
14302 12
14304 5
14306 31
14308 29
14322 0
14323 29
14326 25
14338 6
14342 24
14344 2
14347 10
14348 30
14351 10
14360 0
14361 20
14363 13
14366 17
14367 24
14368 29
14369 17
14371 13
14376 11
14377 20
14379 27
14381 14
14383 13
14384 11
14387 25
14391 13
14392 12
14399 14
14402 11
14403 3
14407 31
14410 22
14412 7
14416 10
14418 1
14419 24
14420 27
14421 7
14428 25
14429 6
14438 17
14448 25
14449 10
14454 12
14456 2
14463 30
14470 8
14472 0
14475 12
14476 21
14481 19
14483 3
14484 28
14486 13
14489 29
14492 26
14495 2
14496 25
14497 23
14500 3
14501 5
14504 12
14508 2
14514 26
14522 0
14523 12
14527 2
14529 18
14534 10
14536 14
14538 29
14542 0
14544 3
14545 24
14550 28
14552 8
14559 17
14565 18
14566 10
14569 25
14572 12
14574 22
14577 11
14581 1
14583 2
14585 1
14586 20
14587 6
14588 10
14591 29
14593 15
14596 25
14597 31
14601 26
14603 28
14609 8
14611 3
14615 20
14616 22
14617 27
14620 21
14622 16
14623 31
14625 30
14632 15
14635 2
14637 8
14638 19
14639 2
14642 10
14644 28
14646 30
14647 9
14648 7
14650 1
14651 17
14652 10
14653 9
14655 5
14656 26
14660 19
14661 4
14662 5
14663 1
14664 13
14665 21
14668 2
14670 23
14671 8
14674 15
14676 1
14679 12
14688 20
14690 8
14692 22
14695 24
14696 27
14698 20
14699 26
14700 27
14701 13
14705 31
14710 26
14719 31
14724 7
14726 19
14728 10
14729 14
14732 10
14734 27
14741 9
14744 21
14745 30
14748 11
14751 9
14752 12
14757 3
14760 6
14761 20
14762 9
14763 19
14764 14
14765 29
14766 17
14772 29
14774 8
14781 26
14784 8
14788 9
14793 4
14794 5
14795 0
14797 30
14803 29
14804 5
14805 22
14813 19
14816 8
14819 0
14821 18
14835 15
14836 8
14837 20
14838 6
14852 28
14859 4
14862 14
14866 27
14878 26
14879 25
14882 13
14883 31
14890 11
14891 10
14893 26
14902 13
14906 24
14907 20
14911 15
14915 10
14917 20
14918 25
14919 26
14924 9
14928 6
14932 5
14933 31
14934 14
14937 27
14939 13
14947 25
14948 28
14951 14
14954 6
14958 19
14963 1
14964 2
14969 1
14971 11
14975 17
14977 13
14985 20
14986 29
14987 3
14991 9
14992 30
14994 7
14995 30
14996 7
14997 2
14999 14
15002 28
15005 27
15017 2
15020 17
15025 11
15026 31
15027 25
15034 6
15042 10
15043 7
15044 23
15047 30
15049 26
15051 3
15053 16
15057 14
15058 29
15059 17
15064 11
15065 0
15066 25
15069 16
15070 17
15071 2
15072 6
15081 19
15082 3
15088 20
15091 18
15093 26
15094 30
15099 19
15100 29
15104 21
15106 12
15108 24
15112 26
15116 5
15122 25
15126 2
15130 18
15132 13
15133 5
15134 9
15137 24
15140 29
15141 20
15143 31
15146 19
15149 30
15150 17
15153 9
15156 22
15158 25
15164 4
15165 11
15166 20
15169 27
15170 15
15171 14
15175 31
15176 27
15178 1
15180 20
15181 6
15182 25
15188 4
15193 16
15198 26
15200 12
15206 1
15207 14
15209 27
15211 13
15215 0
15216 1
15221 5
15222 3
15224 10
15227 7
15228 20
15229 0
15230 13
15232 17
15233 3
15234 10
15236 26
15238 0
15240 22
15242 0
15245 10
15254 9
15255 0
15256 30
15259 12
15260 29
15261 28
15265 6
15266 1
15270 21
15272 0
15281 31
15283 17
15284 0
15289 27
15290 9
15293 28
15297 24
15298 0
15299 10
15300 15
15301 31
15303 30
15304 5
15305 31
15309 20
15311 17
15314 15
15315 20
15316 26
15317 5
15318 14
15319 15
15320 29
15322 24
15327 27
15330 15
15332 12
15333 28
15334 16
15335 0
15337 9
15341 0
15343 14
15344 11
15347 5
15349 6
15357 3
15361 11
15362 24
15364 18
15368 25
15370 30
15375 0
15378 31
15379 3
15382 19
15383 12
15387 10
15388 21
15390 28
15396 7
15398 17
15401 16
15402 14
15403 25
15406 16
15408 17
15413 18
15422 0
15423 19
15424 24
15425 21
15426 30
15428 26
15435 5
15436 19
15438 8
15439 29
15442 8
15443 23
15448 10
15450 20
15453 9
15458 27
15460 30
15461 25
15469 21
15481 13
15483 21
15485 28
15486 20
15487 2
15488 20
15496 21
15498 13
15500 16
15501 3
15502 19
15503 8
15506 18
15508 14
15510 17
15513 7
15518 26
15520 16
15523 8
15526 12
15528 10
15533 29
15535 9
15538 21
15540 25
15546 15
15547 7
15549 3
15552 13
15554 7
15559 5
15565 13
15569 8
15572 27
15574 25
15576 8
15577 15
15578 9
15582 25
15583 28
15591 6
15594 3
15600 7
15604 20
15613 28
15615 21
15617 27
15618 13
15619 6
15620 29
15622 28
15623 3
15624 10
15627 5
15635 27
15642 23
15643 13
15653 17
15655 2
15656 25
15657 24
15658 12
15663 31
15664 12
15666 22
15669 12
15674 22
15676 31
15677 6
15678 16
15680 30
15682 6
15683 30
15684 27
15688 11
15691 16
15693 15
15694 29
15696 18
15699 21
15701 12
15703 7
15705 20
15706 18
15707 30
15713 6
15715 30
15716 26
15721 24
15722 10
15724 17
15725 27
15726 0
15727 24
15729 18
15730 16
15731 26
15733 20
15738 6
15740 13
15742 9
15745 29
15748 3
15749 8
15752 12
15754 19
15757 21
15758 9
15760 21
15764 6
15766 26
15768 17
15776 1
15780 8
15784 24
15790 9
15792 24
15794 14
15795 25
15803 23
15804 20
15805 22
15807 7
15808 11
15811 17
15813 24
15815 14
15816 7
15817 16
15818 18
15826 9
15827 23
15828 15
15829 1
15832 8
15834 2
15836 25
15840 5
15843 8
15844 26
15846 29
15847 2
15848 22
15849 4
15852 28
15854 7
15860 20
15861 21
15866 3
15869 30
15870 14
15873 5
15875 17
15876 0
15877 2
15884 15
15885 18
15887 4
15890 27
15898 12
15903 1
15904 17
15911 19
15916 31
15919 20
15920 6
15922 13
15924 22
15925 1
15930 25
15932 16
15938 22
15942 20
15944 29
15945 23
15946 3
15948 1
15949 18
15951 14
15954 31
15955 11
15956 4
15958 28
15959 6
15964 0
15969 25
15971 20
15973 10
15978 9
15979 27
15981 8
15985 19
15988 6
15990 4
15991 10
15992 22
15993 23
15996 12
16005 2
16007 31
16014 11
16015 6
16018 22
16019 8
16028 18
16030 10
16032 2
16036 13
16039 31
16041 1
16044 30
16048 19
16052 18
16053 30
16063 21
16065 23
16075 22
16077 9
16080 10
16083 3
16090 21
16093 9
16095 27
16097 17
16101 10
16102 1
16104 2
16105 22
16106 13
16110 28
16112 2
16123 1
16131 3
16135 8
16136 3
16143 30
16150 8
16151 10
16152 3
16153 19
16154 3
16155 30
16159 4
16160 27
16161 30
16177 20
16178 23
16179 22
16180 17
16183 29
16184 24
16186 29
16190 19
16202 0
16203 4
16204 9
16207 8
16208 16
16211 6
16213 3
16218 5
16220 2
16227 17
16228 4
16229 23
16230 11
16231 26
16234 4
16235 18
16236 26
16241 18
16243 21
16246 9
16248 27
16249 30
16251 10
16253 21
16255 1
16257 0
16261 28
16264 31
16265 11
16266 7
16267 8
16270 19
16274 14
16277 20
16280 28
16282 13
16283 1
16284 6
16287 7
16288 3
16291 12
16292 30
16295 23
16298 11
16300 5
16306 31
16308 16
16309 25
16310 10
16311 14
16313 25
16314 31
16318 20
16321 6
16323 31
16327 13
16328 19
16329 23
16330 12
16333 3
16334 8
16335 0
16338 4
16341 9
16343 30
16347 26
16348 25
16354 30
16355 17
16356 5
16363 15
16366 19
16367 16
16369 28
16370 25
16371 10
16373 11
16374 5
16377 20
16381 29
16383 26
16384 24
16386 1
16390 20
16393 3
16395 18
16397 0
16411 12
16412 5
16415 15
16416 4
16417 26
16421 18
16424 27
16425 12
16434 22
16435 6
16438 29
16444 24
16450 5
16451 3
16456 1
16458 11
16463 24
16476 1
16478 18
16481 14
16482 23
16485 19
16488 1
16494 15
16503 27
16506 12
16508 28
16510 15
16512 28
16513 12
16517 13
16527 14
16528 15
16529 27
16530 31
16531 15
16534 10
16544 31
16545 22
16546 1
16548 26
16549 13
16550 28
16551 27
16552 29
16555 20
16557 8
16559 3
16560 28
16564 24
16573 31
16576 30
16577 14
16578 13
16583 14
16584 10
16591 6
16594 27
16600 11
16606 4
16615 6
16618 3
16620 21
16627 12
16629 29
16631 9
16633 0
16636 18
16638 0
16640 30
16641 21
16642 2
16643 14
16644 20
16653 16
16655 15
16657 9
16658 26
16663 22
16664 28
16665 0
16669 1
16670 15
16671 1
16677 16
16678 11
16679 27
16680 4
16681 23
16691 9
16692 13
16697 9
16706 14
16710 20
16712 17
16714 10
16715 15
16718 21
16722 30
16723 29
16724 31
16726 28
16729 27
16734 2
16736 4
16737 11
16739 21
16740 22
16744 8
16747 21
16753 17
16755 0
16756 13
16760 0
16768 19
16773 26
16777 30
16780 28
16782 27
16790 17
16798 15
16799 16
16808 1
16809 17
16811 14
16813 5
16818 23
16823 22
16825 25
16826 15
16829 8
16830 11
16832 10
16834 20
16838 30
16843 6
16844 27
16849 12
16853 11
16856 2
16857 23
16863 1
16865 10
16867 1
16868 8
16869 4
16874 6
16877 13
16878 21
16880 13
16881 24
16883 31
16888 20
16889 11
16890 18
16893 25
16896 8
16897 4
16898 11
16899 16
16902 1
16906 14
16907 28
16915 8
16932 17
16937 5
16938 10
16939 13
16942 4
16944 9
16950 26
16953 2
16954 24
16958 2
16960 10
16967 21
16969 30
16973 27
16974 7
16980 21
16987 2
16991 17
16992 23
16993 3
16997 20
16998 14
16999 8
17000 6
17002 15
17007 5
17008 2
17009 8
17010 13
17016 15
17019 30
17023 16
17029 10
17038 3
17040 12
17041 4
17043 2
17044 7
17045 13
17053 10
17054 8
17057 23
17060 6
17062 4
17064 14
17065 30
17066 14
17067 18
17073 26
17074 6
17075 23
17078 21
17081 0
17083 31
17086 12
17089 0
17093 22
17094 31
17095 14
17097 25
17102 7
17105 23
17106 25
17107 7
17114 10
17119 4
17125 24
17128 4
17131 23
17133 13
17136 19
17138 7
17146 16
17149 22
17154 18
17159 14
17163 27
17166 23
17177 25
17179 24
17183 12
17188 18
17189 28
17193 5
17198 15
17202 31
17210 18
17214 17
17215 10
17216 2
17220 24
17222 4
17234 9
17235 25
17236 31
17237 11
17238 10
17240 9
17244 5
17246 7
17247 22
17248 26
17250 3
17255 8
17260 18
17261 1
17262 8
17264 23
17266 25
17271 15
17272 23
17274 2
17282 4
17285 10
17294 11
17295 28
17297 21
17300 6
17304 9
17305 28
17308 25
17309 16
17311 6
17313 18
17315 4
17316 7
17317 0
17319 15
17320 1
17321 0
17324 5
17330 0
17331 13
17336 8
17338 23
17341 28
17342 9
17344 17
17346 30
17349 28
17350 25
17351 30
17352 11
17353 15
17354 0
17356 14
17360 15
17368 18
17372 31
17373 15
17374 3
17375 10
17381 4
17382 28
17383 9
17386 0
17387 9
17390 10
17396 7
17397 14
17398 30
17400 0
17401 18
17406 25
17408 4
17409 30
17414 12
17415 6
17416 16
17422 24
17423 5
17429 20
17430 18
17435 13
17437 0
17440 23
17446 0
17452 2
17453 27
17462 24
17465 3
17471 7
17477 8
17479 17
17498 5
17501 29
17510 6
17511 0
17512 10
17513 8
17514 25
17515 23
17516 2
17518 14
17522 27
17523 1
17527 18
17531 23
17532 7
17535 19
17536 1
17550 22
17551 31
17552 9
17556 3
17557 6
17560 11
17561 28
17563 19
17566 13
17573 5
17575 10
17577 1
17578 3
17582 13
17586 14
17593 23
17595 4
17596 31
17598 12
17599 31
17602 24
17614 29
17616 2
17617 11
17620 14
17622 3
17629 6
17630 14
17632 17
17633 18
17634 7
17635 3
17636 9
17639 25
17640 1
17642 28
17645 14
17648 20
17650 7
17654 2
17655 19
17658 31
17665 0
17666 1
17669 7
17670 5
17671 6
17678 30
17679 26
17680 10
17683 2
17689 13
17692 15
17694 5
17695 1
17696 23
17698 14
17700 27
17702 25
17703 3
17705 29
17706 28
17709 15
17712 4
17715 18
17717 12
17720 22
17723 29
17726 6
17728 27
17731 3
17734 23
17738 14
17739 15
17740 27
17741 4
17744 28
17745 16
17747 9
17748 12
17749 2
17750 3
17756 17
17757 19
17759 27
17770 16
17774 12
17775 30
17776 20
17781 25
17782 19
17783 0
17786 10
17787 27
17789 30
17790 7
17794 14
17797 1
17799 19
17800 31
17801 19
17805 11
17806 4
17807 0
17810 29
17811 7
17813 11
17817 17
17821 2
17822 8
17826 13
17830 28
17834 31
17835 2
17838 8
17842 3
17845 31
17847 24
17850 17
17854 6
17857 13
17859 19
17867 12
17869 10
17871 15
17874 17
17880 20
17881 28
17882 29
17887 23
17890 0
17891 23
17893 7
17894 5
17896 31
17897 8
17899 13
17901 8
17904 10
17907 17
17912 22
17914 10
17916 16
17917 9
17922 1
17926 4
17927 1
17929 13
17931 2
17936 26
17937 22
17938 9
17939 17
17940 31
17945 7
17946 4
17948 26
17949 18
17953 7
17955 11
17960 17
17961 16
17969 31
17971 1
17976 13
17977 18
17980 24
17988 11
17995 8
17997 15
17998 7
18001 25
18002 16
18003 1
18005 29
18007 16
18008 30
18009 3
18012 10
18014 0
18015 6
18016 24
18017 25
18018 8
18025 16
18028 15
18032 5
18033 14
18034 2
18036 19
18038 18
18040 11
18041 24
18042 3
18045 26
18047 24
18049 25
18050 13
18060 2
18064 19
18071 23
18072 10
18073 7
18075 27
18089 3
18097 25
18104 9
18105 1
18107 3
18112 25
18114 28
18118 15
18127 14
18129 22
18139 0
18141 29
18145 28
18148 5
18153 10
18154 3
18157 4
18159 21
18163 12
18165 27
18166 28
18167 12
18168 9
18169 6
18170 23
18171 9
18172 11
18173 17
18174 7
18175 19
18178 6
18180 24
18181 23
18184 27
18186 31
18188 28
18190 9
18191 30
18192 25
18193 11
18196 27
18199 11
18201 29
18202 6
18204 29
18210 25
18212 24
18223 30
18227 18
18233 13
18234 31
18237 11
18244 6
18245 0
18246 7
18250 19
18251 5
18253 26
18262 18
18264 22
18265 19
18267 5
18269 19
18271 14
18278 18
18280 3
18282 19
18283 26
18287 31
18296 29
18298 26
18303 6
18304 19
18305 2
18308 9
18312 10
18320 14
18326 13
18327 15
18328 17
18331 3
18334 9
18340 21
18345 18
18351 23
18352 4
18354 8
18355 13
18356 6
18359 16
18361 22
18368 1
18369 22
18372 21
18373 3
18375 6
18376 16
18379 10
18380 13
18381 5
18383 22
18385 8
18390 11
18393 17
18396 19
18399 5
18405 18
18409 14
18411 12
18413 2
18418 13
18419 4
18422 28
18424 2
18427 20
18428 22
18432 8
18436 0
18437 26
18439 3
18442 20
18443 17
18448 19
18450 1
18451 28
18454 10
18455 14
18457 20
18458 14
18461 28
18465 19
18466 13
18469 24
18471 14
18474 30
18475 2
18476 7
18479 13
18480 17
18483 14
18490 6
18493 21
18497 5
18502 0
18511 15
18512 13
18514 0
18516 11
18519 19
18523 7
18525 2
18535 8
18541 4
18542 3
18543 2
18544 27
18545 23
18547 13
18549 18
18554 7
18555 30
18556 10
18558 6
18560 4
18562 13
18565 25
18566 24
18567 8
18573 0
18574 13
18575 31
18581 18
18582 16
18585 31
18587 3
18588 2
18589 9
18594 22
18595 17
18598 20
18600 24
18602 0
18604 19
18606 3
18607 17
18610 16
18614 28
18615 24
18617 14
18621 22
18624 1
18627 3
18628 9
18632 1
18641 20
18643 21
18644 8
18650 12
18652 15
18654 1
18657 21
18658 20
18659 7
18661 3
18662 6
18663 27
18664 20
18667 18
18669 15
18674 22
18676 29
18679 22
18682 14
18683 26
18684 1
18690 22
18691 29
18694 24
18695 26
18698 27
18700 26
18703 8
18704 21
18705 16
18706 24
18707 23
18711 9
18712 30
18714 11
18715 3
18717 7
18718 28
18719 15
18721 7
18722 31
18724 12
18730 18
18734 9
18736 18
18739 20
18743 7
18744 28
18746 13
18747 5
18748 16
18749 18
18755 25
18759 12
18762 26
18764 15
18765 29
18767 9
18768 27
18772 14
18773 7
18775 19
18778 27
18781 9
18782 28
18784 10
18785 4
18791 27
18793 15
18798 13
18801 27
18804 31
18805 13
18808 6
18809 16
18811 12
18814 27
18815 26
18816 27
18821 0
18830 24
18832 26
18833 8
18834 3
18835 7
18837 25
18838 13
18849 22
18854 16
18858 3
18860 22
18862 23
18863 11
18871 18
18876 7
18877 12
18887 9
18893 13
18895 9
18898 29
18900 1
18901 4
18904 5
18905 28
18906 23
18907 10
18909 14
18917 30
18919 7
18921 11
18922 6
18924 9
18927 15
18931 24
18932 6
18934 15
18941 13
18946 2
18948 17
18950 27
18957 0
18958 9
18961 2
18962 23
18966 24
18972 27
18973 13
18983 21
18984 12
18989 8
18990 2
18991 4
18993 2
18997 1
18998 3
18999 20
19001 9
19002 14
19006 20
19007 0
19010 12
19011 23
19012 2
19016 11
19022 27
19023 8
19025 26
19026 31
19027 29
19028 24
19029 18
19032 13
19035 16
19037 15
19041 21
19043 4
19045 27
19047 20
19048 4
19050 1
19054 10
19059 0
19061 6
19062 22
19065 28
19067 13
19070 0
19071 28
19073 23
19075 9
19077 29
19080 30
19095 7
19096 13
19101 3
19102 16
19103 9
19104 24
19106 13
19107 31
19109 21
19111 19
19119 14
19120 2
19121 24
19122 17
19123 24
19124 26
19126 15
19128 14
19129 10
19137 23
19139 30
19140 8
19142 1
19144 9
19146 12
19148 7
19149 4
19158 25
19166 20
19169 9
19171 7
19175 31
19176 26
19178 31
19181 4
19182 6
19183 16
19187 24
19188 12
19190 19
19191 13
19193 1
19195 21
19199 31
19203 9
19204 20
19205 13
19208 26
19209 6
19210 5
19217 16
19218 13
19224 0
19225 19
19226 3
19228 9
19234 28
19237 18
19242 9
19246 12
19247 5
19249 29
19251 20
19257 30
19258 8
19259 17
19260 4
19263 15
19265 2
19270 29
19277 28
19282 10
19285 26
19292 12
19295 19
19296 3
19300 20
19302 13
19303 30
19305 19
19306 21
19307 14
19310 12
19312 25
19313 23
19315 28
19316 16
19320 29
19321 8
19322 10
19327 30
19330 1
19342 22
19347 17
19348 13
19352 26
19354 30
19355 11
19359 2
19363 22
19364 15
19365 6
19367 16
19368 25
19370 26
19373 22
19375 11
19378 1
19380 23
19382 28
19384 6
19385 25
19387 18
19388 16
19392 2
19395 12
19403 3
19405 0
19407 12
19412 6
19414 8
19424 9
19428 0
19429 30
19430 11
19431 26
19432 27
19433 5
19434 25
19435 1
19439 13
19442 7
19446 8
19450 26
19451 31
19456 11
19460 31
19461 1
19468 7
19470 24
19472 20
19474 23
19483 2
19484 5
19485 8
19491 19
19492 1
19493 13
19494 15
19496 13
19499 8
19500 28
19503 4
19509 0
19510 15
19513 21
19514 25
19520 26
19523 17
19526 0
19529 7
19530 12
19532 7
19534 26
19536 16
19537 24
19538 18
19542 15
19547 6
19552 12
19566 18
19571 25
19572 23
19573 1
19576 18
19578 4
19581 24
19582 9
19584 5
19587 6
19588 7
19591 13
19593 9
19598 11
19604 15
19610 2
19612 23
19616 24
19617 9
19622 18
19623 4
19625 19
19629 1
19631 29
19634 15
19636 30
19637 28
19642 27
19649 18
19651 25
19652 23
19657 22
19660 8
19661 30
19668 31
19672 8
19675 24
19676 15
19677 21
19678 29
19679 1
19680 7
19689 5
19692 14
19694 23
19695 20
19702 17
19703 6
19706 23
19707 28
19713 15
19715 27
19718 26
19719 25
19721 15
19725 18
19731 16
19732 5
19737 20
19738 4
19743 7
19748 11
19749 0
19750 6
19755 9
19759 28
19762 23
19763 8
19766 2
19767 31
19776 1
19777 3
19783 21
19786 1
19790 25
19792 0
19794 27
19800 30
19801 25
19805 5
19806 9
19811 24
19822 5
19830 7
19831 2
19832 29
19834 23
19835 19
19836 9
19837 23
19838 28
19840 22
19843 11
19846 24
19847 25
19850 24
19854 29
19855 13
19857 0
19861 13
19862 12
19864 30
19867 11
19878 12
19881 23
19885 17
19887 9
19891 4
19899 9
19900 19
19902 31
19903 15
19906 11
19908 17
19911 18
19917 25
19918 22
19920 28
19928 7
19929 31
19930 13
19931 31
19933 14
19935 18
19936 22
19943 0
19944 9
19946 0
19953 25
19954 20
19955 13
19957 20
19959 19
19962 31
19964 3
19965 30
19976 12
19979 17
19985 14
19986 30
19991 25
19992 28
19996 23
20000 20
20001 1
20003 3
20005 10
20007 13
20008 22
20010 20
20011 7
20013 27
20016 16
20019 17
20021 12
20024 16
20035 2
20038 25
20041 7
20042 2
20045 1
20046 23
20053 27
20064 16
20066 23
20067 9
20069 29
20071 22
20079 18
20082 22
20084 18
20087 14
20090 3
20091 18
20095 0
20100 26
20104 28
20105 17
20107 12
20113 15
20115 12
20117 10
20118 8
20124 23
20128 13
20129 30
20136 3
20140 4
20142 31
20147 17
20148 11
20149 14
20153 20
20154 19
20156 22
20157 9
20158 30
20162 15
20167 30
20169 23
20171 12
20172 11
20174 31
20177 6
20178 18
20182 17
20186 5
20197 15
20200 18
20204 23
20207 6
20209 25
20215 24
20216 9
20220 26
20222 16
20226 12
20228 9
20240 17
20244 27
20247 26
20248 12
20249 26
20259 15
20261 8
20262 19
20263 9
20264 7
20267 8
20269 16
20270 20
20271 15
20274 6
20278 9
20280 11
20285 19
20289 2
20291 16
20292 26
20299 30
20300 8
20301 19
20303 8
20305 5
20310 20
20311 12
20312 24
20315 11
20316 26
20318 20
20320 15
20322 17
20326 26
20333 15
20338 19
20341 15
20344 20
20345 2
20346 24
20348 29
20351 5
20355 13
20358 10
20362 9
20364 24
20369 13
20371 2
20382 27
20383 1
20391 11
20392 29
20393 16
20396 11
20397 12
20398 26
20399 3
20404 22
20412 18
20414 22
20418 30
20419 14
20420 11
20431 31
20433 22
20434 5
20435 19
20441 27
20443 26
20445 25
20448 4
20457 1
20461 22
20462 20
20464 29
20466 1
20467 4
20468 12
20469 5
20472 4
20477 16
20486 14
20489 19
20493 13
20502 6
20504 27
20509 13
20510 10
20513 19
20518 3
20519 4
20522 7
20523 3
20524 27
20525 12
20527 0
20532 22
20536 3
20539 4
20545 11
20546 26
20547 31
20553 19
20555 2
20556 4
20557 8
20559 9
20562 31
20563 14
20564 21
20569 20
20576 16
20582 4
20584 9
20585 27
20586 21
20589 27
20595 29
20596 22
20601 12
20603 17
20604 2
20605 16
20606 3
20607 23
20609 13
20610 2
20611 0
20614 7
20616 13
20618 15
20629 11
20631 2
20636 13
20644 0
20646 12
20647 22
20649 23
20652 24
20655 3
20662 31
20665 12
20670 13
20673 12
20674 30
20675 28
20677 14
20680 1
20682 23
20683 0
20686 8
20689 17
20690 14
20692 13
20693 26
20694 11
20697 24
20699 30
20701 12
20714 7
20715 9
20717 17
20721 9
20723 24
20726 6
20728 17
20731 0
20734 2
20737 17
20738 27
20739 18
20741 23
20742 6
20749 24
20752 1
20754 2
20758 29
20762 0
20764 11
20767 19
20771 11
20773 7
20778 17
20780 14
20784 9
20785 7
20795 9
20811 2
20817 28
20818 8
20822 4
20823 22
20824 3
20830 23
20831 12
20832 10
20834 21
20836 5
20841 25
20842 6
20845 22
20849 25
20852 29
20854 0
20857 25
20858 15
20859 13
20860 28
20861 0
20863 26
20865 19
20867 24
20868 12
20875 7
20883 2
20886 31
20890 17
20891 11
20896 30
20899 15
20901 13
20902 30
20904 5
20907 28
20910 12
20912 16
20915 31
20916 0
20917 7
20926 3
20930 12
20931 22
20933 25
20940 2
20945 21
20946 17
20949 27
20954 7
20957 28
20958 1
20963 19
20967 8
20968 18
20969 9
20971 5
20978 6
20982 16
20983 29
20985 6
20988 22
20989 30
20991 14
20992 1
20995 3
20997 9
20998 27
21000 23
21001 29
21003 25
21005 0
21008 7
21009 30
21011 6
21016 26
21019 10
21020 5
21030 15
21034 9
21040 22
21048 21
21052 11
21054 30
21059 12
21061 29
21065 4
21067 24
21070 26
21072 18
21074 0
21076 27
21077 25
21081 28
21083 4
21087 9
21088 5
21089 3
21090 16
21092 9
21094 17
21095 6
21106 24
21108 0
21109 16
21110 6
21111 10
21115 16
21117 21
21120 13
21121 9
21124 28
21126 7
21135 13
21143 6
21146 31
21148 8
21149 25
21151 23
21153 5
21157 24
21161 17
21167 10
21168 13
21170 19
21171 9
21172 19
21176 23
21177 6
21179 24
21181 14
21182 10
21184 6
21188 12
21191 28
21192 23
21194 31
21200 6
21201 25
21202 7
21203 24
21211 30
21214 18
21215 6
21220 15
21223 3
21227 7
21228 29
21230 6
21232 19
21236 28
21237 19
21238 23
21249 30
21252 12
21254 28
21259 23
21261 13
21263 17
21266 5
21268 29
21277 16
21278 19
21284 6
21287 3
21292 8
21296 31
21298 19
21299 28
21300 22
21309 30
21310 15
21311 20
21315 8
21317 10
21320 6
21325 30
21326 4
21330 19
21331 22
21333 31
21335 6
21336 18
21337 5
21338 15
21346 14
21348 9
21351 6
21353 15
21354 28
21355 12
21356 8
21361 28
21370 15
21374 21
21376 10
21377 26
21380 25
21386 21
21387 9
21389 4
21390 6
21392 29
21393 16
21395 7
21396 18
21399 8
21400 18
21401 20
21402 11
21407 9
21409 10
21412 27
21416 30
21417 24
21418 3
21419 0
21421 21
21422 9
21423 21
21424 25
21425 10
21426 25
21429 27
21430 14
21433 25
21438 19
21440 8
21442 29
21444 10
21445 14
21447 18
21452 28
21454 3
21457 17
21458 6
21461 21
21462 23
21465 8
21466 30
21467 14
21468 24
21472 13
21481 15
21484 14
21489 10
21492 7
21493 11
21496 0
21501 23
21502 15
21503 10
21506 0
21507 27
21508 21
21509 16
21517 2
21518 0
21522 24
21523 4
21528 11
21533 3
21534 11
21536 28
21538 5
21539 2
21540 19
21543 27
21548 1
21555 18
21559 11
21560 1
21561 16
21567 20
21574 13
21578 4
21581 29
21582 28
21584 25
21587 23
21589 26
21591 1
21594 17
21605 30
21607 0
21608 30
21609 21
21610 8
21612 2
21615 26
21618 15
21620 12
21621 21
21624 14
21627 13
21629 9
21631 20
21632 6
21634 28
21639 0
21641 3
21642 30
21646 18
21647 11
21649 13
21658 1
21659 22
21660 24
21662 1
21663 21
21665 20
21666 16
21668 3
21669 29
21670 10
21679 11
21685 13
21688 5
21703 0
21705 27
21706 15
21708 16
21710 31
21712 13
21714 4
21716 12
21719 13
21720 23
21724 16
21727 31
21729 23
21731 17
21734 24
21740 30
21743 11
21745 27
21746 26
21748 21
21754 29
21755 24
21756 3
21759 4
21763 14
21765 2
21767 25
21770 12
21776 23
21777 21
21778 4
21780 9
21781 15
21785 2
21786 25
21787 5
21789 29
21790 13
21791 1
21792 31
21796 9
21797 25
21800 15
21803 0
21806 21
21807 5
21808 8
21810 6
21813 25
21814 9
21817 26
21820 3
21824 7
21827 17
21828 18
21830 29
21836 22
21838 15
21842 28
21847 4
21848 3
21852 9
21854 5
21855 28
21857 21
21858 6
21862 17
21867 25
21869 27
21870 9
21871 21
21872 10
21881 30
21882 31
21883 3
21885 15
21887 4
21897 11
21901 22
21903 9
21905 13
21906 25
21908 29
21909 1
21910 0
21913 14
21914 29
21916 28
21917 22
21921 21
21923 11
21924 20
21925 14
21929 28
21930 25
21931 18
21939 25
21940 29
21945 31
21949 15
21953 11
21956 0
21957 12
21959 25
21969 7
21973 3
21974 29
21978 30
21988 26
21989 24
21990 21
21992 11
21996 22
21998 7
21999 0
22000 24
22001 10
22003 9
22004 27
22006 10
22009 29
22011 0
22015 29
22016 11
22018 24
22019 2
22020 15
22028 5
22034 3
22035 30
22036 1
22037 16
22039 28
22040 7
22042 0
22043 22
22046 6
22047 11
22048 16
22050 20
22051 1
22053 26
22054 19
22062 24
22065 27
22066 21
22071 12
22073 19
22077 0
22079 8
22080 30
22084 4
22085 29
22088 10
22089 11
22090 10
22091 9
22096 31
22097 25
22098 18
22099 0
22103 7
22104 16
22105 14
22106 21
22114 9
22115 21
22118 26
22128 27
22129 13
22130 25
22136 24
22137 11
22140 8
22142 25
22145 2
22146 7
22147 0
22150 14
22151 13
22152 2
22153 18
22157 31
22158 6
22161 11
22170 6
22172 24
22173 9
22175 7
22176 29
22177 26
22183 22
22185 12
22187 17
22188 20
22196 31
22202 25
22211 12
22214 23
22224 31
22225 24
22226 10
22228 4
22236 5
22241 18
22242 3
22244 4
22246 0
22249 19
22258 22
22259 30
22260 23
22264 12
22267 9
22268 29
22270 3
22274 0
22277 12
22278 23
22279 9
22282 8
22294 29
22295 23
22297 29
22301 13
22305 30
22306 21
22314 9
22316 19
22319 28
22324 4
22329 28
22330 0
22331 29
22332 5
22333 10
22340 25
22346 11
22350 28
22352 30
22353 24
22354 29
22358 24
22362 6
22363 11
22364 19
22365 24
22372 13
22373 2
22374 29
22379 7
22380 25
22383 9
22394 29
22396 8
22404 23
22406 6
22407 31
22409 27
22411 1
22413 17
22414 5
22416 26
22417 2
22419 11
22420 20
22421 9
22423 8
22430 21
22431 17
22436 1
22437 14
22442 5
22443 17
22446 31
22449 12
22453 26
22459 28
22460 8
22467 28
22468 11
22470 0
22471 21
22473 0
22474 1
22477 0
22485 30
22486 16
22488 15
22496 6
22497 7
22498 16
22503 27
22504 18
22508 26
22509 14
22514 7
22518 5
22520 11
22524 3
22526 28
22527 20
22531 19
22533 8
22539 18
22541 16
22542 13
22545 31
22546 4
22548 24
22549 15
22553 30
22554 8
22556 6
22561 25
22567 16
22569 26
22570 16
22572 3
22573 28
22574 1
22577 21
22578 13
22579 28
22580 8
22581 30
22582 13
22585 25
22586 8
22587 6
22588 17
22592 5
22594 10
22604 27
22607 17
22615 16
22619 11
22622 26
22626 7
22628 19
22630 26
22638 24
22639 10
22641 31
22644 30
22648 23
22651 30
22657 21
22658 1
22664 11
22665 23
22672 26
22673 18
22676 10
22679 20
22682 0
22684 1
22687 18
22688 10
22695 15
22697 31
22699 10
22701 9
22702 29
22705 25
22708 17
22709 27
22712 8
22716 11
22718 30
22720 4
22721 20
22722 5
22724 26
22727 29
22728 2
22729 14
22730 20
22731 23
22748 18
22749 12
22751 0
22752 6
22754 23
22757 4
22763 13
22774 22
22775 16
22778 24
22786 3
22787 5
22791 28
22792 27
22793 18
22798 30
22801 29
22808 2
22814 22
22819 2
22821 9
22823 19
22824 18
22827 23
22828 21
22830 31
22831 2
22832 22
22839 16
22840 28
22844 12
22851 24
22855 27
22857 4
22863 0
22866 17
22873 27
22876 20
22877 23
22878 8
22882 16
22885 10
22886 19
22889 10
22890 26
22891 9
22892 1
22894 20
22898 29
22900 21
22904 5
22905 31
22908 20
22912 7
22913 5
22915 1
22920 30
22921 23
22923 8
22924 25
22928 15
22929 22
22930 12
22935 1
22937 6
22938 22
22944 3
22945 5
22946 23
22949 18
22951 23
22970 12
22974 20
22976 9
22977 15
22980 31
22987 15
22988 12
22989 13
22991 27
22994 17
23002 10
23004 16
23005 2
23008 6
23011 25
23012 6
23014 16
23016 0
23021 31
23022 27
23026 0
23030 6
23033 10
23034 0
23035 16
23036 7
23042 26
23043 6
23051 19
23052 3
23061 19
23072 30
23074 15
23078 17
23079 20
23082 7
23090 0
23091 12
23094 28
23095 10
23098 21
23101 8
23103 30
23106 15
23107 7
23108 3
23112 15
23114 12
23115 30
23116 18
23121 3
23123 24
23124 11
23127 1
23135 15
23136 14
23139 21
23141 6
23144 30
23147 20
23149 21
23152 6
23156 14
23160 18
23166 5
23168 22
23170 6
23173 1
23179 13
23182 4
23184 6
23185 29
23191 2
23193 19
23198 11
23199 3
23203 29
23206 25
23207 16
23215 22
23217 16
23220 24
23222 15
23230 4
23231 28
23232 14
23239 27
23244 1
23247 31
23251 18
23252 5
23255 16
23256 0
23268 7
23271 15
23276 29
23283 19
23285 29
23286 14
23295 16
23302 10
23305 1
23306 27
23307 23
23309 30
23315 2
23325 29
23327 13
23328 19
23330 22
23332 23
23339 4
23340 23
23342 20
23346 7
23348 23
23350 21
23352 10
23357 12
23360 19
23362 29
23367 28
23369 21
23373 19
23374 11
23375 15
23381 2
23383 0
23384 9
23386 4
23388 24
23389 5
23399 4
23403 29
23406 16
23409 25
23410 10
23413 22
23414 6
23416 16
23417 26
23418 10
23419 6
23420 3
23428 23
23430 4
23432 24
23440 19
23444 22
23445 16
23446 27
23447 7
23449 31
23450 6
23451 29
23454 13
23455 7
23457 25
23459 16
23466 23
23469 21
23473 17
23474 0
23479 16
23486 13
23489 16
23490 5
23493 30
23496 21
23497 2
23502 3
23507 7
23509 13
23510 21
23515 3
23516 13
23517 17
23518 12
23519 26
23522 30
23528 21
23529 28
23530 16
23533 19
23534 31
23538 5
23541 15
23545 0
23546 10
23547 31
23550 18
23551 17
23552 12
23555 9
23556 28
23559 0
23561 13
23562 21
23565 7
23569 14
23572 28
23575 11
23577 9
23578 10
23582 24
23587 7
23589 17
23591 27
23594 18
23596 23
23601 24
23602 23
23604 16
23608 31
23609 0
23610 8
23613 16
23616 21
23618 12
23619 5
23620 6
23621 21
23624 28
23625 24
23627 3
23628 22
23632 30
23633 28
23636 0
23638 13
23646 23
23647 4
23648 0
23656 6
23658 20
23660 5
23663 18
23667 28
23668 3
23674 15
23676 26
23678 14
23680 26
23681 12
23692 16
23693 0
23697 16
23698 4
23700 28
23703 21
23714 20
23716 14
23717 4
23723 1
23733 11
23734 2
23735 31
23737 11
23740 3
23742 9
23745 11
23747 26
23750 22
23753 13
23755 11
23757 8
23761 31
23762 24
23763 4
23764 16
23765 15
23769 9
23770 19
23771 8
23778 3
23786 27
23789 22
23790 2
23794 25
23799 27
23801 28
23803 25
23804 4
23809 8
23810 20
23814 1
23819 24
23829 23
23832 14
23833 4
23834 31
23839 29
23843 9
23844 26
23852 7
23856 28
23860 24
23862 6
23868 22
23869 0
23870 9
23872 7
23876 17
23877 8
23878 16
23879 7
23880 16
23885 15
23887 27
23891 10
23892 5
23893 25
23894 17
23895 19
23898 8
23899 16
23903 1
23906 7
23907 1
23908 26
23909 10
23915 7
23916 30
23920 13
23922 27
23924 7
23926 29
23927 14
23932 24
23933 21
23941 1
23944 14
23948 1
23952 6
23963 2
23965 30
23966 12
23967 27
23969 2
23972 7
23973 5
23975 9
23977 18
23984 15
23996 0
23997 28
24005 19
24006 11
24014 4
24015 11
24016 3
24018 31
24020 22
24026 5
24031 6
24036 16
24037 29
24042 7
24047 16
24049 8
24050 30
24052 31
24053 4
24054 26
24058 29
24060 28
24064 13
24067 19
24069 3
24071 18
24075 15
24076 16
24079 2
24080 31
24083 14
24084 29
24087 9
24090 3
24091 31
24097 29
24099 17
24100 21
24104 30
24106 22
24107 7
24109 5
24111 0
24116 29
24118 1
24122 21
24123 7
24128 19
24131 17
24134 31
24136 27
24138 20
24141 17
24144 13
24146 1
24148 20
24151 22
24152 1
24154 7
24155 23
24162 7
24168 16
24179 29
24183 17
24186 19
24188 1
24191 20
24193 11
24197 12
24204 24
24205 10
24208 6
24209 28
24211 26
24213 22
24216 26
24217 10
24219 5
24220 6
24224 27
24225 22
24226 20
24228 29
24229 31
24231 22
24232 19
24237 4
24238 17
24242 6
24243 12
24244 31
24245 30
24248 3
24250 20
24253 28
24254 30
24258 10
24259 26
24261 1
24262 19
24270 21
24273 30
24275 4
24289 26
24291 14
24298 17
24300 10
24301 15
24303 29
24305 3
24307 8
24320 10
24323 8
24324 22
24330 9
24332 5
24342 26
24345 0
24348 8
24355 11
24360 9
24364 11
24371 24
24373 20
24377 7
24382 0
24385 16
24388 14
24389 2
24391 1
24397 25
24401 30
24403 3
24408 29
24411 12
24412 1
24415 11
24418 17
24425 3
24428 17
24429 25
24431 3
24435 19
24440 23
24441 15
24445 12
24449 22
24453 21
24455 1
24457 12
24458 5
24459 16
24461 28
24464 25
24467 11
24469 15
24474 5
24475 12
24476 7
24479 15
24485 12
24488 19
24489 13
24493 18
24494 10
24497 13
24498 15
24499 31
24501 13
24506 25
24508 4
24512 13
24514 25
24518 13
24519 8
24523 13
24524 25
24525 7
24529 23
24530 30
24532 14
24536 5
24538 27
24539 9
24543 10
24546 12
24547 18
24555 28
24558 6
24560 17
24563 21
24564 11
24566 17
24569 20
24571 19
24576 6
24582 24
24583 1
24584 4
24585 29
24588 15
24592 16
24594 17
24595 6
24597 24
24598 6
24599 29
24608 1
24609 28
24610 20
24614 16
24616 4
24624 25
24626 28
24627 3
24630 1
24633 8
24634 23
24642 26
24648 9
24652 7
24653 5
24654 27
24657 9
24658 14
24659 11
24662 5
24666 30
24672 5
24675 21
24677 18
24678 24
24679 23
24689 27
24694 15
24697 21
24700 3
24701 12
24704 5
24705 23
24706 0
24712 18
24715 19
24718 10
24720 28
24721 25
24722 6
24723 10
24725 16
24728 31
24731 16
24733 9
24735 31
24736 28
24737 16
24738 31
24742 1
24743 14
24748 28
24753 21
24756 1
24762 6
24764 10
24768 11
24772 23
24777 0
24778 1
24780 12
24785 24
24786 6
24788 0
24790 1
24791 17
24794 29
24795 14
24801 21
24805 31
24806 7
24811 3
24814 2
24818 6
24824 3
24825 5
24826 24
24827 2
24831 9
24833 25
24836 2
24839 13
24845 22
24848 5
24850 28
24858 21
24861 27
24862 2
24869 10
24873 3
24877 18
24879 28
24880 30
24881 7
24884 19
24891 5
24892 21
24899 22
24903 21
24909 31
24910 25
24911 10
24915 19
24916 12
24922 14
24923 22
24926 1
24928 29
24930 9
24934 17
24937 30
24938 22
24939 9
24942 4
24944 0
24945 3
24946 12
24947 9
24949 16
24952 9
24955 29
24956 7
24958 25
24961 20
24962 1
24963 15
24966 22
24970 2
24971 12
24973 24
24984 6
24985 8
24986 10
24988 22
24989 21
24990 7
24991 0
24992 27
24993 25
24994 21
24998 25
25003 10
25005 2
25009 19
25010 9
25016 21
25022 20
25024 0
25025 27
25029 2
25036 7
25042 23
25045 19
25047 18
25048 29
25051 4
25058 31
25060 13
25062 3
25065 6
25067 26
25068 21
25069 29
25071 27
25074 8
25075 22
25076 31
25077 11
25078 26
25083 16
25086 27
25088 17
25091 11
25095 4
25102 30
25103 23
25108 14
25109 25
25111 8
25114 4
25118 28
25122 22
25129 5
25130 3
25131 19
25132 12
25133 14
25135 28
25139 25
25141 2
25142 22
25143 5
25147 26
25150 30
25156 25
25160 27
25167 12
25176 0
25177 25
25178 26
25179 14
25181 10
25182 3
25186 26
25188 25
25189 16
25191 9
25192 17
25194 11
25200 21
25203 22
25205 3
25207 19
25208 31
25210 15
25211 22
25212 18
25223 5
25224 22
25226 23
25227 14
25231 11
25235 30
25236 9
25239 31
25240 4
25242 31
25246 7
25250 13
25251 9
25252 21
25253 17
25258 9
25263 22
25270 4
25271 31
25275 16
25276 0
25277 28
25278 25
25281 27
25288 9
25290 16
25293 1
25295 10
25302 12
25304 29
25305 3
25310 12
25312 13
25316 28
25318 1
25322 2
25325 20
25328 22
25330 3
25332 2
25334 18
25336 25
25337 31
25338 28
25339 8
25342 23
25343 14
25346 21
25350 23
25351 0
25357 6
25359 30
25372 11
25374 3
25377 24
25379 11
25381 2
25388 24
25391 15
25394 6
25395 16
25405 4
25409 3
25412 9
25413 2
25417 27
25419 28
25421 27
25427 29
25429 13
25432 25
25434 6
25437 12
25444 16
25445 24
25447 22
25455 12
25460 2
25463 23
25468 29
25469 24
25473 10
25474 9
25481 8
25482 24
25484 23
25487 5
25488 25
25493 15
25498 21
25500 25
25503 18
25506 4
25508 14
25510 28
25511 25
25515 24
25517 12
25524 10
25526 5
25530 11
25531 0
25539 19
25541 12
25544 6
25549 16
25552 11
25554 27
25566 14
25568 7
25569 19
25570 7
25578 14
25579 16
25580 15
25581 4
25582 6
25584 2
25588 11
25589 1
25595 9
25596 29
25597 30
25598 25
25599 1
25600 8
25601 0
25603 1
25605 10
25606 9
25607 11
25609 26
25610 18
25611 30
25613 12
25623 5
25624 31
25627 2
25632 26
25636 12
25637 4
25640 29
25643 20
25644 24
25647 9
25650 14
25652 25
25654 27
25656 2
25657 26
25661 14
25664 22
25666 25
25669 16
25671 30
25672 18
25673 24
25674 7
25677 23
25684 11
25686 9
25693 21
25695 24
25696 3
25697 7
25700 9
25709 8
25710 29
25711 13
25712 0
25718 3
25719 5
25720 28
25725 15
25726 24
25727 30
25729 16
25730 30
25733 16
25734 21
25736 24
25738 17
25743 1
25746 17
25748 30
25752 14
25756 0
25758 7
25766 11
25769 14
25787 6
25788 13
25789 30
25792 24
25794 19
25797 10
25799 11
25805 20
25806 24
25809 23
25810 24
25811 6
25812 19
25814 26
25816 29
25817 22
25819 31
25820 0
25822 27
25828 8
25830 11
25831 15
25837 7
25838 16
25842 3
25844 5
25846 18
25853 0
25856 30
25858 20
25863 29
25868 18
25869 1
25870 10
25871 14
25873 31
25876 16
25879 5
25880 24
25881 16
25882 17
25886 14
25887 11
25888 29
25889 25
25898 23
25899 30
25900 10
25902 19
25904 14
25905 21
25907 11
25911 26
25912 30
25913 10
25914 1
25916 8
25918 19
25919 0
25922 4
25925 13
25928 6
25930 26
25932 7
25933 1
25934 9
25939 27
25941 4
25943 19
25948 30
25953 11
25962 31
25965 19
25969 29
25972 19
25973 6
25975 25
25976 17
25978 23
25980 29
25983 17
25989 1
25993 26
25996 6
26006 22
26007 3
26008 31
26020 10
26022 29
26024 28
26026 13
26027 3
26030 31
26031 18
26032 11
26034 5
26036 2
26037 19
26040 24
26043 6
26046 23
26047 29
26048 14
26049 10
26055 23
26066 27
26072 30
26073 15
26075 3
26079 26
26082 29
26085 30
26091 22
26094 14
26096 6
26101 4
26102 29
26113 0
26114 15
26115 2
26117 11
26122 9
26124 0
26126 29
26129 15
26130 13
26132 8
26133 7
26135 16
26137 20
26139 1
26142 6
26144 1
26146 27
26151 7
26156 26
26157 6
26158 1
26159 31
26161 19
26164 29
26165 5
26175 16
26180 6
26182 25
26184 20
26188 0
26189 1
26195 11
26196 16
26197 0
26198 21
26200 3
26201 17
26202 29
26205 11
26206 19
26208 1
26211 11
26213 19
26230 17
26232 18
26233 28
26235 26
26236 6
26237 22
26241 2
26244 10
26246 5
26247 16
26249 31
26251 24
26252 12
26253 14
26259 31
26267 16
26268 27
26269 9
26270 17
26273 2
26274 25
26278 22
26279 1
26285 26
26286 18
26289 20
26291 2
26293 30
26294 17
26300 16
26301 11
26304 20
26306 10
26307 23
26310 5
26312 14
26314 20
26315 14
26322 7
26326 6
26330 29
26334 24
26335 12
26337 30
26338 4
26340 29
26348 11
26349 2
26350 21
26351 4
26355 19
26356 25
26360 11
26369 21
26372 13
26375 5
26377 20
26379 15
26380 23
26381 27
26382 30
26385 24
26387 7
26388 15
26389 17
26393 11
26395 19
26396 22
26406 10
26407 6
26408 5
26410 22
26415 5
26417 10
26419 1
26424 6
26425 22
26429 31
26433 21
26434 8
26438 4
26440 0
26446 16
26448 31
26456 19
26457 29
26467 3
26468 8
26469 1
26470 27
26473 9
26476 13
26478 24
26479 18
26483 27
26490 26
26494 18
26504 11
26505 7
26506 15
26507 26
26510 29
26514 27
26515 23
26517 10
26519 1
26520 10
26523 0
26528 2
26533 23
26536 17
26538 22
26543 3
26549 13
26551 9
26552 6
26554 27
26558 0
26563 16
26564 26
26568 12
26571 30
26572 31
26581 0
26583 22
26589 20
26590 9
26596 18
26598 4
26600 27
26604 17
26606 26
26607 5
26612 26
26615 6
26618 22
26619 6
26621 14
26632 24
26633 9
26635 2
26642 27
26645 25
26647 10
26648 16
26651 21
26652 19
26654 5
26658 13
26663 9
26665 18
26668 27
26672 0
26676 20
26677 4
26678 19
26679 29
26683 22
26684 11
26685 2
26688 3
26691 30
26697 5
26701 7
26705 13
26712 21
26716 22
26717 6
26721 25
26722 0
26726 28
26728 7
26729 24
26730 16
26739 15
26741 26
26743 16
26745 6
26746 15
26751 20
26759 3
26765 25
26770 10
26773 3
26775 21
26789 11
26794 13
26800 30
26802 29
26803 11
26806 4
26811 30
26814 2
26815 9
26824 3
26835 12
26839 2
26840 12
26841 15
26842 12
26843 5
26847 17
26848 31
26851 16
26852 3
26853 18
26854 20
26855 18
26857 2
26860 23
26861 7
26870 19
26872 4
26878 17
26880 30
26881 3
26888 11
26890 13
26891 3
26901 26
26903 19
26905 16
26910 22
26912 5
26913 27
26914 9
26925 1
26927 3
26929 13
26930 25
26931 9
26932 0
26933 23
26935 1
26937 11
26938 7
26939 30
26941 4
26943 31
26946 9
26947 2
26948 25
26950 26
26952 3
26954 25
26957 22
26958 5
26960 22
26963 11
26964 13
26966 15
26967 31
26971 6
26973 22
26976 25
26979 27
26985 14
26987 23
26992 8
26994 18
26995 30
26996 27
27001 31
27003 19
27004 1
27006 10
27010 28
27011 24
27012 19
27014 22
27017 5
27018 20
27019 13
27021 4
27023 13
27024 29
27025 16
27026 1
27027 29
27030 31
27031 14
27033 27
27035 22
27037 28
27038 19
27043 17
27045 31
27048 7
27049 6
27053 23
27055 1
27057 18
27058 10
27059 5
27060 27
27067 15
27069 23
27071 29
27076 16
27078 1
27080 24
27084 8
27090 12
27093 8
27097 29
27102 30
27103 6
27104 13
27105 10
27111 20
27113 9
27122 17
27125 20
27127 13
27128 27
27130 6
27132 19
27136 29
27137 24
27140 25
27141 3
27147 14
27149 15
27153 27
27154 12
27156 3
27157 27
27160 21
27169 12
27173 10
27175 19
27176 0
27177 16
27178 19
27179 27
27182 0
27183 19
27187 26
27188 29
27189 13
27194 9
27198 22
27199 0
27201 3
27203 30
27205 1
27206 29
27212 28
27219 12
27227 29
27228 27
27229 22
27234 30
27235 29
27238 16
27239 14
27242 13
27245 10
27248 19
27250 23
27253 6
27264 7
27267 24
27270 5
27273 28
27274 7
27283 19
27285 31
27286 10
27288 18
27292 11
27296 29
27301 12
27304 6
27309 31
27311 27
27314 17
27317 4
27320 23
27321 24
27323 11
27325 16
27328 14
27329 28
27330 10
27331 13
27332 10
27334 11
27339 0
27341 18
27342 23
27345 5
27350 4
27354 13
27359 8
27363 24
27366 5
27368 15
27370 7
27374 27
27378 0
27381 13
27382 1
27383 10
27386 2
27387 19
27391 8
27394 28
27395 11
27396 3
27398 5
27405 21
27413 12
27414 7
27415 20
27416 26
27418 8
27419 25
27420 4
27425 2
27428 23
27429 15
27431 28
27435 30
27446 13
27453 2
27458 15
27460 4
27462 26
27464 1
27466 26
27472 23
27474 20
27485 29
27495 10
27496 29
27497 17
27501 28
27514 29
27515 21
27518 25
27523 27
27524 30
27525 11
27529 7
27535 16
27538 10
27544 0
27545 7
27547 30
27548 4
27549 19
27552 6
27553 21
27559 20
27561 8
27562 26
27566 15
27570 25
27571 7
27573 11
27580 31
27581 21
27586 17
27589 23
27592 26
27596 30
27598 11
27599 5
27600 24
27601 30
27602 2
27604 4
27606 12
27608 7
27611 29
27612 20
27613 11
27614 7
27618 19
27619 24
27621 3
27628 6
27629 28
27630 20
27631 25
27634 17
27636 19
27637 29
27640 24
27642 11
27643 31
27644 17
27645 8
27652 6
27655 24
27656 14
27658 23
27659 12
27662 14
27665 4
27669 24
27674 27
27675 5
27678 23
27680 31
27682 24
27685 13
27688 29
27693 6
27695 11
27705 2
27710 28
27711 25
27714 24
27722 15
27724 11
27725 12
27729 13
27730 10
27733 20
27734 30
27740 29
27747 15
27759 22
27767 15
27769 21
27773 6
27783 12
27788 25
27789 22
27791 4
27793 20
27798 22
27800 19
27801 26
27805 17
27808 22
27811 25
27813 4
27815 1
27822 3
27825 2
27828 12
27830 14
27831 3
27833 19
27836 6
27838 3
27841 30
27843 15
27845 10
27846 30
27847 13
27848 10
27851 27
27853 6
27854 25
27857 31
27858 0
27860 21
27861 20
27863 29
27880 6
27882 15
27887 6
27888 17
27889 22
27890 15
27892 5
27894 23
27895 11
27898 0
27900 10
27905 30
27906 1
27915 12
27919 25
27920 17
27923 29
27924 10
27928 29
27932 4
27933 30
27934 20
27936 16
27937 17
27947 16
27948 25
27950 7
27952 5
27955 21
27960 7
27963 2
27965 6
27966 26
27968 11
27970 22
27971 6
27973 2
27976 28
27977 9
27978 18
27979 23
27980 16
27981 29
27983 10
27991 12
27993 2
27995 22
27998 9
28004 31
28006 2
28007 22
28009 13
28013 2
28017 21
28020 23
28024 13
28027 26
28030 27
28031 16
28033 24
28036 16
28039 2
28043 8
28051 25
28053 26
28058 25
28060 15
28064 14
28065 2
28072 17
28076 9
28078 1
28080 7
28084 29
28085 1
28090 7
28092 22
28093 25
28097 30
28099 9
28104 27
28105 0
28109 27
28111 28
28116 6
28119 4
28120 26
28124 16
28127 30
28137 16
28140 29
28148 16
28151 19
28153 15
28156 16
28157 30
28159 4
28167 2
28168 26
28175 15
28176 24
28177 16
28182 18
28184 27
28186 0
28191 7
28192 22
28197 0
28201 21
28207 27
28211 21
28215 26
28217 17
28219 15
28220 7
28225 11
28226 19
28230 13
28232 29
28244 0
28248 4
28249 21
28254 30
28257 5
28259 4
28262 0
28264 13
28270 27
28273 2
28278 12
28284 8
28287 16
28288 7
28289 5
28290 14
28292 4
28295 10
28302 24
28308 11
28310 25
28313 27
28322 4
28327 16
28328 21
28332 28
28335 17
28337 15
28345 13
28349 28
28352 17
28354 28
28355 27
28356 20
28359 30
28370 14
28388 26
28389 7
28390 16
28393 30
28396 4
28398 9
28400 22
28401 16
28403 5
28404 28
28407 8
28408 1
28409 16
28413 17
28417 5
28421 4
28422 14
28426 15
28432 11
28435 0
28439 1
28441 17
28443 29
28446 14
28447 30
28450 15
28459 31
28463 14
28465 8
28467 5
28468 14
28469 16
28470 18
28476 6
28478 20
28479 19
28480 31
28482 11
28485 5
28488 9
28489 3
28490 21
28493 16
28495 7
28498 6
28500 9
28501 15
28502 6
28507 25
28508 28
28509 27
28510 16
28513 5
28518 10
28519 27
28520 19
28522 28
28525 25
28528 18
28530 30
28534 2
28538 15
28541 31
28547 28
28549 4
28551 18
28556 25
28558 2
28561 6
28562 31
28564 27
28566 19
28567 21
28568 31
28570 22
28571 11
28575 19
28583 0
28585 16
28600 9
28601 19
28606 12
28608 21
28609 24
28612 23
28614 30
28618 7
28626 17
28627 14
28632 20
28633 19
28634 14
28639 11
28643 31
28649 17
28650 22
28655 30
28658 9
28660 20
28665 21
28671 6
28675 1
28676 8
28677 13
28679 11
28680 17
28685 25
28691 5
28692 27
28693 5
28694 10
28698 25
28702 6
28705 19
28706 18
28709 12
28711 20
28712 21
28715 24
28720 9
28722 19
28730 24
28731 5
28732 21
28735 26
28738 5
28739 2
28740 4
28741 27
28743 16
28747 3
28749 27
28750 20
28751 22
28753 1
28754 27
28755 7
28757 12
28761 25
28762 29
28764 6
28766 0
28767 28
28769 7
28773 16
28778 4
28780 19
28781 23
28782 3
28783 30
28790 19
28795 5
28796 1
28797 6
28801 2
28803 3
28808 30
28810 26
28811 8
28812 28
28816 0
28817 30
28824 7
28835 3
28838 1
28840 29
28841 0
28844 15
28846 13
28849 16
28850 1
28857 24
28858 27
28861 11
28865 30
28868 25
28870 1
28873 25
28874 23
28877 31
28881 21
28883 20
28885 5
28891 0
28894 17
28898 21
28900 23
28905 25
28907 16
28912 1
28915 31
28919 22
28921 16
28926 26
28929 11
28930 28
28936 5
28938 28
28940 24
28944 18
28947 3
28949 19
28951 20
28959 11
28960 9
28962 11
28967 0
28968 11
28973 16
28981 13
28985 4
28987 21
28988 0
28993 11
28994 6
28998 21
28999 15
29000 14
29002 13
29006 3
29007 25
29008 19
29010 14
29011 4
29012 22
29013 28
29016 9
29017 2
29020 27
29022 24
29024 16
29028 31
29032 12
29034 30
29035 6
29038 4
29040 19
29044 28
29048 30
29049 22
29050 14
29051 19
29053 4
29056 30
29057 11
29059 16
29060 23
29062 26
29068 13
29076 16
29080 13
29085 24
29089 27
29090 5
29091 29
29093 31
29095 22
29097 6
29102 0
29107 12
29108 20
29109 16
29110 1
29111 15
29115 12
29116 9
29117 23
29120 26
29124 4
29125 1
29126 29
29127 28
29128 16
29130 12
29133 2
29134 15
29136 4
29138 24
29143 16
29145 23
29147 2
29150 21
29151 22
29152 8
29154 17
29155 20
29160 19
29161 9
29162 15
29164 31
29168 21
29173 23
29174 14
29178 17
29179 3
29184 21
29185 5
29186 29
29199 5
29200 13
29203 31
29206 3
29214 13
29216 20
29217 4
29218 2
29219 1
29222 22
29223 31
29227 28
29230 5
29232 14
29236 21
29238 18
29241 0
29245 8
29247 10
29248 4
29249 24
29251 0
29256 9
29257 28
29258 25
29263 19
29267 31
29271 30
29276 13
29279 14
29280 18
29283 1
29288 4
29293 12
29297 28
29298 6
29301 31
29302 26
29304 3
29306 0
29307 13
29308 28
29317 6
29324 28
29325 1
29328 6
29329 31
29330 7
29340 21
29342 25
29346 10
29352 28
