#io generator
#numio=100 maxtracks=32 lambda=10.000000
1 24
2 30
3 0
4 8
5 22
7 8
9 1
10 23
12 25
13 8
15 10
16 24
18 16
19 22
20 19
21 17
22 12
23 5
24 0
25 13
27 7
28 17
30 0
32 16
34 0
35 19
37 23
38 18
39 15
40 22
41 26
43 16
45 23
46 10
48 18
49 1
50 17
51 28
52 27
53 13
54 27
57 29
58 14
60 20
62 7
63 31
64 2
65 10
68 14
69 29
70 10
71 3
72 16
73 17
74 30
75 1
76 2
78 27
79 18
80 29
81 0
82 28
84 25
87 6
90 18
91 14
92 0
93 18
95 21
96 4
97 10
98 4
99 19
101 11
102 30
103 7
105 0
106 9
107 30
109 25
110 23
112 12
113 7
117 21
118 18
119 15
120 17
121 3
122 6
123 7
124 23
127 31
129 1
130 9
133 25
134 15
135 23
136 19
137 20
138 22
