#io generator
#numio=5000 maxtracks=512 lambda=10.000000
1 298
13 54
16 422
54 405
76 396
99 191
112 13
119 113
148 156
150 406
178 397
218 211
225 205
228 67
255 49
256 498
273 313
274 448
282 1
298 107
320 231
333 190
342 506
355 169
360 375
362 73
372 27
384 460
393 392
398 441
399 132
410 362
416 213
418 174
419 181
420 275
462 250
502 42
508 114
533 241
540 166
551 473
554 502
571 130
575 283
581 268
582 30
612 262
615 105
628 284
633 68
643 416
645 216
679 255
694 365
747 7
757 481
761 244
776 266
796 94
827 136
831 476
833 404
835 171
842 353
858 267
861 242
878 311
885 88
889 42
891 138
893 327
896 198
897 430
933 439
956 64
961 364
965 48
993 302
1003 273
1007 1
1026 370
1043 167
1044 435
1057 90
1134 437
1139 324
1140 352
1161 464
1174 311
1215 192
1235 120
1236 506
1242 477
1255 415
1264 426
1289 95
1301 251
1312 332
1318 50
1344 171
1390 65
1443 9
1468 368
1507 210
1513 439
1536 31
1537 448
1545 413
1560 120
1564 238
1573 11
1584 498
1601 451
1602 255
1605 13
1620 96
1628 464
1681 437
1685 424
1700 151
1739 265
1745 176
1751 502
1764 307
1773 322
1782 86
1784 26
1785 328
1789 67
1793 234
1795 364
1801 75
1813 306
1870 106
1904 460
1923 123
1927 27
1930 421
1946 342
1955 365
1957 319
1978 143
1995 437
2034 484
2099 97
2106 83
2141 394
2146 239
2153 146
2170 134
2173 206
2183 219
2192 372
2196 56
2203 361
2229 274
2235 292
2261 2
2269 378
2315 210
2355 182
2368 425
2370 452
2375 254
2377 498
2398 181
2405 135
2428 426
2504 18
2547 200
2567 391
2607 36
2613 381
2614 389
2624 13
2626 212
2633 381
2637 261
2652 279
2676 266
2698 77
2732 16
2773 374
2826 345
2834 364
2842 176
2865 397
2866 438
2877 294
2909 362
2982 137
2991 122
3014 42
3037 402
3069 157
3081 17
3084 299
3136 479
3150 480
3164 12
3180 26
3187 221
3213 235
3218 186
3220 37
3228 270
3232 112
3246 26
3256 184
3268 269
3280 71
3290 257
3311 221
3312 396
3313 84
3315 263
3388 309
3412 182
3427 500
3435 341
3443 489
3484 326
3496 504
3511 30
3517 101
3530 465
3536 40
3544 45
3554 268
3584 304
3601 4
3602 348
3616 468
3620 456
3629 469
3634 216
3663 485
3733 427
3746 25
3749 404
3764 46
3766 365
3776 111
3779 13
3780 421
3799 46
3840 203
3858 434
3866 489
3886 461
3917 26
3922 370
3927 286
3940 186
3960 195
4065 425
4075 365
4081 373
4124 184
4149 391
4150 462
4168 242
4182 279
4218 288
4223 415
4231 173
4233 82
4239 230
4258 476
4283 236
4288 415
4293 421
4304 319
4316 239
4379 186
4383 31
4387 476
4398 448
4407 227
4415 391
4419 449
4420 200
4428 430
4449 190
4465 113
4482 238
4493 258
4567 70
4576 62
4584 354
4587 353
4601 367
4613 50
4615 4
4645 214
4678 494
4703 473
4710 332
4727 398
4732 463
4741 394
4749 494
4771 285
4774 347
4783 468
4813 70
4824 297
4842 325
4862 365
4872 83
4886 238
4941 268
4972 319
4975 332
5015 58
5016 357
5027 39
5036 45
5037 349
5059 280
5072 322
5089 69
5092 201
5114 488
5115 138
5116 361
5136 46
5140 311
5159 224
5163 328
5175 188
5181 44
5190 408
5192 280
5202 483
5203 40
5216 400
5219 402
5221 505
5241 144
5245 439
5313 508
5358 112
5372 340
5388 440
5393 108
5396 329
5401 344
5409 242
5412 473
5420 161
5498 50
5501 399
5505 105
5516 283
5525 195
5536 233
5542 390
5625 215
5663 154
5678 74
5722 476
5748 198
5755 20
5760 421
5766 162
5792 232
5803 306
5822 379
5823 144
5826 257
5852 338
5879 300
5898 424
5913 67
5928 401
5929 292
5943 238
5999 329
6022 409
6170 48
6184 232
6199 111
6202 191
6208 236
6221 430
6226 122
6243 446
6291 258
6323 305
6338 265
6345 364
6346 503
6348 33
6363 489
6393 321
6403 41
6420 359
6424 28
6443 324
6475 6
6506 285
6539 425
6561 218
6579 145
6604 210
6611 404
6624 224
6632 279
6637 22
6650 403
6652 143
6662 199
6668 271
6669 497
6677 64
6705 496
6722 16
6744 52
6764 30
6800 73
6808 358
6828 446
6829 142
6831 83
6862 494
6867 79
6876 346
6886 505
6909 237
6916 470
6921 189
6961 503
6968 361
6969 68
6991 509
6995 103
7013 4
7014 416
7019 128
7076 83
7079 135
7084 344
7127 415
7143 375
7147 30
7163 299
7171 297
7183 426
7188 335
7239 28
7255 123
7259 177
7263 169
7265 275
7278 70
7296 409
7303 9
7312 176
7339 68
7340 54
7343 374
7361 319
7366 133
7375 307
7412 216
7428 289
7444 467
7481 468
7485 38
7494 422
7497 78
7512 315
7514 50
7563 2
7567 20
7568 218
7590 411
7591 32
7601 350
7660 475
7666 278
7679 129
7688 260
7698 272
7748 164
7768 59
7812 184
7817 22
7822 150
7826 186
7833 359
7835 107
7856 111
7860 132
7895 128
7898 123
7922 400
7932 130
7937 506
7960 130
7965 271
7972 130
8006 338
8011 110
8058 294
8071 184
8075 365
8087 14
8128 431
8133 427
8134 243
8135 456
8139 292
8141 282
8153 476
8178 445
8187 90
8189 181
8216 217
8228 404
8328 76
8330 140
8360 368
8365 407
8377 302
8392 335
8393 362
8405 166
8409 354
8440 429
8454 348
8472 43
8501 426
8509 355
8513 5
8523 131
8525 324
8536 11
8542 426
8568 469
8576 229
8589 250
8591 61
8616 221
8641 353
8645 222
8652 501
8663 117
8688 492
8727 36
8781 208
8787 67
8816 78
8823 354
8877 160
8878 214
8911 309
8924 3
8932 4
8958 57
8963 129
8973 133
8995 365
8996 376
9011 74
9029 23
9038 429
9039 169
9114 247
9165 408
9167 196
9184 381
9232 352
9234 495
9244 141
9248 389
9269 259
9280 243
9293 137
9294 371
9350 81
9353 417
9357 270
9382 374
9394 395
9405 353
9407 108
9415 58
9450 307
9451 208
9483 168
9485 326
9512 358
9513 213
9566 117
9568 484
9575 173
9596 325
9626 290
9632 213
9638 457
9639 254
9640 278
9654 2
9656 355
9664 10
9677 337
9707 143
9729 141
9733 1
9741 100
9748 386
9796 13
9810 269
9817 19
9847 146
9849 185
9856 353
9912 202
9939 342
9964 437
9982 198
9993 283
10009 147
10035 470
10040 125
10041 349
10148 37
10166 317
10179 52
10195 238
10202 412
10228 398
10238 411
10240 168
10249 502
10252 85
10259 357
10278 19
10344 280
10392 142
10416 37
10465 405
10467 343
10475 382
10497 35
10500 82
10531 20
10574 189
10602 58
10620 162
10621 452
10631 237
10644 104
10654 291
10675 235
10703 278
10714 414
10720 348
10730 382
10738 130
10763 327
10771 354
10788 182
10799 240
10820 431
10832 331
10838 14
10842 271
10853 409
10858 506
10874 423
10885 234
10887 104
10930 465
10945 99
10964 139
10978 214
11025 495
11035 245
11043 124
11048 1
11081 332
11082 92
11094 471
11103 282
11115 148
11116 14
11125 142
11178 185
11215 83
11216 94
11238 260
11240 379
11309 316
11312 119
11355 93
11357 302
11360 125
11382 396
11384 119
11390 376
11401 204
11423 498
11440 375
11446 301
11480 217
11502 344
11543 466
11551 471
11562 303
11564 241
11586 142
11653 267
11680 390
11697 33
11698 216
11711 249
11714 288
11716 472
11750 386
11776 165
11787 252
11791 225
11827 90
11880 255
11886 225
11890 311
11900 134
11902 171
11928 205
11929 124
11998 307
12006 282
12028 181
12037 266
12039 395
12055 14
12065 292
12068 234
12069 273
12104 177
12106 205
12120 140
12140 324
12141 70
12162 171
12164 178
12186 347
12187 60
12189 325
12194 461
12211 490
12251 88
12262 68
12277 308
12293 272
12338 414
12379 285
12380 343
12383 90
12408 480
12418 478
12423 141
12437 206
12444 380
12461 329
12480 330
12493 460
12495 361
12506 398
12513 32
12532 94
12619 145
12623 341
12632 228
12641 212
12688 210
12706 119
12707 321
12729 74
12734 211
12765 491
12830 393
12832 354
12837 469
12838 185
12853 129
12859 474
12870 14
12877 495
12887 418
12926 468
12937 79
12979 320
13002 362
13024 50
13025 328
13026 210
13029 409
13048 57
13078 38
13099 60
13107 349
13122 237
13123 311
13174 462
13185 450
13193 351
13219 24
13228 270
13254 291
13269 236
13284 385
13315 421
13327 300
13368 214
13384 353
13395 50
13402 91
13414 234
13437 269
13443 162
13451 401
13454 426
13463 386
13479 22
13486 58
13502 80
13571 252
13589 295
13597 65
13601 60
13617 172
13627 432
13661 486
13676 217
13681 485
13708 48
13754 31
13794 219
13819 296
13828 112
13846 72
13853 350
13868 44
13872 32
13875 256
13878 451
13905 345
13924 376
13938 183
13940 479
13945 509
13949 28
13997 351
14028 276
14030 47
14034 153
14043 470
14084 284
14087 510
14109 348
14112 333
14123 436
14130 129
14139 376
14147 211
14155 227
14160 238
14167 506
14173 482
14175 221
14177 228
14212 49
14219 235
14223 192
14227 490
14239 451
14248 208
14252 373
14285 510
14287 152
14299 380
14305 10
14307 169
14313 46
14322 406
14326 472
14344 186
14349 80
14364 347
14371 306
14375 138
14376 327
14387 410
14398 270
14442 421
14454 256
14466 465
14477 364
14481 452
14505 367
14522 36
14537 192
14545 482
14556 39
14570 472
14587 436
14590 383
14600 371
14612 9
14616 254
14644 421
14736 207
14756 266
14757 497
14764 471
14781 41
14853 168
14862 218
14866 506
14876 456
14913 90
14933 53
14972 122
14999 243
15003 42
15058 49
15094 497
15104 327
15114 318
15128 457
15139 153
15194 273
15209 219
15258 461
15266 237
15290 168
15305 275
15313 290
15335 134
15341 8
15343 129
15408 324
15441 244
15445 257
15452 408
15476 175
15482 221
15504 148
15510 97
15531 65
15542 202
15558 487
15607 226
15610 1
15619 286
15633 416
15637 360
15647 255
15650 436
15655 4
15658 320
15666 496
15704 396
15706 343
15741 347
15742 290
15757 13
15785 15
15795 207
15796 111
15802 471
15813 429
15815 201
15817 69
15830 390
15843 285
15860 179
15879 129
15886 213
15912 13
15921 425
15952 243
15957 141
15968 213
15978 298
15999 212
16000 305
16011 263
16031 346
16032 252
16036 338
16038 309
16045 268
16074 396
16117 346
16141 198
16151 343
16181 425
16225 199
16229 225
16283 2
16312 47
16326 204
16340 171
16341 364
16367 168
16374 0
16415 385
16426 404
16437 239
16446 166
16475 500
16559 367
16584 482
16585 28
16592 40
16596 88
16612 326
16635 511
16654 252
16680 21
16710 423
16767 317
16773 393
16775 421
16779 242
16796 109
16805 202
16813 257
16814 406
16827 72
16848 412
16864 274
16888 195
16903 217
16937 234
16944 265
16969 86
16985 325
16992 70
16997 317
17011 363
17026 9
17029 369
17054 407
17084 432
17096 341
17107 45
17116 458
17117 52
17122 7
17134 370
17145 191
17179 101
17184 171
17189 470
17232 16
17244 492
17248 144
17270 21
17272 317
17285 416
17287 348
17292 15
17316 197
17322 416
17366 37
17372 164
17423 278
17429 135
17461 334
17464 421
17481 380
17504 476
17516 497
17518 91
17530 503
17535 126
17539 174
17555 354
17585 308
17607 105
17646 374
17667 129
17752 323
17788 91
17797 301
17836 122
17847 485
17871 251
17872 499
17873 147
17878 190
17893 179
17898 107
17913 44
17921 282
17947 86
17972 417
17996 363
18072 129
18077 468
18087 419
18117 148
18122 504
18126 189
18127 282
18144 236
18147 12
18157 257
18161 61
18174 333
18191 208
18217 244
18220 316
18223 109
18254 249
18256 185
18261 509
18277 316
18336 469
18403 35
18412 338
18423 333
18440 10
18442 470
18444 379
18456 415
18458 198
18463 188
18472 298
18504 492
18523 122
18527 363
18561 454
18578 414
18609 388
18613 274
18618 475
18621 158
18622 71
18631 421
18649 132
18702 49
18714 173
18715 12
18754 502
18819 326
18822 130
18828 57
18830 19
18869 9
18893 102
18905 42
18907 398
18914 108
18952 430
18967 51
18986 332
18992 424
19009 136
19034 337
19070 16
19107 129
19109 29
19114 33
19115 43
19119 324
19121 202
19129 287
19143 168
19150 328
19198 257
19213 349
19215 506
19225 422
19229 164
19239 82
19245 204
19253 254
19262 361
19274 273
19297 425
19299 491
19302 296
19313 426
19349 473
19358 443
19366 61
19378 297
19379 30
19386 187
19393 456
19404 376
19409 482
19413 382
19428 408
19433 224
19448 229
19455 437
19493 352
19535 433
19537 410
19541 144
19547 438
19554 210
19558 387
19582 78
19587 270
19595 117
19616 97
19648 285
19657 161
19660 471
19679 20
19724 325
19743 453
19753 456
19770 387
19772 19
19786 289
19795 448
19800 123
19814 393
19823 428
19834 340
19853 45
19855 15
19859 29
19879 161
19886 23
19920 440
19962 296
19976 56
19990 117
20007 33
20008 511
20013 68
20027 39
20041 227
20055 139
20057 356
20065 96
20119 238
20160 147
20169 159
20175 187
20177 138
20221 404
20228 288
20243 63
20285 132
20301 7
20331 53
20345 70
20349 162
20361 231
20366 6
20373 296
20383 356
20420 435
20451 92
20475 336
20487 184
20504 315
20573 410
20589 474
20595 481
20634 222
20646 32
20664 450
20678 76
20680 318
20691 383
20692 117
20708 490
20709 431
20730 386
20737 58
20745 9
20746 119
20763 16
20768 9
20822 112
20831 273
20836 77
20844 456
20849 299
20860 426
20866 318
20946 296
20948 428
20954 468
20958 230
20964 132
20976 297
21021 299
21052 494
21064 47
21072 192
21084 259
21088 445
21089 400
21107 218
21114 392
21122 503
21161 132
21166 430
21176 392
21179 387
21184 394
21202 464
21217 343
21226 378
21227 285
21228 336
21229 195
21240 80
21242 118
21255 290
21347 2
21359 473
21363 444
21385 390
21400 488
21411 489
21430 115
21460 188
21494 168
21495 504
21528 113
21543 488
21557 87
21558 392
21565 356
21571 204
21589 452
21594 494
21615 45
21634 198
21638 175
21660 242
21663 68
21670 275
21674 181
21682 235
21767 193
21768 85
21778 425
21790 95
21792 495
21825 24
21830 436
21854 194
21867 95
21875 424
21886 95
21891 378
21896 343
21900 286
21918 10
21919 42
21922 291
21959 387
21980 40
21999 329
22001 9
22011 474
22018 40
22019 419
22055 330
22058 196
22064 452
22080 454
22116 185
22152 476
22160 507
22161 6
22196 449
22218 503
22232 211
22233 318
22269 19
22339 78
22367 460
22391 433
22392 93
22394 508
22422 32
22457 105
22510 426
22525 492
22571 337
22601 424
22609 434
22617 430
22665 27
22686 510
22687 380
22689 468
22704 485
22725 384
22727 479
22747 499
22863 330
22866 496
22875 424
22915 220
22925 407
22929 469
22944 354
22965 309
22986 261
23000 420
23004 383
23024 458
23042 254
23057 424
23065 198
23089 221
23153 206
23163 416
23169 481
23174 66
23177 113
23199 456
23259 194
23274 251
23333 235
23353 373
23356 327
23364 354
23369 130
23371 344
23383 361
23433 111
23462 152
23464 82
23472 183
23479 104
23483 185
23496 455
23525 288
23531 306
23536 279
23540 367
23544 268
23598 186
23601 15
23640 463
23641 454
23643 476
23646 144
23647 313
23662 241
23687 455
23714 204
23737 351
23787 65
23792 130
23809 269
23863 466
23907 140
23911 498
23914 80
23915 143
23972 139
23984 34
24017 103
24028 359
24029 190
24030 445
24031 511
24037 164
24054 446
24059 298
24098 121
24127 89
24130 29
24136 132
24138 313
24142 214
24144 155
24149 192
24177 3
24186 110
24187 172
24191 90
24197 318
24207 4
24217 404
24230 214
24239 304
24243 260
24282 255
24298 275
24318 37
24337 19
24344 45
24376 196
24388 49
24398 456
24405 343
24408 508
24410 121
24420 491
24446 464
24513 142
24523 116
24546 220
24565 226
24617 236
24628 348
24638 456
24660 194
24664 165
24673 395
24676 434
24684 227
24712 313
24729 169
24741 260
24745 286
24768 379
24791 295
24793 263
24795 500
24806 420
24815 217
24828 439
24846 467
24852 242
24854 94
24892 293
24903 130
24909 52
24931 305
24947 282
24953 231
24955 261
25007 75
25023 483
25040 241
25048 54
25052 413
25108 314
25113 53
25137 102
25154 421
25174 477
25177 426
25195 398
25205 127
25206 484
25213 320
25250 268
25254 438
25257 383
25261 159
25286 284
25287 402
25289 205
25322 495
25336 290
25359 168
25369 497
25371 100
25392 336
25400 443
25414 420
25424 264
25430 394
25437 282
25448 333
25478 169
25481 502
25482 193
25489 3
25495 502
25508 69
25513 38
25514 242
25518 439
25520 365
25539 376
25550 111
25554 451
25623 319
25631 260
25635 151
25663 247
25667 490
25697 336
25748 105
25763 276
25769 486
25783 230
25791 452
25796 284
25809 17
25814 68
25818 277
25822 84
25831 385
25839 381
25852 473
25864 402
25881 264
25957 162
25963 137
25980 402
25998 284
25999 127
26001 66
26012 147
26019 41
26024 320
26028 385
26035 352
26045 498
26059 265
26070 205
26073 20
26080 263
26081 373
26104 393
26115 244
26120 313
26139 244
26159 136
26181 64
26187 34
26208 303
26234 67
26239 161
26240 458
26267 322
26272 15
26289 353
26301 393
26309 168
26320 479
26345 440
26357 272
26363 148
26387 52
26395 74
26397 86
26417 507
26422 9
26427 208
26464 72
26467 87
26485 462
26504 244
26509 23
26513 435
26544 413
26551 109
26552 93
26557 263
26563 250
26580 33
26589 505
26590 402
26597 0
26637 221
26640 50
26642 58
26667 315
26675 440
26690 357
26709 259
26719 49
26738 309
26742 19
26743 310
26754 411
26771 2
26794 388
26817 94
26838 368
26852 496
26878 387
26879 324
26886 267
26896 2
26899 105
26909 372
26914 118
26920 297
26924 231
26927 406
26931 440
26955 24
26969 302
26973 192
26978 434
26984 65
26998 220
27019 501
27066 131
27130 90
27139 254
27174 391
27193 120
27199 510
27216 272
27239 483
27246 301
27319 4
27322 114
27329 250
27330 374
27344 347
27346 194
27362 60
27377 330
27382 50
27384 100
27414 445
27422 106
27452 61
27472 335
27473 67
27477 29
27479 217
27484 269
27521 181
27525 273
27533 467
27551 274
27563 173
27590 331
27600 13
27610 179
27619 367
27622 297
27631 446
27646 300
27647 360
27666 277
27730 129
27739 174
27749 508
27756 475
27792 36
27801 232
27809 151
27810 456
27815 313
27819 400
27825 233
27831 401
27837 4
27844 227
27863 50
27930 357
27936 228
27966 224
27974 404
27980 248
27984 409
28018 283
28053 402
28084 262
28100 430
28110 10
28125 416
28216 132
28236 49
28240 226
28249 354
28259 158
28261 458
28262 244
28269 183
28273 142
28310 90
28311 403
28328 47
28337 271
28350 239
28352 199
28362 79
28377 123
28381 457
28398 358
28411 83
28430 30
28431 100
28439 239
28448 368
28455 331
28478 85
28484 449
28498 445
28507 40
28535 294
28538 252
28563 221
28570 255
28572 498
28588 71
28606 370
28610 454
28612 367
28618 454
28619 3
28636 134
28642 282
28673 110
28719 123
28748 270
28756 177
28762 437
28782 432
28845 361
28855 63
28862 119
28869 147
28876 47
28891 146
28894 334
28942 231
29084 260
29090 110
29101 142
29110 188
29135 449
29154 78
29174 229
29279 366
29281 260
29309 283
29329 109
29357 71
29362 249
29370 253
29372 196
29416 72
29450 139
29456 209
29468 415
29491 183
29508 252
29518 216
29561 261
29563 48
29621 331
29642 99
29652 460
29662 499
29668 509
29669 363
29712 131
29726 110
29740 6
29762 218
29786 63
29787 145
29802 276
29805 75
29822 162
29824 335
29875 473
29903 232
29929 179
29937 77
29943 278
29973 147
29997 238
30007 213
30016 138
30044 202
30093 284
30103 399
30105 90
30106 175
30133 32
30137 349
30148 48
30192 125
30199 250
30200 341
30205 293
30207 362
30215 282
30220 428
30230 449
30260 5
30276 23
30279 386
30286 9
30312 336
30330 171
30351 375
30356 510
30357 394
30358 398
30375 486
30397 373
30404 164
30407 426
30447 48
30475 300
30477 15
30483 271
30485 95
30506 254
30548 248
30570 479
30583 280
30590 312
30609 166
30616 230
30635 359
30645 484
30656 222
30663 10
30666 209
30672 364
30681 269
30715 107
30742 355
30766 396
30771 178
30797 341
30845 275
30918 173
30987 363
30997 335
31010 474
31028 490
31073 449
31080 160
31093 423
31120 249
31150 166
31170 339
31171 12
31209 353
31262 233
31279 157
31288 200
31294 480
31334 443
31354 453
31379 316
31383 64
31386 40
31437 355
31438 423
31466 250
31467 446
31477 18
31489 240
31499 125
31522 480
31537 65
31568 349
31588 217
31631 284
31634 349
31638 139
31653 483
31660 242
31710 121
31760 41
31761 237
31762 344
31803 311
31841 364
31853 284
31880 216
31884 458
31886 339
31913 369
31931 14
31938 489
31943 25
31978 352
31989 441
32028 249
32071 18
32116 31
32134 452
32150 321
32163 111
32166 221
32181 216
32187 412
32188 84
32199 404
32202 475
32222 252
32281 330
32284 257
32294 55
32365 230
32367 481
32377 436
32403 93
32413 213
32420 340
32449 20
32450 91
32478 88
32484 190
32534 275
32539 362
32544 181
32547 401
32577 165
32599 160
32608 366
32634 164
32645 3
32669 490
32676 238
32701 228
32713 506
32718 370
32724 338
32741 445
32791 202
32826 124
32847 59
32861 224
32885 473
32921 266
32942 115
32963 14
32965 252
32991 311
33016 460
33038 76
33050 234
33061 437
33099 392
33113 17
33137 110
33146 306
33148 194
33149 455
33163 92
33178 323
33181 414
33183 13
33191 87
33219 161
33262 507
33294 204
33301 129
33341 86
33370 493
33420 36
33428 288
33431 418
33448 51
33456 441
33477 28
33489 92
33490 498
33496 476
33501 150
33540 85
33558 477
33570 483
33600 376
33624 422
33642 447
33646 134
33647 41
33691 95
33701 413
33742 285
33773 250
33793 490
33802 46
33835 385
33842 414
33880 39
33900 248
33914 113
33940 219
33978 356
33996 94
34019 395
34021 495
34025 479
34060 426
34085 200
34097 391
34126 338
34142 311
34151 269
34152 103
34154 412
34158 494
34162 79
34178 473
34184 227
34202 239
34210 498
34217 161
34242 108
34260 193
34317 287
34332 86
34333 46
34351 105
34356 362
34362 50
34405 161
34411 50
34470 131
34478 216
34525 464
34552 475
34557 77
34577 268
34606 58
34616 215
34618 66
34631 122
34634 145
34643 262
34719 407
34733 479
34734 482
34735 102
34744 263
34746 193
34752 43
34769 257
34795 110
34801 478
34820 399
34821 434
34828 166
34829 335
34851 297
34866 290
34869 299
34886 69
34900 393
34906 46
34911 251
34920 324
34933 81
34935 202
34942 254
34948 47
34952 213
34994 331
35014 4
35019 263
35032 486
35033 399
35044 388
35081 78
35092 128
35096 415
35116 364
35125 162
35156 297
35175 125
35176 21
35182 181
35191 141
35194 145
35199 366
35230 129
35254 335
35277 284
35289 481
35290 421
35293 457
35305 458
35311 452
35333 471
35346 5
35440 326
35446 180
35447 319
35453 152
35489 336
35512 466
35537 224
35555 186
35570 229
35597 420
35603 203
35622 348
35627 246
35641 448
35651 306
35662 429
35708 313
35717 156
35753 190
35803 472
35805 446
35825 303
35837 49
35851 107
35863 221
35896 424
35917 290
35918 117
35920 505
35939 392
35949 286
35968 58
35975 504
36020 280
36049 348
36051 219
36074 379
36089 165
36091 343
36094 2
36102 396
36103 330
36146 52
36152 362
36166 473
36174 367
36219 229
36239 174
36247 353
36280 149
36287 15
36306 76
36328 184
36337 484
36354 487
36363 233
36364 48
36371 86
36380 55
36402 197
36413 250
36419 503
36423 345
36431 471
36443 363
36448 304
36456 225
36462 406
36499 160
36525 303
36529 139
36535 187
36544 255
36570 284
36574 109
36575 388
36587 37
36658 114
36668 466
36691 103
36694 196
36709 329
36730 218
36742 32
36746 76
36752 268
36755 337
36788 331
36790 367
36793 220
36834 150
36837 246
36844 92
36862 440
36863 253
36868 449
36886 480
36901 62
36911 354
36918 330
36952 432
36969 402
36979 430
36989 357
36993 223
37067 235
37105 184
37120 319
37123 374
37124 143
37209 499
37259 320
37260 234
37265 239
37266 173
37272 484
37274 225
37304 335
37306 66
37307 302
37317 117
37332 363
37381 385
37453 504
37474 494
37519 191
37526 354
37537 259
37571 232
37605 466
37623 16
37647 82
37662 411
37678 441
37686 184
37712 97
37718 412
37761 162
37782 161
37789 81
37826 341
37851 62
37852 436
37864 24
37870 106
37887 75
37916 275
37929 112
37935 397
37947 85
37966 455
38004 16
38008 41
38011 383
38012 505
38043 86
38071 454
38073 200
38114 110
38134 73
38168 452
38176 239
38179 404
38183 406
38230 491
38247 449
38318 488
38366 15
38368 361
38369 63
38382 141
38432 237
38441 182
38448 339
38449 277
38461 499
38473 503
38481 393
38503 351
38515 374
38530 125
38544 325
38547 289
38563 170
38567 396
38576 434
38584 159
38594 397
38613 81
38643 130
38662 431
38686 357
38691 290
38700 496
38702 103
38716 191
38741 128
38754 192
38792 464
38807 353
38813 254
38833 401
38858 122
38870 266
38877 218
38899 56
38903 293
38928 283
38930 143
38941 138
38951 71
38966 150
38973 111
38989 157
38991 163
39092 249
39117 378
39121 319
39179 425
39181 192
39185 470
39195 269
39205 151
39206 324
39219 309
39254 30
39274 281
39280 68
39302 12
39310 456
39316 225
39323 81
39326 333
39349 81
39359 474
39370 378
39398 11
39402 173
39407 176
39462 458
39507 449
39554 354
39562 158
39588 99
39594 137
39595 347
39613 238
39640 455
39641 317
39654 280
39667 172
39674 310
39688 374
39727 484
39745 419
39779 297
39801 300
39802 211
39805 215
39822 147
39823 201
39844 479
39849 444
39861 170
39870 52
39908 410
39918 268
39925 116
39934 179
39974 138
39978 262
40005 266
40007 125
40026 281
40066 4
40082 164
40103 299
40117 322
40119 480
40120 124
40149 460
40169 194
40174 495
40201 334
40235 50
40269 210
40271 373
40311 140
40367 334
40393 462
40409 242
40412 217
40439 27
40442 393
40444 227
40458 25
40461 2
40467 77
40494 3
40535 463
40544 39
40559 200
40565 312
40567 263
40585 333
40605 66
40623 292
40626 466
40632 171
40638 493
40645 275
40697 379
40714 410
40735 377
40755 334
40758 416
40763 301
40765 459
40780 175
40788 173
40865 77
40874 360
40893 334
40907 31
40976 495
40983 259
41058 59
41061 407
41091 477
41102 264
41104 175
41128 367
41138 358
41144 435
41145 353
41173 134
41175 280
41238 415
41240 23
41264 67
41265 91
41280 32
41285 426
41314 81
41336 198
41353 458
41373 246
41387 122
41390 493
41391 150
41407 477
41419 416
41429 276
41444 329
41457 218
41479 335
41493 211
41512 460
41516 295
41566 377
41602 355
41605 266
41646 204
41656 11
41674 70
41721 128
41767 223
41791 294
41792 193
41821 17
41835 137
41856 260
41867 168
41879 269
41884 155
41892 506
41903 487
41942 472
41950 484
41964 294
41999 444
42010 174
42026 52
42034 19
42035 142
42036 364
42048 423
42051 32
42053 403
42066 229
42067 11
42075 314
42131 184
42142 211
42147 78
42214 107
42225 281
42242 315
42295 369
42314 126
42338 222
42362 317
42378 439
42400 226
42409 115
42420 240
42436 75
42444 12
42461 438
42467 429
42495 276
42525 184
42526 277
42583 30
42587 357
42592 29
42594 52
42611 401
42660 232
42663 208
42680 389
42712 175
42748 164
42755 304
42758 357
42766 12
42770 149
42777 168
42804 184
42811 50
42829 79
42832 410
42859 498
42881 147
42884 87
42936 492
42941 445
42948 347
42957 280
42964 459
42977 315
42980 489
43024 12
43029 172
43030 191
43034 287
43061 57
43072 306
43079 376
43101 188
43119 418
43136 291
43139 183
43159 376
43199 157
43205 62
43209 153
43211 297
43226 137
43273 342
43285 264
43295 336
43296 29
43319 446
43327 248
43344 53
43376 236
43377 313
43380 9
43418 282
43420 95
43449 146
43471 249
43483 370
43485 51
43489 338
43510 149
43532 416
43533 327
43537 289
43543 175
43557 105
43581 362
43607 1
43626 378
43638 444
43677 207
43679 355
43713 363
43721 25
43746 336
43765 289
43810 244
43817 14
43818 316
43831 227
43880 110
43896 391
43935 240
43957 334
43960 164
43971 69
43990 346
44017 317
44024 126
44040 99
44075 195
44096 435
44125 72
44157 498
44178 243
44186 368
44203 35
44213 315
44224 129
44228 383
44241 404
44273 155
44282 365
44321 436
44370 303
44400 498
44425 365
44452 486
44465 413
44483 35
44486 219
44507 151
44544 192
44571 85
44586 298
44606 223
44615 23
44650 92
44702 387
44704 287
44728 2
44739 312
44758 188
44770 159
44772 138
44779 205
44797 72
44815 314
44826 272
44849 83
44850 267
44864 298
44876 257
44898 274
44902 463
44903 31
44939 324
44956 321
44960 481
44962 257
44967 296
44970 237
44974 417
45034 414
45047 74
45086 61
45106 260
45123 127
45127 115
45137 91
45142 291
45143 489
45147 365
45195 244
45211 68
45271 499
45290 93
45298 506
45402 215
45426 304
45438 370
45457 158
45461 206
45473 258
45488 33
45505 486
45520 394
45556 449
45566 442
45572 70
45687 171
45688 364
45699 282
45717 264
45771 256
45772 275
45775 423
45803 233
45807 208
45856 439
45865 329
45890 54
45898 366
45961 460
45974 173
45987 344
45989 150
45992 360
46074 362
46091 253
46117 109
46136 331
46138 449
46147 70
46167 481
46190 279
46193 134
46194 431
46201 67
46209 21
46214 366
46218 505
46237 480
46253 106
46274 449
46314 207
46357 53
46362 209
46366 9
46372 11
46384 202
46387 422
46395 160
46411 407
46419 47
46446 372
46471 35
46490 266
46497 372
46519 132
46535 87
46538 388
46547 310
46556 489
46562 123
46592 398
46604 272
46617 511
46631 210
46650 221
46660 226
46706 250
46732 348
46736 40
46742 218
46746 49
46778 453
46779 181
46807 61
46814 99
46820 130
46875 468
46898 280
46935 210
46983 327
47011 224
47012 408
47052 462
47061 93
47124 417
47138 134
47175 250
47177 5
47205 506
47207 120
47210 252
47220 80
47228 142
47246 164
47263 339
47313 273
47314 22
47320 15
47365 414
47368 477
47383 420
47386 275
47391 175
47403 79
47409 348
47416 264
47418 452
47435 298
47437 193
47472 435
47502 196
47504 466
47523 88
47552 268
47559 405
47561 105
47625 351
47636 167
47640 344
47656 469
47657 89
47658 485
47686 345
47687 116
47700 491
47704 228
47710 210
47716 30
47729 110
47742 495
47762 89
47835 214
47852 163
47868 186
47927 293
47935 79
47951 192
47957 248
47961 469
47970 255
47976 404
48012 367
48041 252
48082 222
48091 481
48093 325
48134 300
48140 128
48144 354
48148 417
48149 197
48158 254
48165 418
48226 317
48246 219
48247 49
48250 14
48275 36
48286 382
48296 503
48313 343
48327 317
48331 484
48362 256
48377 52
48382 388
48392 406
48396 450
48410 121
48420 176
48436 316
48444 453
48459 130
48506 85
48515 76
48532 67
48554 159
48561 365
48564 455
48570 147
48573 56
48595 511
48601 335
48615 308
48617 489
48621 396
48628 79
48636 334
48637 300
48653 293
48673 178
48691 257
48707 48
48710 432
48774 291
48776 97
48793 464
48796 22
48808 410
48823 368
48844 468
48854 80
48855 466
48880 92
48890 239
48911 119
48936 234
48956 244
48968 488
48973 275
48984 231
49004 103
49010 471
49014 472
49033 456
49048 247
49073 68
49088 447
49097 28
49109 471
49134 398
49154 136
49165 109
49191 241
49202 183
49280 505
49281 100
49287 5
49295 137
49315 170
49352 110
49354 23
49383 6
49384 158
49385 326
49388 448
49396 494
49398 477
49401 492
49408 365
49413 203
49431 210
49444 23
49452 17
49457 78
49463 116
49470 258
49474 116
49485 186
49496 299
49518 236
49526 374
49540 179
49576 290
49597 319
49630 77
49636 152
49656 190
49675 398
49692 446
49694 467
49698 332
49701 240
49703 281
49724 282
49746 109
49799 256
49824 163
49832 196
49833 18
49837 113
49843 291
49894 375
49899 381
49907 81
49940 171
49947 277
49958 445
49976 36
50007 235
50021 330
50038 303
50040 251
50077 286
50108 503
50121 74
50124 490
50143 88
50161 1
50199 58
50201 414
50210 288
50216 496
50224 30
50229 266
50245 487
50248 132
50249 350
50251 337
50263 78
50267 360
50273 109
50281 271
50317 215
50326 9
50339 131
50348 74
50362 223
50375 342
50384 453
50387 74
50414 196
50421 480
50422 293
50435 320
50454 435
50460 44
50461 383
50475 496
50477 33
50544 385
50549 232
50583 476
50617 243
50631 189
50637 403
50648 102
50650 470
50652 122
50662 375
50692 112
50705 100
50710 331
50754 473
50768 59
50837 309
50868 160
50890 125
50936 124
50964 164
50978 323
51005 412
51029 387
51072 22
51076 346
51112 241
51116 54
51139 465
51157 269
51159 354
51161 19
51164 412
51168 73
51169 237
51185 371
51190 236
51201 30
51208 293
51213 41
51223 400
51229 301
51241 128
51256 134
51279 414
51326 466
51354 491
51355 335
51358 125
51376 154
51394 184
51420 285
51421 115
51423 196
51428 314
51430 332
51433 371
51468 431
51536 347
51552 482
51565 255
51600 354
51602 57
51644 439
51652 330
51655 226
51671 21
51691 137
51693 57
51706 381
51710 115
51755 1
51757 404
51831 411
51839 478
51846 481
51873 43
51874 486
51921 186
51937 89
51962 166
51965 414
51975 481
51977 31
51994 229
51999 325
52008 210
52016 227
52019 443
52026 312
52051 111
52069 461
52071 367
52100 272
52107 15
52113 364
52117 75
52139 375
52140 479
52164 397
52171 41
52179 428
52189 143
52207 359
52223 164
52233 448
52241 22
52261 137
52274 61
52279 468
52306 279
52320 143
52322 275
52323 475
52362 80
52368 388
52384 90
52390 449
52408 349
52415 294
52433 409
52447 222
52448 99
52460 187
52461 198
52498 88
52566 98
52572 269
52576 129
52585 217
52598 106
52599 393
52603 224
52618 483
52619 18
52630 419
52657 71
52661 461
52667 414
52671 227
52674 91
52688 95
52695 482
52714 326
52717 82
52740 188
52742 285
52756 295
52759 286
52777 123
52778 264
52779 112
52801 500
52813 298
52817 510
52840 216
52854 495
52878 284
52895 221
52916 431
52926 276
52929 324
52930 422
52933 154
52940 464
52951 238
52959 316
52976 100
52989 121
53011 430
53015 285
53019 435
53030 29
53037 105
53047 80
53111 356
53115 316
53139 43
53166 48
53175 376
53190 479
53192 130
53206 181
53235 439
53237 353
53238 488
53281 111
53287 217
53297 259
53306 248
53309 375
53310 509
53336 478
53337 148
53353 372
53356 425
53417 433
53420 426
53438 162
53449 408
53458 379
53461 251
53462 332
53535 305
53537 244
53561 438
53574 407
53591 264
53624 494
53627 313
53630 8
53643 19
53646 219
53666 266
53712 276
53723 221
53728 387
53767 190
53774 468
53826 271
53833 393
53840 499
53852 31
53862 230
53879 31
53882 356
53898 130
53933 43
54020 215
54031 487
54040 418
54058 200
54061 58
54066 80
54081 357
54120 15
54137 250
54138 84
54180 61
54208 0
54214 277
54230 303
54238 380
54251 441
54274 64
54299 128
54342 266
54357 67
54372 486
54377 143
54392 109
54397 164
54415 206
54425 328
54436 170
54451 441
54482 153
54491 161
54493 421
54495 506
54496 57
54506 366
54510 74
54526 272
54534 161
54554 377
54569 229
54571 63
54572 340
54581 374
54592 169
54652 330
54653 12
54679 458
54682 414
54735 157
54740 350
54752 238
54758 42
54791 340
54817 321
54822 141
54844 218
54850 221
54882 50
54931 109
54933 481
54963 103
55014 348
55015 82
55025 34
55034 415
55055 9
55059 52
55060 86
55082 475
55106 36
55109 288
55119 292
55209 195
55225 490
55238 408
55273 233
55303 70
55304 13
55319 85
55329 225
55367 262
55386 11
55400 453
55423 278
55440 441
55461 125
55467 163
55471 379
55540 102
55546 403
55547 406
55570 493
55611 455
55680 286
55690 511
55746 509
55765 510
55779 308
55802 77
55807 332
55842 270
55845 394
55866 107
55919 45
56021 35
56054 403
56079 346
56086 375
56096 192
56114 256
56115 360
56116 356
56126 133
56184 71
56186 259
56188 196
56192 461
56205 126
56276 303
56281 447
56288 178
56305 29
56312 34
56335 448
56343 255
56350 274
56353 248
56357 355
56378 108
56405 465
56424 503
56429 509
56461 453
56465 447
56474 287
56495 439
56531 225
56568 144
56578 362
56580 487
56583 273
56593 209
56612 52
56634 477
56676 347
56692 470
56745 331
56769 438
56802 347
56808 231
56816 98
56822 445
56823 329
56830 417
56854 168
56860 418
56868 182
56879 272
56881 241
56890 410
56891 199
56913 393
56916 322
56932 446
56982 56
56987 80
56996 86
57000 58
57012 41
57049 448
57050 128
57068 273
57082 119
57083 374
57101 274
57112 423
57151 156
57164 60
57206 131
57275 460
57281 148
57308 234
57313 488
57320 445
57352 259
57353 294
57372 414
57373 233
57384 330
57454 175
57466 151
57508 352
57512 99
57529 67
57541 495
57544 205
57552 261
57558 221
57595 114
57600 216
57606 456
57615 36
57633 293
57644 110
57647 264
57659 404
57684 253
57694 23
57711 81
57714 128
57716 188
57732 284
57764 3
57832 406
57836 155
57839 295
57842 347
57857 458
57861 89
57862 241
57879 341
57883 258
57885 380
57897 436
57932 374
57933 15
57934 387
57947 500
57969 293
57991 509
58023 505
58035 36
58051 112
58103 470
58110 40
58117 42
58137 334
58150 465
58157 72
58178 152
58209 443
58215 496
58229 467
58274 197
58284 368
58291 185
58309 488
58317 190
58319 206
58324 289
58334 350
58350 116
58356 122
58358 376
58365 459
58369 390
58375 112
58382 140
58384 394
58405 454
58407 63
58420 54
58432 495
58436 492
58440 432
58448 483
58458 343
58463 374
58488 8
58489 361
58495 239
58503 297
58532 350
58553 319
58562 326
58584 291
58588 451
58590 102
58592 45
58601 1
58612 206
58622 104
58639 116
58657 173
58676 384
58694 94
58696 143
58724 16
58740 149
58756 223
58786 461
58791 505
58792 244
58793 286
58803 312
58853 499
58878 330
58881 422
58887 277
58898 49
58902 371
58906 268
58928 53
58940 217
58947 114
58977 131
58979 91
58983 116
58999 164
59022 69
59062 383
59063 380
59070 161
59082 380
59111 56
59138 51
59165 49
59179 306
59182 91
59195 206
59228 437
59239 32
59240 386
59259 214
59270 436
59276 149
59327 48
59344 143
59360 219
59362 395
59366 123
59380 187
59410 106
59422 22
59426 84
59435 59
59492 92
59493 374
59527 275
59531 384
59564 289
59583 503
59587 510
59602 349
59604 213
59650 193
59655 124
59659 453
59664 237
59684 296
59685 364
59706 96
59714 336
59733 367
59741 315
59746 64
59759 275
59761 124
59764 133
59780 88
59795 350
59805 451
59843 192
59845 194
59853 463
59902 254
59916 368
59933 30
59940 211
59963 402
60000 321
60014 18
60045 420
60050 272
60131 478
60134 249
60159 68
60189 505
60200 148
60233 243
60256 259
60259 241
60271 293
60304 176
60310 468
60317 138
60328 3
60333 211
60359 308
60403 421
60414 83
60419 181
60424 88
60430 416
60439 118
60444 127
60464 247
60483 156
60497 332
60505 267
60522 33
60594 244
60627 303
60635 365
60637 300
60647 452
60650 422
60668 337
60732 465
60756 240
60771 51
60782 121
60803 481
60824 411
60839 422
60869 315
60874 386
60877 372
60886 174
60891 252
60917 101
60934 333
60968 178
60986 450
60990 257
60996 454
61010 448
61012 180
61037 453
61039 226
61057 11
61080 137
61100 126
61114 28
61134 223
61138 219
61139 75
61162 406
61167 193
61206 461
61210 25
61214 36
61255 210
61265 330
61273 292
61289 108
61317 205
61326 231
61335 102
61368 363
61383 498
61412 208
61434 453
61442 33
61446 187
61498 265
61506 113
61519 179
61534 52
61624 33
61641 336
61645 263
61665 494
61676 480
61705 115
61717 423
61718 499
61731 495
61739 338
61743 402
61758 384
61761 435
61767 283
61777 226
61789 280
61790 106
61816 322
61820 288
61833 401
61843 230
61844 142
61845 22
61876 30
61885 274
61890 127
61892 22
61901 7
61908 2
61918 422
61930 22
61972 391
62003 291
62011 85
62036 477
62050 422
62084 469
62106 499
62116 155
62120 388
62129 159
62132 248
62150 109
62211 265
62233 13
62242 273
62276 14
62288 168
62291 194
62295 415
62298 135
62316 62
62321 242
62322 419
62345 187
62358 126
62375 403
62395 191
62414 456
62436 378
62442 156
62457 194
62488 494
62501 128
62504 197
62513 252
62514 296
62538 289
62555 318
62561 22
62564 303
62583 505
62588 48
62656 19
62723 389
62746 173
62747 212
62766 479
62773 149
62776 311
62793 330
62794 394
62797 463
62803 460
62814 348
62857 372
62861 340
62880 305
62901 360
62916 383
62925 210
62926 272
62952 412
62961 105
62962 336
62987 397
62992 470
63004 268
63030 451
63038 180
63050 188
63051 427
63075 220
63099 256
63100 278
63151 243
63166 254
63171 224
63222 261
63233 318
63239 161
63278 125
63308 228
63309 381
63340 215
63345 122
63355 72
63359 152
63372 35
63396 326
63410 390
63411 126
63415 213
63432 114
63471 432
63475 275
63497 254
63504 109
63516 73
63517 505
63526 166
63536 303
63550 402
63552 342
63565 411
63570 177
63607 271
63621 170
63624 424
63628 224
63645 262
63702 225
63709 334
63722 266
63742 287
63797 33
63809 340
63836 374
63842 214
63853 315
63875 230
63877 189
63900 185
63903 22
63927 446
63939 399
63944 289
63946 493
63948 347
63966 358
63982 394
64003 111
64011 299
64056 393
64066 197
64088 478
64099 71
64118 458
64124 389
64142 107
64147 245
64158 451
64173 248
64178 96
64197 494
64245 240
64248 201
64250 82
64264 280
64290 281
64291 495
64295 499
64300 14
64317 263
64323 78
64326 404
64337 127
64338 363
64391 35
64407 225
64411 31
64421 196
64424 283
64520 394
64527 280
64556 179
64581 423
64597 431
64607 88
64610 335
64613 213
64622 373
64638 280
64646 325
64660 54
64661 445
64663 291
64667 199
64669 128
64671 259
64695 4
64724 313
64751 263
64760 172
64777 330
64852 458
64853 224
64867 373
64932 31
64938 308
64940 225
64949 171
64968 370
64970 499
65002 328
65024 456
65034 197
65053 6
65081 33
65099 249
65112 282
65122 112
65127 246
65132 331
65133 230
65134 285
65157 50
65162 260
65166 131
65173 447
65178 190
65186 5
65193 133
65194 42
65215 68
65232 153
65247 460
65260 55
65263 117
65266 324
65271 383
65279 212
65319 331
65324 163
65335 164
65349 456
65369 313
65373 511
65390 183
65411 420
65420 480
65435 285
65436 439
65457 385
65459 256
65461 301
65472 50
65476 420
65484 387
65486 10
65501 451
65516 472
65548 164
65553 321
65555 163
65572 303
65576 156
65578 193
65580 461
65582 172
65589 155
65628 477
65635 83
65656 420
65694 458
65722 289
65744 243
65754 336
65778 393
65783 481
65784 491
65795 177
65799 350
65818 219
65831 437
65853 504
65855 354
65893 286
65922 344
65929 396
65941 114
65947 177
65965 424
65975 306
65980 223
65997 128
66051 16
66062 335
66083 483
66087 312
66105 115
66127 206
66129 168
66133 419
66151 16
66158 477
66165 377
66180 103
66200 65
66224 15
66236 248
66241 274
66252 408
66255 140
66275 220
66308 232
66324 334
66353 411
66413 59
66427 353
66429 6
66443 267
66464 129
66483 250
66490 268
66501 483
66525 246
66536 307
66553 410
66559 52
66576 407
66597 173
66613 288
66618 393
66621 5
66659 101
66674 224
66719 453
66721 224
66725 351
66773 108
66791 389
66809 115
66815 186
66833 238
66852 256
66855 27
66857 404
66864 471
66922 196
66949 90
66953 63
66988 225
67000 87
67002 266
67009 421
67014 38
67029 224
67030 177
67065 404
67093 67
67121 511
67159 111
67197 460
67211 388
67212 316
67215 267
67224 390
67242 309
67247 39
67255 288
67257 243
67260 301
67272 282
67282 174
67289 319
67292 203
67304 205
67309 228
67310 267
67324 57
67343 74
67356 247
67383 98
67405 468
67419 168
67420 48
67431 335
67446 44
67448 505
67458 395
67460 451
67465 292
67468 390
67481 140
67486 100
67493 3
67499 499
67509 92
67511 131
67512 404
67525 82
67558 62
67583 271
67586 492
67597 354
67617 352
67630 26
67634 395
67659 427
67660 16
67668 55
67675 211
67688 283
67701 438
67716 189
67724 413
67728 288
67742 402
67764 299
67769 238
67774 508
67781 130
67806 95
67807 440
67812 62
67817 202
67827 362
67905 24
67910 435
67928 338
67933 257
67970 438
67972 359
67987 364
67988 15
68104 67
68111 130
68155 301
68161 412
68193 238
68194 139
68244 415
68248 5
68249 60
68267 390
68275 107
68292 136
68298 194
68332 24
68339 505
68340 197
68341 246
68356 33
68357 504
68388 485
68397 498
68400 211
68423 249
68431 454
68445 66
68461 7
68467 168
68472 346
68490 89
68509 48
68511 411
68521 144
68526 62
68532 181
68533 112
68538 285
68541 268
68595 501
68602 443
68616 269
68627 324
68657 433
68694 278
68706 46
68710 333
68714 36
68716 274
68722 130
68755 364
68761 52
68799 151
68810 455
68814 282
68819 73
68821 414
68837 410
68854 258
68873 112
68898 249
68917 30
68929 432
68942 469
68943 246
68958 234
68971 329
68978 451
68981 136
68983 375
68995 153
69030 184
69079 360
69088 215
69092 269
69095 380
69099 147
69104 41
69137 112
69140 187
69168 326
69214 251
69241 344
69246 506
69253 426
69258 157
69261 127
69264 366
69272 248
69276 337
69279 245
69323 271
69335 425
69356 379
69359 306
69366 76
69367 202
69427 389
69444 497
69446 260
69450 243
69468 261
69478 477
69481 470
69489 239
69502 330
69546 268
69548 260
69554 474
69558 283
69569 321
69587 314
69604 191
69622 335
69633 107
69671 9
69708 219
69718 431
69734 216
69738 62
69774 35
69785 42
69798 451
69824 223
69835 232
69837 76
69846 422
69857 90
69867 33
69874 204
69875 151
69901 301
69903 246
69910 308
69915 344
69926 199
69930 216
69937 38
69967 479
69978 0
69979 2
70005 311
70008 157
70025 289
70043 388
70073 272
70079 1
70085 206
70099 191
70118 147
70155 52
70166 173
70176 313
70179 224
70181 101
70192 74
70194 166
70200 413
70233 18
70245 386
70257 468
70278 298
70282 82
70285 333
70316 249
70328 499
70363 244
70378 52
70416 398
70421 225
70460 167
70473 126
70489 195
70491 355
70536 457
70540 441
70556 433
70558 416
70581 351
70592 181
70608 285
70612 71
70615 185
70670 339
70680 458
70749 36
70751 331
70760 145
70766 205
70768 310
70772 424
70781 206
70796 254
70799 168
70811 506
70824 412
70826 401
70828 94
70849 425
70866 334
70892 384
70916 239
70919 42
70944 309
70948 212
70978 45
71008 138
71028 186
71037 31
71044 4
71106 417
71109 393
71170 186
71181 416
71184 324
71208 500
71209 1
71245 310
71250 167
71259 209
71262 381
71264 286
71267 103
71314 111
71318 479
71326 360
71350 118
71376 432
71384 236
71399 199
71411 330
71420 242
71424 394
71448 372
71451 509
71460 164
71472 347
71483 259
71517 398
71526 475
71529 76
71572 5
71579 394
71608 404
71612 255
71615 406
71617 321
71621 203
71628 35
71630 295
71643 460
71657 140
71665 63
71667 103
71679 50
71687 367
71695 50
71720 144
71753 22
71776 35
71804 474
71822 55
71827 49
71829 228
71846 122
71859 438
71864 510
71924 250
71927 281
71940 314
71944 322
71950 226
71955 131
71965 52
71971 167
71979 179
71980 313
72004 406
72033 430
72040 363
72042 186
72059 330
72071 122
72075 90
72085 442
72088 447
72093 274
72095 407
72110 233
72111 341
72121 285
72135 87
72160 201
72176 389
72196 416
72198 216
72207 352
72223 355
72253 86
72265 41
72295 316
72297 338
72301 323
72324 471
72325 175
72367 364
72377 386
72378 274
72386 443
72390 115
72461 353
72478 347
72484 195
72496 267
72539 320
72551 413
72555 379
72564 255
72571 129
72579 248
72592 183
72595 54
72596 154
72611 269
72613 466
72634 80
72648 224
72675 489
72701 195
72710 389
72722 128
72745 18
72766 82
72771 86
72786 452
72797 431
72867 328
72869 324
72871 159
72883 471
72892 75
72898 156
72899 91
72916 297
72958 355
72973 259
73017 210
73029 355
73041 426
73071 111
73090 200
73108 17
73111 174
73114 264
73147 62
73211 16
73221 148
73223 337
73281 366
73294 344
73300 54
73314 385
73330 159
73335 248
73337 277
73340 290
73354 465
73368 412
73372 411
73377 68
73416 157
73418 208
73431 154
73432 295
73448 127
73454 396
73484 56
73492 92
73500 465
73506 499
73507 472
73520 10
73531 195
73535 168
73553 206
73557 5
73569 339
73583 446
73603 95
73636 203
73644 126
73646 155
73652 305
73662 404
73672 429
73694 316
73715 175
73730 146
73749 464
73763 219
73768 444
73776 451
73787 25
73808 134
73812 328
73828 344
73861 425
73917 126
73925 234
73966 152
73990 283
73992 97
73998 445
73999 489
74004 209
74030 377
74035 182
74058 21
74072 12
74089 142
74107 294
74108 343
74134 275
74136 439
74145 218
74161 12
74171 412
74174 424
74191 160
74214 498
74233 312
74251 6
74303 255
74316 267
74336 441
74339 160
74393 455
74395 260
74470 502
74479 334
74519 235
74522 388
74524 274
74536 55
74540 79
74566 138
74567 162
74573 362
74600 33
74612 29
74619 277
74663 263
74714 259
74722 82
74728 318
74732 52
74753 408
74768 443
74792 350
74798 472
74814 322
74842 366
74845 459
74846 380
74874 311
74898 415
74899 424
74902 141
74933 289
74967 66
74983 335
75023 160
75034 503
75035 104
75040 18
75043 490
75059 24
75076 443
75120 393
75134 404
75141 207
75155 252
75159 421
75181 52
75188 341
75192 28
75197 83
75204 431
75206 246
75215 265
75219 211
75222 154
75223 27
75227 437
75243 19
75247 35
75262 370
75267 237
75277 207
75306 81
75321 464
75331 410
75335 166
75380 388
75387 205
75391 320
75416 236
75456 461
75467 90
75488 91
75491 505
75495 437
75513 281
75518 103
75565 87
75571 305
75572 432
75579 181
75581 177
75582 277
75603 199
75605 288
75634 49
75643 188
75647 112
75659 250
75662 406
75668 469
75674 339
75675 154
75702 246
75736 467
75742 152
75746 252
75761 194
75768 393
75771 490
75785 153
75793 506
75806 328
75817 32
75845 168
75853 390
75870 36
75902 498
75938 185
75969 419
75986 86
75987 92
76012 238
76015 106
76019 214
76021 437
76040 300
76068 150
76071 193
76077 37
76095 391
76122 194
76149 367
76155 379
76156 116
76168 393
76175 330
76220 108
76221 84
76229 176
76242 299
76245 156
76247 22
76260 203
76268 489
76277 65
76296 157
76306 284
76336 151
76337 47
76366 448
76376 255
76402 359
76416 507
76417 488
76430 361
76432 451
76464 101
76474 140
76488 224
76509 382
76511 28
76515 365
76516 62
76519 109
76549 33
76567 186
76600 207
76655 451
76666 475
76675 119
76676 174
76677 143
76703 197
76738 132
76740 331
76748 95
76783 67
76787 13
76789 234
76793 3
76804 483
76811 211
76817 175
76822 449
76826 385
76827 181
76828 113
76843 468
76857 273
76859 378
76862 303
76901 44
76920 99
76921 444
76937 180
76968 90
76973 124
76986 331
76999 453
77010 439
77025 326
77028 375
77057 434
77073 238
77080 422
77083 289
77091 66
77107 73
77113 391
77170 59
77202 78
77210 65
77230 31
77249 322
77262 293
77266 115
77289 1
77290 325
77306 281
77315 385
77328 457
77360 122
77363 1
77366 60
77407 173
77418 30
77419 303
77441 365
77444 177
77505 207
77507 503
77517 394
77532 19
77555 56
77579 192
77596 315
77629 316
77630 36
77650 12
77658 137
77659 252
77689 439
77692 22
77695 96
77704 173
77706 480
77707 413
77763 460
77801 393
77805 472
77813 456
77864 168
77874 29
77881 125
77882 414
77893 84
77898 192
77908 214
77911 357
77941 290
77972 412
77989 347
78012 294
78025 281
78054 267
78130 380
78140 164
78144 279
78163 254
78178 271
78201 426
78208 416
78214 413
78231 312
78267 245
78272 301
78276 440
78279 415
78298 363
78322 233
78325 64
78343 380
78371 104
78378 192
78381 81
78384 308
78439 281
78447 8
78460 43
78475 256
78487 466
78488 423
78510 142
78525 248
78592 227
78635 94
78647 331
78687 213
78716 152
78740 34
78749 1
78765 220
78777 41
78786 72
78788 37
78803 374
78866 286
78887 4
78890 123
78977 328
78980 93
78983 424
78984 321
79001 208
79009 382
79039 216
79047 151
79103 254
79123 59
79139 418
79160 202
79184 251
79231 286
79241 78
79265 254
79289 503
79306 2
79331 403
79346 251
79349 27
79353 31
79362 335
79368 231
79370 52
79382 418
79420 168
79423 370
79449 85
79454 163
79459 43
79484 58
79485 252
79486 450
79491 384
79498 245
79523 311
79534 145
79538 460
79558 213
79563 120
79602 324
79611 331
79620 314
79660 395
