#io generator
#numio=2500 maxtracks=1000 lambda=10.000000
1 393
170 356
194 71
265 152
424 577
592 556
605 152
642 60
648 259
728 965
769 150
862 272
905 763
1034 615
1037 361
1093 678
1198 423
1200 34
1251 650
1266 376
1285 81
1487 396
1506 323
1551 317
1616 116
1640 10
1663 995
1687 705
1793 106
1822 804
1869 849
1918 223
1941 517
1963 768
1976 445
1987 395
2043 77
2160 759
2198 248
2204 984
2238 359
2645 631
2677 278
2707 113
2743 658
2930 853
2983 400
2989 781
3176 335
3235 85
3348 695
3397 306
3508 272
3513 174
3568 143
3581 885
3633 155
3687 858
3729 854
3996 818
4050 889
4133 22
4158 749
4280 208
4286 354
4312 864
4315 774
4329 823
4332 238
4799 568
4835 157
4880 885
4908 971
5010 746
5141 715
5203 339
5272 236
5305 896
5624 166
5632 70
5687 398
5892 572
5906 106
5943 220
5974 393
6090 727
6150 243
6221 863
6239 356
6309 40
6314 175
6349 677
6388 743
6451 397
6631 677
6678 431
6684 403
6705 510
6743 471
6888 793
6910 582
6941 503
6957 208
7051 551
7179 758
7252 993
7263 300
7302 882
7457 803
7574 551
7597 223
7671 675
7690 879
7705 626
7737 41
7777 611
7850 765
7859 819
8131 833
8165 792
8232 994
8347 731
8373 191
8444 168
8845 407
8940 267
9014 348
9228 858
9247 128
9296 578
9309 905
9324 794
9407 305
9478 644
9489 985
9532 731
9824 222
9870 274
9910 77
9953 410
10002 163
10086 115
10139 619
10413 740
10516 459
10544 918
10578 509
10671 35
10797 326
10882 954
10909 117
10995 290
11026 148
11088 755
11107 8
11120 711
11134 842
11265 684
11311 801
11352 210
11374 743
11384 626
11405 841
11486 68
11499 342
11500 478
11546 707
11655 800
11800 334
11860 82
11891 720
12009 515
12071 621
12087 25
12128 625
12148 684
12182 364
12209 622
12226 972
12313 373
12341 712
12484 775
12524 620
12588 276
12821 131
12854 299
12997 153
13123 415
13234 15
13277 198
13353 676
13513 10
13516 193
13591 247
13604 323
13676 482
13678 472
13700 456
13707 834
13806 49
14058 93
14090 817
14111 163
14130 22
14144 672
14162 820
14194 103
14327 390
14353 463
14429 787
14451 945
14581 731
14598 280
14728 37
14729 874
14737 222
14865 354
14901 53
14936 565
15033 597
15069 75
15159 217
15206 998
15291 103
15337 468
15370 407
15395 93
15465 572
15652 648
15718 792
15797 694
15798 472
15801 401
15857 424
16114 252
16115 353
16144 722
16207 794
16302 251
16473 182
16568 259
16634 12
16666 201
16732 271
16874 172
16878 501
17029 79
17302 915
17351 499
17382 449
17486 362
17607 80
17613 374
17769 806
17842 772
18180 346
18182 579
18215 386
18328 944
18408 629
18417 722
18427 983
18548 105
18720 284
18789 239
18888 357
18957 537
19000 687
19181 313
19232 537
19238 482
19399 119
19403 243
19455 842
19470 163
19517 305
19679 603
19704 688
19796 188
20065 313
20106 706
20189 29
20209 110
20303 154
20344 210
20432 510
20520 576
20594 755
20722 135
20790 8
20816 69
20844 185
20927 602
21082 382
21199 845
21288 218
21348 367
21369 795
21417 966
21642 901
21656 642
21695 870
21713 41
21786 40
21800 223
21803 476
21829 361
21910 967
22160 535
22192 755
22228 45
22502 933
22541 223
22638 890
22653 679
22770 366
22799 202
22819 541
22840 863
22905 421
22911 630
23082 380
23447 560
23479 956
23486 697
23579 477
23680 686
23719 155
23899 140
23902 99
24030 837
24077 142
24080 702
24166 284
24228 266
24319 653
24489 604
24491 889
24504 382
24644 261
24650 558
24750 822
24771 151
25058 154
25083 24
25104 111
25252 719
25273 901
25314 938
25329 988
25346 891
25422 101
25473 675
25820 662
25824 836
26017 137
26054 664
26295 639
26421 938
26539 106
26786 47
26804 824
26913 472
27009 189
27048 911
27062 614
27183 820
27277 300
27328 706
27574 553
27632 887
27719 937
27779 650
27843 366
27909 370
27957 552
27997 691
28032 185
28045 102
28080 574
28081 554
28096 816
28131 905
28140 869
28210 79
28251 154
28506 113
28513 518
28621 668
28783 353
28785 358
28962 456
28965 282
29042 215
29078 18
29194 397
29257 979
29275 946
29436 331
29563 496
29602 239
29680 378
29712 742
29882 117
29921 782
29968 449
29979 376
30156 191
30236 549
30275 43
30337 196
30380 140
30394 655
30400 60
30723 903
30784 397
30795 208
30907 495
31133 672
31204 362
31249 83
31374 595
31420 718
31536 119
31559 194
31572 835
31609 603
31888 566
31910 62
31983 245
32235 183
32312 108
32349 418
32418 343
32425 216
32516 545
32542 517
32553 761
32573 928
32732 504
32741 43
32772 514
32850 316
32856 905
32891 707
32903 344
33069 793
33114 283
33131 55
33204 303
33227 331
33368 573
33509 990
33539 85
33727 214
33793 42
33815 930
33875 904
33896 636
34020 625
34051 961
34312 235
34417 421
34471 967
34519 144
34542 750
34590 119
34619 324
34627 657
34666 28
34820 999
34825 131
35024 627
35026 176
35049 846
35170 608
35293 770
35432 562
35448 362
35504 669
35557 799
35597 982
35785 743
35812 29
35850 717
35854 274
35948 129
35987 647
36092 441
36222 20
36247 624
36321 95
36358 473
36438 587
36573 186
36595 342
36918 677
36947 906
36987 633
37192 822
37224 993
37231 68
37240 502
37334 879
37549 538
37721 231
37734 529
37763 558
38076 145
38212 171
38250 181
38262 80
38315 64
38367 140
38946 323
38996 993
39036 559
39045 922
39069 995
39220 813
39389 98
39673 425
39714 536
39755 410
39840 266
39905 84
39949 740
39962 954
40084 666
40091 804
40436 585
40555 410
40566 913
40596 420
40775 200
40794 803
40820 211
40839 724
40942 656
40952 429
41144 716
41198 371
41243 679
41272 261
41303 421
41308 335
41457 746
41469 776
41475 572
41561 279
41684 487
41748 17
41842 302
41950 373
41993 194
42019 153
42111 667
42181 387
42561 872
42660 414
42868 69
42909 800
43035 573
43099 895
43110 261
43124 952
43227 753
43489 465
43493 735
43629 492
43827 134
43905 637
44026 257
44027 796
44037 759
44054 67
44186 632
44338 644
44355 445
44413 352
44504 714
44531 455
44578 275
44767 523
44873 16
45083 893
45164 577
45253 920
45322 492
45325 362
45416 117
45431 336
45749 835
45807 430
45842 895
45853 89
45869 592
45930 476
45983 80
46032 271
46039 425
46052 759
46200 680
46269 354
46367 968
46371 847
46383 395
46517 994
46726 264
46760 834
46798 458
46800 993
46801 511
46853 95
47307 778
47322 423
47537 951
47578 805
47652 32
47665 361
47683 209
47696 614
47699 153
47759 307
47814 387
47906 981
47947 702
48363 935
48380 91
48582 987
48607 356
48807 235
48921 736
49072 814
49242 228
49368 116
49411 973
49509 481
49519 285
49635 650
49718 497
49792 96
49808 627
49810 408
49905 964
49942 2
49970 327
49990 102
49994 104
50180 961
50210 731
50216 772
50307 810
50328 833
50335 42
50384 768
50442 115
50592 739
50693 896
50705 462
50853 544
50899 181
51052 703
51077 935
51200 202
51370 142
51574 975
51758 640
51873 168
51921 880
51938 957
52016 751
52021 513
52071 816
52110 639
52134 271
52149 744
52194 55
52238 738
52592 256
52803 888
52841 874
52990 313
53044 649
53093 988
53149 692
53368 178
53412 19
53500 934
53635 102
53699 115
53734 758
53881 827
54006 308
54068 804
54130 506
54218 963
54253 556
54277 895
54294 758
54455 735
54500 830
54683 895
54825 606
54958 686
55050 404
55171 82
55184 663
55364 976
55631 475
55744 536
56042 474
56094 362
56096 777
56118 236
56175 141
56442 987
56709 885
56870 821
56920 713
56973 200
56982 311
57006 280
57281 192
57303 946
57385 37
57434 649
57487 984
57545 761
57568 778
57594 410
57698 284
57734 636
57747 204
57757 881
57850 328
58411 24
58481 279
58973 803
59030 945
59077 573
59118 120
59124 412
59134 627
59148 400
59187 471
59312 156
59417 193
59535 924
59573 921
59695 110
59716 805
59726 861
59732 133
59814 621
59820 136
59836 507
59858 280
60047 389
60225 93
60342 313
60404 601
60451 321
60569 262
60590 193
60605 50
60632 433
60777 438
60803 941
60866 960
60927 649
60934 757
60946 354
60948 76
61050 944
61064 534
61086 735
61096 727
61100 931
61450 301
61459 174
61491 428
61561 209
61711 903
61723 437
61872 712
61878 960
61925 244
61953 507
61982 58
62027 491
62094 710
62113 728
62156 283
62236 428
62302 783
62371 938
62388 212
62399 78
62408 297
62462 980
62531 941
62580 847
62602 987
62615 314
62658 659
62835 150
62997 634
63063 169
63089 17
63194 77
63266 693
63291 833
63428 367
63652 138
63813 930
63825 486
63979 628
64009 127
64080 502
64123 56
64136 348
64153 47
64459 794
64477 277
64602 971
64634 432
64716 645
64739 506
64757 644
64927 147
65045 383
65046 421
65140 146
65142 219
65208 94
65243 936
65269 428
65458 95
65535 197
65713 617
65773 340
65797 198
65867 788
65884 823
65926 108
66190 226
66240 989
66318 209
66328 686
66370 724
66483 810
66564 82
66584 581
66598 883
66711 84
66763 332
66804 783
66860 31
66923 741
67067 5
67209 825
67228 341
67354 880
67414 950
67476 980
67560 348
67677 336
67719 29
67906 608
68089 697
68177 413
68179 117
68195 559
68207 769
68233 4
68344 151
68477 6
68528 645
68691 44
68758 454
68759 271
68880 816
68950 234
69090 525
69228 758
69246 535
69260 251
69339 369
69464 803
69475 112
69598 912
69621 638
69809 757
69834 806
69955 879
69977 828
69989 64
70066 757
70092 490
70116 140
70137 505
70221 421
70327 329
70444 569
70454 929
70539 940
70677 946
70741 761
70832 861
70894 507
70995 827
71025 891
71191 981
71269 190
71316 933
71346 721
71389 6
71400 196
71430 933
71538 468
71686 448
71725 704
71762 987
71809 99
71950 32
72020 590
72167 943
72216 752
72409 132
72623 396
72628 273
72637 504
72661 260
72751 616
72767 467
72773 56
72958 493
73065 310
73114 226
73153 329
73175 17
73364 120
73606 402
73760 885
73817 816
73841 599
73848 399
73856 369
73936 805
74258 853
74281 71
74461 188
74523 671
74574 45
74745 909
74780 157
74975 295
74999 887
75088 151
75199 231
75455 54
75588 57
75633 935
75674 114
75775 413
76033 14
76082 878
76098 50
76157 701
76164 448
76234 471
76303 537
76412 884
76453 464
76455 197
76544 3
76565 528
76569 706
76615 487
76743 204
76916 788
76934 386
77016 421
77059 217
77068 532
77150 734
77173 271
77283 157
77372 236
77388 892
77590 197
77601 460
77623 850
77816 746
77899 129
77977 460
78009 34
78019 769
78066 345
78233 3
78307 7
78332 898
78445 441
78512 15
78587 486
78808 832
78882 408
78889 481
78919 836
78931 461
78980 613
79104 518
79205 579
79542 87
79590 992
79597 100
80291 383
80796 779
80927 592
81045 461
81051 741
81077 710
81089 384
81105 482
81123 345
81339 705
81578 754
81596 700
81626 212
81742 807
81759 886
81938 204
81961 907
82269 96
82320 777
82381 579
82435 851
82460 669
82480 482
82492 456
82623 97
82636 786
82779 385
82829 186
82897 274
83281 802
83294 902
83336 809
83688 527
83715 768
83721 888
83746 935
83760 958
83774 661
83782 628
83832 207
83949 276
83953 175
84061 245
84172 37
84192 576
84208 142
84273 629
84500 574
84512 261
84543 241
84555 632
84569 329
84635 348
84985 701
85268 480
85447 767
85552 968
85767 519
85785 717
85846 454
85872 755
85940 877
85976 549
86021 542
86145 796
86259 960
86300 961
86325 18
86352 280
86447 287
86554 629
86558 517
86626 998
86628 813
86722 594
86745 8
86777 865
86940 736
86980 338
87004 225
87014 62
87029 563
87030 475
87095 334
87200 302
87272 517
87473 676
87475 530
87559 72
87590 390
87672 611
87710 17
87758 285
87863 892
87936 32
87945 759
87952 303
87981 118
88094 905
88139 536
88156 75
88160 139
88264 88
88347 427
88360 13
88487 827
88560 216
88699 102
88751 598
89145 125
89219 112
89380 725
89420 207
89559 195
89567 298
89665 320
89700 785
89746 125
89901 129
89961 34
89972 370
90120 768
90186 707
90339 88
90366 866
90384 937
90673 98
90754 395
90781 507
90848 417
90970 322
91070 179
91078 197
91105 982
91134 858
91135 471
91154 879
91174 815
91240 111
91415 892
91702 117
91834 957
91852 492
91884 520
92099 938
92222 266
92306 985
92341 874
92366 357
92382 150
92417 672
92452 253
92635 195
92772 25
92779 732
92797 561
93040 432
93044 313
93273 54
93295 891
93442 523
93504 846
93675 441
93686 255
93763 288
93837 316
93919 882
93938 863
94034 254
94280 454
94302 179
94303 219
94373 71
94430 564
94440 790
94485 986
94513 24
94647 212
94694 971
94741 110
94763 96
94804 928
95093 656
95210 701
95391 754
95403 170
95606 173
95643 545
95664 923
95672 370
95765 567
95798 28
95865 190
95885 58
95898 707
95911 422
96032 594
96064 782
96085 142
96134 163
96304 640
96334 831
96459 722
96494 57
96571 487
96612 360
96616 785
96652 646
96930 628
97021 138
97051 873
97112 138
97159 911
97349 719
97353 404
97513 952
97516 215
97630 858
97839 160
98025 584
98103 344
98320 703
98330 333
98362 105
98605 55
98625 296
98823 804
98865 397
98959 356
98968 771
99075 999
99171 805
99189 506
99270 154
99352 580
99452 316
99646 684
99647 54
99648 370
99661 978
99702 403
99726 356
99743 710
99848 924
99853 870
99942 827
100095 419
100170 86
100365 297
100385 593
100542 980
100721 802
100803 929
100948 682
100974 17
101055 727
101096 937
101102 629
101180 836
101240 714
101332 250
101390 578
101472 175
101554 594
101601 906
101616 350
101779 97
101791 551
101793 9
101813 326
101815 896
101819 448
101953 136
101959 480
102232 632
102248 681
102408 738
102430 552
102613 925
102624 386
102757 335
102856 718
102898 889
102921 459
103092 505
103207 926
103245 839
103280 234
103562 453
103656 950
103662 911
103737 969
103815 892
103870 562
103997 668
104220 649
104306 368
104349 574
104425 896
104473 145
104558 400
104617 522
104728 781
104779 229
104830 449
104858 408
104864 285
104868 974
104991 620
105108 475
105171 442
105220 255
105345 917
105477 451
105602 303
105670 495
105761 142
105762 478
105955 516
106047 420
106301 23
106433 48
106460 886
106461 115
106513 815
106580 76
106602 72
106632 69
106970 161
107025 802
107071 117
107097 167
107119 315
107197 184
107330 354
107399 798
107434 434
107574 686
107603 870
107724 827
107810 394
107985 944
108032 235
108033 455
108070 535
108092 860
108171 555
108173 912
108326 675
108333 703
108335 502
108374 137
108406 94
108452 220
108622 286
108799 291
108814 850
108920 424
109069 214
109198 399
109245 681
109249 28
109341 965
109513 385
109517 603
109557 765
109565 822
109740 455
109926 361
110010 813
110088 582
110096 837
110138 863
110160 297
110166 83
110255 550
110363 749
110427 475
110521 477
110668 777
110674 274
110732 187
110739 446
110816 13
110939 319
111070 455
111243 932
111269 334
111388 556
111462 873
111538 328
111579 405
111585 2
111744 792
111793 741
111856 561
111857 112
111960 113
112021 392
112031 366
112124 954
112253 613
112416 116
112637 682
112720 579
112781 313
112959 980
113054 985
113359 600
113471 463
113502 347
113503 357
113549 773
113596 18
113609 598
113645 878
113705 208
113755 439
113784 440
113793 998
113794 678
113822 927
113902 31
114085 642
114159 690
114167 972
114169 130
114199 498
114374 802
114428 70
114466 902
114689 952
114697 441
114734 435
114894 514
114936 902
114952 745
115084 852
115196 742
115247 408
115289 600
115324 472
115422 711
115685 635
115739 487
115830 914
115867 655
116018 501
116025 258
116232 979
116343 370
116503 965
116512 711
116639 893
116684 313
116710 887
116894 682
116927 645
116964 330
116988 907
117115 986
117244 208
117321 688
117413 739
117633 645
117728 720
117729 600
117815 133
117843 504
117844 766
117971 327
118050 732
118051 377
118089 344
118169 311
118182 645
118192 370
118217 822
118223 27
118333 725
118435 489
118536 346
118550 875
118630 679
118803 424
118854 228
118860 229
118880 92
118950 641
118993 266
119222 599
119404 86
119666 200
119845 49
119864 677
119975 974
119988 517
120017 342
120054 979
120055 294
120093 519
120148 482
120251 761
120315 355
120353 12
120425 356
120495 533
120538 581
120637 351
120711 961
120713 406
120919 196
121112 256
121170 316
121190 561
121260 639
121266 134
121275 828
121444 697
121459 299
121551 804
121631 320
121662 98
121836 72
121880 533
121882 478
122093 970
122177 864
122196 213
122210 462
122321 792
122329 854
122525 224
122611 823
122802 866
122811 631
122894 778
123121 10
123278 854
123284 326
123320 117
123442 328
123448 480
123464 314
123552 373
123664 469
123677 880
123706 92
123714 7
123899 27
124054 38
124134 545
124261 610
124321 694
124367 639
124368 852
124474 827
124488 844
124515 373
124528 2
124631 937
124678 912
124805 795
124997 803
125188 950
125272 960
125342 223
125454 218
125567 472
125653 419
125704 535
125718 321
125812 20
125886 89
125900 630
126035 117
126043 749
126248 898
126353 858
126443 677
126567 379
126643 417
126712 416
126787 382
126951 320
127072 382
127217 977
127308 572
127785 332
127866 178
128113 498
128139 65
128160 231
128408 3
128415 664
128500 899
128503 319
128531 646
128630 954
128632 623
128656 831
128666 809
128758 702
128881 42
128914 985
129062 281
129067 111
129120 35
129129 603
129219 795
129271 744
129280 819
129317 850
129428 420
129476 47
129497 480
129511 60
129526 879
129678 233
129698 854
129718 106
129728 311
129746 649
129777 332
129798 46
129808 754
129925 243
129988 181
129995 347
130064 567
130101 853
130104 572
130288 238
130333 782
130380 695
130456 711
130577 773
130578 19
130619 369
130651 674
130691 480
130733 206
130829 3
130865 816
130897 990
130933 745
131072 430
131100 758
131182 770
131240 140
131287 178
131430 267
131657 875
131682 374
131703 638
131706 661
131715 478
131867 842
131916 257
131996 832
132017 41
132081 91
132128 896
132269 141
132351 390
132375 132
132438 135
132476 521
132563 895
132585 325
132802 918
132846 423
132961 286
133137 44
133353 737
133378 986
133406 382
133452 211
133471 600
133628 622
133789 10
133804 18
133843 713
133845 96
133915 286
133956 554
133973 866
134258 991
134270 882
134272 97
134344 326
134350 935
134442 542
134453 940
134464 24
134526 27
134528 754
134531 444
134578 75
134636 76
134669 963
134743 566
134875 608
134936 982
134986 592
134992 111
135180 162
135183 628
135274 193
135337 849
135355 131
135511 253
135674 922
135763 354
136248 239
136290 360
136307 61
136502 32
136585 484
136586 161
136592 94
136615 996
136637 320
136710 962
136764 193
136889 732
136918 688
137237 212
137307 684
137369 609
137561 997
137824 126
137828 896
137841 729
137876 174
138042 457
138065 165
138110 525
138159 79
138209 999
138232 299
138330 599
138665 718
138790 599
138828 378
138845 326
138880 179
138925 435
138930 612
138943 457
139058 57
139243 55
139261 370
139326 707
139370 69
139462 723
139496 439
139525 357
139537 134
139774 560
139827 167
139990 889
140022 339
140051 424
140277 490
140437 738
140496 797
140614 770
140627 375
140675 617
140719 185
140750 814
140823 663
140837 783
140956 129
140987 311
141013 229
141029 645
141092 526
141097 520
141098 951
141120 565
141223 53
141253 916
141294 813
141351 873
141885 874
141972 624
142029 859
142068 335
142408 750
142486 286
142781 847
142982 549
143017 1
143022 390
143250 328
143484 700
143520 291
143592 810
143600 151
143686 104
143688 370
143785 564
143804 136
143977 219
144140 547
144192 867
144229 437
144269 768
144312 487
144325 391
144451 115
144458 197
144497 709
144550 861
144637 617
144800 61
144831 452
144856 482
144888 510
144922 900
144923 238
144949 453
145028 64
145195 142
145213 283
145451 339
145486 156
145588 85
145601 259
145821 854
145977 834
146161 223
146186 206
146277 639
146371 76
146429 732
146457 834
146472 970
146643 79
146652 122
146685 72
146731 739
146750 208
146880 391
146927 772
146948 344
147018 160
147080 894
147114 273
147171 83
147203 73
147329 665
147508 2
147583 807
147589 749
147788 445
147917 392
147932 49
148000 9
148043 68
148157 687
148196 389
148337 980
148361 215
148382 817
148408 604
148574 114
148597 799
148606 905
148676 198
148755 537
148832 476
149030 827
149086 529
149222 968
149290 619
149369 11
149421 991
149446 718
149467 109
149468 850
149478 119
149598 247
149599 406
149643 680
149858 89
149870 873
150056 683
150094 754
150172 1
150207 306
150243 809
150327 527
150348 786
150406 99
150521 675
150539 586
150730 244
151105 368
151299 937
151344 81
151468 374
151576 213
151586 415
151604 503
151699 226
151863 531
151882 564
151886 480
151918 603
151983 137
152007 800
152103 201
152106 717
152169 969
152248 27
152251 464
152289 815
152374 531
152393 892
152395 952
152404 922
152453 350
152503 542
152636 837
152647 411
152923 425
152940 698
153013 256
153053 196
153072 70
153091 277
153148 625
153155 213
153167 323
153175 191
153199 226
153208 760
153272 601
153299 407
153342 449
153470 414
153625 30
153634 501
153659 529
153748 513
153816 922
153933 136
153992 883
154024 705
154041 456
154211 484
154297 11
154318 259
154389 547
154471 52
154910 486
154957 872
155011 580
155046 804
155054 72
155082 710
155471 109
155611 542
155985 196
156006 201
156085 144
156171 336
156183 929
156251 769
156299 263
156428 474
156532 289
156563 267
156715 720
156720 979
156837 390
156924 786
156976 536
157005 493
157104 577
157192 387
157288 379
157384 878
157411 320
157489 786
157554 469
157576 334
157682 607
157751 628
157780 675
157850 119
157855 299
158032 566
158167 235
158171 569
158296 754
158531 535
158541 680
158581 443
158585 229
158651 531
158701 920
158726 98
158781 919
158822 198
158878 545
158901 827
158946 830
159027 687
159192 233
159244 644
159259 35
159372 870
159416 222
159570 510
159615 457
159618 943
159653 331
159656 900
159677 466
159684 779
159717 606
159763 193
159786 150
159792 503
159870 728
159958 685
160011 564
160021 729
160064 644
160079 894
160165 125
160188 18
160201 172
160224 633
160247 49
160324 634
160404 107
160535 926
160557 911
160599 907
160675 123
160742 147
160829 727
160986 124
161020 59
161021 58
161036 291
161041 351
161087 346
161398 735
161435 629
161469 51
161569 197
161853 994
161861 407
162035 749
162091 496
162261 218
162280 774
162311 596
162445 362
162524 19
162603 731
162637 116
162643 354
162786 472
163095 222
163150 720
163190 501
163284 529
163463 617
163487 438
163496 175
163576 337
163801 0
164004 784
164037 589
164159 15
164187 174
164197 398
164253 984
164406 512
164423 394
164442 626
164611 948
164623 804
164685 433
164705 679
164775 900
164776 559
164948 951
164979 262
165037 147
165061 860
165090 410
165112 851
165149 129
165182 601
165237 597
165256 420
165315 382
165334 112
165461 466
165578 425
165612 809
165929 267
166036 329
166092 300
166140 808
166153 799
166171 420
166249 613
166308 15
166326 74
166397 442
166448 158
166578 718
166601 641
166616 62
166621 552
166774 53
166902 632
166938 350
167140 860
167152 94
167233 377
167287 311
167636 65
167665 205
167676 939
167754 634
167761 472
167793 368
167802 539
167844 181
167851 302
167871 912
168075 617
168097 867
168145 421
168389 139
168509 476
168553 789
168611 778
168998 681
169092 641
169120 815
169129 670
169144 228
169161 615
169200 302
169387 644
169405 853
169427 478
169522 740
169694 682
169852 698
169864 331
169914 701
169922 481
169958 826
169967 699
170044 237
170078 826
170125 580
170168 876
170329 359
170384 98
170401 783
170465 933
170520 476
170591 404
170605 775
170704 662
170752 844
170763 859
170846 266
170907 312
170959 929
170970 971
171023 580
171164 394
171375 369
171425 153
171437 70
171443 677
171502 702
171508 721
171556 816
171592 954
171673 527
171799 332
171917 372
171994 298
172021 784
172044 813
172078 118
172095 305
172145 700
172191 640
172301 545
172329 317
172350 399
172352 726
172370 422
172455 877
172678 494
172695 743
172846 854
172849 170
172925 312
173234 3
173276 191
173303 917
173469 767
173530 662
173558 875
173850 561
173874 18
173899 490
173942 969
173976 389
174022 577
174032 331
174074 175
174126 71
174176 486
174181 918
174265 383
174400 569
174412 394
174431 464
174454 211
174455 544
174474 313
174476 670
174500 402
174504 746
174798 193
174804 412
174838 580
174887 856
174892 558
175003 744
175217 610
175245 93
175304 558
175328 757
175393 819
175725 897
175869 659
175883 256
175978 926
175998 913
176076 282
176142 133
176153 652
176241 914
176278 634
176333 710
176430 530
176452 286
176574 13
176727 623
176836 477
176917 948
177016 381
177172 971
177198 880
177270 577
177317 753
177411 118
177455 631
177509 80
177521 225
177645 686
177694 95
177744 495
177997 115
178048 734
178115 159
178201 327
178259 557
178285 835
178328 918
178368 904
178451 130
178452 118
178559 538
178575 918
178683 7
178752 246
178760 96
178861 69
178878 240
179000 804
179038 486
179048 940
179051 429
179163 482
179195 189
179231 21
179259 410
179270 82
179493 338
179586 346
179655 960
179699 701
179789 519
179971 942
180000 716
180031 808
180172 282
180315 278
180319 334
180392 247
180487 648
180549 132
180665 649
180671 126
180749 795
180796 255
180901 922
181136 458
181179 869
181217 763
181283 742
181346 434
181347 425
181440 82
181547 339
181577 482
181907 897
181978 775
182037 696
182211 196
182261 374
182306 248
182332 409
182424 738
182448 108
182500 865
182642 74
182668 876
182720 12
182959 260
182991 288
183092 340
183107 357
183116 733
183120 18
183319 547
183356 382
183475 690
183592 503
183633 70
183703 931
183908 462
183928 338
183980 248
184006 767
184075 586
184128 942
184239 867
184243 505
184434 76
184476 469
184523 818
184546 160
184616 768
184682 680
184717 520
184788 843
184844 852
184859 32
184867 479
184987 703
184992 309
185069 837
185083 703
185114 100
185227 779
185290 249
185358 835
185397 207
185466 998
185630 985
185684 504
185816 45
185849 9
185855 458
185905 877
185918 554
185933 806
185970 364
186023 735
186069 290
186123 35
186181 112
186334 949
186362 475
186584 208
186630 467
186723 288
186776 70
186802 590
186858 787
186905 690
186936 655
186987 734
186988 7
187035 485
187061 984
187116 838
187123 391
187239 417
187390 736
187463 327
187480 339
187551 717
187590 915
187617 938
187707 776
187781 44
187823 127
187936 451
187946 248
188153 433
188172 457
188195 330
188336 58
188439 716
188558 373
188561 0
188654 661
188748 122
188812 26
188816 278
188937 690
188966 234
189093 101
189179 952
189211 622
189247 582
189253 656
189436 929
189530 661
189607 511
189609 690
189662 747
189694 229
189847 927
189869 931
189886 59
189958 530
189984 438
190058 979
190095 981
190164 775
190226 682
190268 478
190339 147
190350 258
190430 174
190652 170
190843 300
190881 792
190900 656
190996 435
191090 344
191342 8
191456 597
191788 173
191852 590
192075 143
192098 381
192170 885
192226 761
192237 187
