#io generator
#numio=1000 maxtracks=1000 lambda=0.010000
1 644
285 730
517 171
1231 986
1298 963
1686 42
2435 139
2971 338
3278 898
3981 157
4358 876
4392 130
5114 24
5730 837
5843 150
6322 211
6917 20
7623 106
7766 895
7834 282
8477 611
8719 858
9281 41
9427 162
10131 134
10370 443
10378 367
10807 974
11100 397
11708 543
12117 451
12683 342
13036 698
13371 664
13815 541
14524 452
14638 271
14870 904
15103 506
15152 252
15632 387
16153 652
16718 269
17187 146
17686 438
18203 214
18870 446
19286 363
19394 5
19414 738
19822 974
19964 699
20147 500
20598 558
20603 670
21210 648
21253 506
21477 812
22058 927
22777 442
23050 649
23541 257
23612 213
24076 241
24239 647
24973 764
25438 169
25784 867
26286 66
26604 678
27155 237
27399 794
27956 627
28410 519
28825 566
29546 921
29707 619
29840 312
30464 799
30878 51
31212 532
31823 69
32349 279
33051 373
33309 363
33347 82
33796 378
34453 344
34457 484
35104 562
35141 827
35503 266
35837 663
36270 279
36616 132
36863 910
37361 146
38095 368
38413 916
38968 771
39177 793
39817 881
39945 731
40113 178
40274 90
40829 266
41516 225
41914 364
42579 112
43061 351
43243 974
43438 910
43528 241
43735 546
43853 19
44090 438
44699 171
44937 985
45614 545
45736 118
46211 905
46498 552
46595 918
47282 19
47304 561
47580 274
47981 632
48119 657
48773 463
48925 31
49286 521
49637 296
50156 789
50366 597
50615 446
51151 969
51414 101
51804 482
51818 439
52193 49
52846 324
53247 504
53627 193
53909 972
54206 409
54546 919
55204 752
55663 668
55688 210
55690 481
56384 972
57008 28
57378 316
57413 934
58026 96
58727 690
59041 472
59186 930
59684 573
60360 63
61096 358
61833 861
61915 597
62311 144
62916 532
63384 735
63761 459
64332 0
64913 810
65613 594
66293 869
66505 328
66760 480
66953 7
66992 161
67045 35
67433 55
68105 629
68593 427
69173 461
69893 400
70040 465
70684 960
71032 636
71609 399
71781 678
71982 515
71987 611
72733 266
73196 49
73515 690
73578 947
74137 982
74569 399
74875 352
75520 370
76083 57
76709 613
76722 301
76908 789
77433 480
77783 970
78529 475
78964 991
79519 201
79549 169
80218 125
80304 638
80384 693
80412 517
80446 899
81111 798
81828 723
82136 975
82154 661
82727 726
82832 233
83354 137
83884 279
83980 450
84339 169
84802 373
85022 735
85031 402
85352 50
86042 475
86754 808
86958 907
87356 685
88018 557
88277 648
88489 489
89149 981
89617 590
89811 755
89841 741
90533 660
90619 219
90914 128
91379 825
91512 542
91736 129
91998 574
92025 883
92219 920
92549 608
92974 725
93046 450
93575 723
93605 968
93962 81
94493 402
95048 825
95513 137
96228 243
96950 133
97538 263
97734 136
98362 300
98377 99
98542 462
99071 790
99211 804
99390 895
99785 282
100432 6
100703 573
101009 105
101307 31
101488 353
101693 206
102057 60
102408 750
102555 308
102592 217
102897 271
103406 115
103451 868
104140 302
104712 448
105149 627
105489 948
105639 864
105679 601
106350 296
107066 169
107442 442
107614 973
107758 427
107968 243
108451 690
108836 325
109439 576
109583 725
110241 957
110371 463
110809 628
111116 787
111484 464
111774 388
112344 343
112761 264
113350 788
113527 979
113688 519
113854 861
114010 738
114149 15
114384 381
114939 193
115192 916
115683 924
116090 67
116622 37
117020 99
117338 294
117669 984
118087 230
118665 796
118821 989
119057 433
119694 526
119822 38
120228 486
120541 284
121050 758
121199 336
121710 745
122012 393
122598 936
122967 209
123139 937
123283 789
123408 966
123847 378
124563 903
125170 805
125491 983
126123 972
126474 263
126666 149
126682 457
127045 704
127196 890
127269 986
127888 591
128034 58
128429 388
129064 696
129329 434
129384 309
129636 886
129722 767
130373 959
130927 338
131093 997
131458 244
131798 974
132509 658
133157 46
133639 691
134116 840
134677 166
134848 598
135495 584
135519 938
136189 370
136806 9
136909 693
137636 879
137660 192
138317 520
138644 332
139014 386
139757 359
140080 635
140118 70
140474 801
140651 705
140949 100
141165 432
141193 183
141794 862
141938 941
142354 163
142969 588
143235 697
143316 793
143338 603
143472 21
144193 612
144685 13
145196 133
145806 919
146434 214
146448 128
146932 58
147165 449
147855 506
148147 477
148648 212
148697 25
149379 174
149993 940
150575 999
151296 740
151753 619
152318 294
152882 569
153041 591
153628 233
154167 430
154385 32
155045 213
155448 272
155965 208
156327 756
156502 395
157200 54
157451 709
157491 298
157827 665
158515 204
159235 670
159814 174
160010 557
160315 983
161056 700
161068 869
161753 555
161858 605
162430 626
162700 998
162715 293
162754 357
162755 106
163245 452
163823 573
164314 732
164496 430
165176 506
165917 315
166283 976
166294 506
166928 929
166973 987
167373 825
167832 897
168449 635
168591 876
169335 193
170072 648
170555 755
170720 301
171085 465
171633 396
172362 720
172894 462
173415 727
174141 543
174633 29
175030 192
175670 145
175736 678
176320 280
176734 773
177088 537
177403 118
177622 643
177936 782
178017 153
178150 80
178804 889
179210 570
179671 511
179755 274
180160 644
180509 396
181101 556
181156 571
181783 628
182040 310
182164 766
182485 459
182791 850
182972 518
182974 420
183422 876
183654 142
183988 928
184477 560
184628 195
184781 669
185223 995
185391 665
185815 62
186035 911
186314 461
186821 802
187511 87
187999 163
188452 656
188889 204
189287 895
189546 979
190162 1
190566 25
190713 745
191233 788
191788 920
192128 308
192865 749
193028 356
193185 897
193304 131
194042 812
194262 590
194612 879
195207 1
195787 142
196523 597
196630 522
197096 340
197296 317
197392 9
197570 584
197807 222
198056 537
198489 543
198813 738
199318 418
199730 969
199736 19
200372 804
200388 623
201097 3
201261 89
201654 843
201976 793
202096 560
202697 400
202804 120
203269 477
203761 201
203776 91
204480 696
204862 490
205360 519
205741 515
205983 531
206086 270
206486 359
206755 60
206906 790
207545 364
207807 656
208380 495
208962 387
209691 434
210131 993
210524 528
211040 37
211053 356
211469 528
212122 880
212166 9
212278 594
212553 511
213043 571
213268 508
213970 652
214093 701
214203 942
214269 120
214551 677
214636 904
214789 804
215494 224
215613 498
216176 32
216459 812
216490 530
216794 411
216825 62
217562 343
217989 919
218736 737
219200 144
219709 709
219907 58
220196 379
220917 592
221054 903
221666 344
221966 569
222247 781
222532 418
222765 789
223386 354
224024 812
224546 423
225094 694
225214 353
225843 841
225890 104
226564 450
226926 861
226958 667
227531 860
227540 167
227861 388
228573 812
229177 262
229627 636
230088 454
230424 314
231081 181
231088 38
231488 849
232147 598
232862 779
232898 437
233377 92
233455 406
234169 117
234598 382
234976 523
235121 313
235709 797
236421 402
236608 399
237144 128
237579 726
237704 116
238134 47
238669 529
239288 763
240013 467
240654 72
241308 808
241450 447
241592 696
242319 386
242326 756
242462 960
242580 434
242848 875
243269 940
243719 730
243761 177
244344 771
244873 605
245273 674
245327 390
245887 946
246035 938
246329 390
246804 364
247385 645
247475 960
247927 279
248222 964
248337 958
249016 756
249531 962
250231 467
250781 641
250835 269
251071 145
251565 64
251633 859
251635 485
251822 637
252459 27
252670 971
253410 887
253597 382
254236 405
254490 758
254611 29
255151 96
255522 456
256075 569
256618 54
257153 386
257242 806
257426 122
257644 497
258213 142
258605 42
258690 511
259387 365
260057 782
260634 234
261038 932
261235 262
261256 760
261794 767
262040 444
262656 45
263279 941
263917 78
263964 144
264394 823
264608 99
265257 401
265714 796
266288 505
266721 536
267275 120
267626 4
267912 498
268485 101
268683 95
269091 88
269196 377
269218 992
269558 94
269660 30
270348 424
270445 783
271063 741
271497 592
271682 159
271778 988
271986 598
272730 662
272802 758
273374 363
274014 309
274352 995
274866 482
275606 142
276037 124
276166 494
276577 303
276784 375
276818 858
277543 293
277556 96
277766 296
278286 274
279005 792
279029 722
279145 887
279169 608
279830 719
279897 870
280543 667
281289 36
281409 544
281663 440
282352 386
282575 887
283083 315
283820 961
284278 679
284454 571
284806 268
285025 628
285141 326
285317 38
285351 327
286032 909
286778 904
287486 156
287821 285
288267 368
288770 895
288961 351
289118 239
289351 824
290039 548
290334 390
290946 689
290959 973
290971 255
290979 63
291415 920
292144 577
292762 917
293312 274
293464 331
293945 875
294114 898
294283 438
294386 539
294581 56
294646 657
294980 905
295240 465
295898 364
296438 890
296757 304
297365 399
298026 636
298263 616
298946 521
299657 554
299953 175
300291 623
300750 591
300871 875
301356 251
301755 95
301871 881
302290 35
302473 282
303167 673
303605 737
303659 468
303938 390
304001 285
304684 33
305313 308
305468 292
306167 822
306829 95
307351 531
307610 231
308079 503
308163 188
308566 358
308917 464
308941 56
309091 105
309483 575
309854 609
310499 408
310980 700
311517 852
312261 649
312765 876
313323 372
313628 92
314079 36
314525 716
314692 134
314748 694
315196 107
315758 801
315917 275
316198 709
316861 238
316949 528
317652 835
317936 931
318299 54
318904 231
319223 217
319464 30
319653 919
320212 477
320252 822
320380 654
321077 922
321417 143
321565 832
322204 83
322256 971
322713 9
323317 992
324022 292
324056 749
324447 473
325172 847
325549 220
326123 252
326645 822
326700 870
327056 5
327650 931
327761 991
328333 3
328388 835
329118 686
329750 781
330258 785
330313 725
330713 597
330861 501
331193 703
331733 212
332449 420
332474 30
332691 510
332718 83
333049 185
333105 207
333246 149
333277 163
333903 886
334611 514
335114 19
335293 206
335754 439
336284 62
336390 430
336594 98
337232 308
337328 142
337941 165
338109 261
338371 301
338721 540
339058 511
339585 287
339882 649
340483 70
340983 42
341189 285
341549 985
341808 624
342119 621
342660 267
343357 851
343663 749
343676 635
343684 369
344386 480
345067 388
345810 613
346315 390
346511 477
346855 931
347244 737
347406 1
347947 564
348415 139
348554 348
348858 117
349007 816
349656 217
349994 878
350433 389
350701 496
351283 350
351365 453
351919 372
352616 201
352843 450
353546 521
353884 660
353948 77
354547 272
354865 206
355156 626
355173 256
355805 475
355906 431
356554 494
357249 642
357882 37
357953 585
358259 26
358848 714
359205 724
359380 929
359668 321
359673 185
360117 433
360410 984
360454 416
360634 904
361302 376
361553 757
362205 263
362504 715
362729 496
362954 711
363345 88
363663 1
364272 661
364970 199
365707 938
365994 577
366272 777
366692 432
366836 804
367087 86
367222 672
367854 51
368556 244
369131 238
369685 69
370397 264
370514 376
370712 970
370740 196
370866 21
370966 554
371414 507
371662 161
372366 526
373089 276
373547 146
374258 455
374405 885
374929 965
375021 440
