    0:     1     1   394
    1:   170   394   431
    2:   194   635   716
    3:   265   431   635
    4:   424  1223  1244
    5:   592   926  1223
    6:   605   727   819
    7:   642   716   727
    8:   648   819   926
    9:   728  1430  1632
   10:   769  2325  2447
   11:   862  2236  2325
   12:   905  1345  1430
   13:  1034  1244  1282
   14:  1037  2174  2236
   15:  1093  1282  1345
   16:  1198  1632  2174
   17:  1200  2447  2563
   18:  1251  3094  3227
   19:  1266  2936  2953
   20:  1285  2654  2658
   21:  1487  2972  2973
   22:  1506  2894  2900
   23:  1551  2825  2894
   24:  1616  2683  2693
   25:  1640  2563  2587
   26:  1663  3561  3572
   27:  1687  3227  3282
   28:  1793  2658  2683
   29:  1822  3345  3381
   30:  1869  3381  3426
   31:  1918  2693  2800
   32:  1941  3022  3094
   33:  1963  3336  3345
   34:  1976  2973  3022
   35:  1987  2953  2972
   36:  2043  2587  2654
   37:  2160  3282  3336
   38:  2198  2800  2825
   39:  2204  3426  3561
   40:  2238  2900  2936
   41:  2645  3909  3936
   42:  2677  4261  4289
   43:  2707  4424  4454
   44:  2743  3872  3909
   45:  2930  3572  3714
   46:  2983  3936  4167
   47:  2989  3714  3786
   48:  3176  4167  4232
   49:  3235  4454  4482
   50:  3348  3786  3872
   51:  3397  4232  4261
   52:  3508  4289  4295
   53:  3513  4295  4393
   54:  3568  4393  4424
   55:  3581  5387  5408
   56:  3633  4545  4678
   57:  3687  5377  5381
   58:  3729  5346  5377
   59:  3996  5297  5341
   60:  4050  5408  5412
   61:  4133  4482  4545
   62:  4158  4877  5272
   63:  4280  4678  4731
   64:  4286  4761  4877
   65:  4312  5381  5387
   66:  4315  5272  5297
   67:  4329  5341  5346
   68:  4332  4731  4761
   69:  4799  5750  5897
   70:  4835  6229  6308
   71:  4880  5494  5580
   72:  4908  5419  5494
   73:  5010  5580  5719
   74:  5141  5719  5750
   75:  5203  5897  6126
   76:  5272  6126  6229
   77:  5305  5412  5419
   78:  5624  6395  6491
   79:  5632  6359  6395
   80:  5687  6718  6723
   81:  5892  6723  6897
   82:  5906  6308  6359
   83:  5943  6491  6545
   84:  5974  6681  6718
   85:  6090  6897  7052
   86:  6150  6545  6568
   87:  6221  7052  7188
   88:  6239  6568  6681
   89:  6309  7876  8011
   90:  6314  7843  7876
   91:  6349  7308  7374
   92:  6388  7293  7308
   93:  6451  7648  7654
   94:  6631  7374  7374
   95:  6678  7580  7620
   96:  6684  7620  7648
   97:  6705  7500  7541
   98:  6743  7548  7580
   99:  6888  7188  7258
  100:  6910  7374  7469
  101:  6941  7541  7548
  102:  6957  7654  7843
  103:  7051  7469  7500
  104:  7179  7258  7293
  105:  7252  8853  8964
  106:  7263  8194  8271
  107:  7302  8850  8853
  108:  7457  8736  8774
  109:  7574  8271  8522
  110:  7597  8012  8194
  111:  7671  8597  8646
  112:  7690  8790  8850
  113:  7705  8582  8597
  114:  7737  8011  8012
  115:  7777  8522  8582
  116:  7850  8646  8736
  117:  7859  8774  8790
  118:  8131  8965  9126
  119:  8165  9126  9167
  120:  8232  8964  8965
  121:  8347  9167  9228
  122:  8373  9692  9768
  123:  8444  9768  9791
  124:  8845  9228  9552
  125:  8940  9552  9692
  126:  9014 10008 10051
  127:  9228 10497 10561
  128:  9247  9791  9831
  129:  9296 10051 10281
  130:  9309 10561 10608
  131:  9324 10434 10497
  132:  9407  9831 10008
  133:  9478 10281 10347
  134:  9489 10608 10688
  135:  9532 10347 10434
  136:  9824 11399 11451
  137:  9870 11263 11399
  138:  9910 11558 11596
  139:  9953 11214 11263
  140: 10002 11451 11510
  141: 10086 11510 11558
  142: 10139 10933 11054
  143: 10413 10755 10933
  144: 10516 11164 11214
  145: 10544 10688 10755
  146: 10578 11054 11164
  147: 10671 11596 11638
  148: 10797 11947 11983
  149: 10882 12499 12611
  150: 10909 11725 11774
  151: 10995 11867 11947
  152: 11026 11774 11805
  153: 11088 12400 12412
  154: 11107 11638 11665
  155: 11120 12364 12368
  156: 11134 12498 12499
  157: 11265 12283 12341
  158: 11311 12412 12458
  159: 11352 11805 11867
  160: 11374 12368 12400
  161: 11384 12135 12283
  162: 11405 12458 12498
  163: 11486 11665 11725
  164: 11499 11983 11999
  165: 11500 11999 12135
  166: 11546 12341 12364
  167: 11655 12629 12801
  168: 11800 13237 13267
  169: 11860 13325 13519
  170: 11891 12826 12881
  171: 12009 12981 13086
  172: 12071 12979 12980
  173: 12087 13519 13576
  174: 12128 12917 12976
  175: 12148 12889 12917
  176: 12182 13228 13237
  177: 12209 12976 12979
  178: 12226 12611 12629
  179: 12313 13086 13228
  180: 12341 12881 12889
  181: 12484 12801 12826
  182: 12524 12980 12981
  183: 12588 13267 13325
  184: 12821 13591 13712
  185: 12854 13779 13880
  186: 12997 13712 13734
  187: 13123 13880 13996
  188: 13234 13576 13586
  189: 13277 13774 13779
  190: 13353 13996 14257
  191: 13513 13586 13591
  192: 13516 13734 13774
  193: 13591 14926 15002
  194: 13604 14793 14926
  195: 13676 14577 14767
  196: 13678 14767 14777
  197: 13700 14777 14793
  198: 13707 14401 14415
  199: 13806 15156 15200
  200: 14058 15146 15156
  201: 14090 14257 14398
  202: 14111 15002 15086
  203: 14130 15200 15227
  204: 14144 14415 14577
  205: 14162 14398 14401
  206: 14194 15086 15146
  207: 14327 15559 15595
  208: 14353 15595 15668
  209: 14429 15936 15992
  210: 14451 16079 16150
  211: 14581 15802 15936
  212: 14598 15427 15485
  213: 14728 15227 15242
  214: 14729 15992 16079
  215: 14737 15422 15427
  216: 14865 15485 15559
  217: 14901 15242 15258
  218: 14936 15668 15770
  219: 15033 15770 15802
  220: 15069 15258 15280
  221: 15159 15280 15422
  222: 15206 16150 16203
  223: 15291 16949 17098
  224: 15337 16729 16733
  225: 15370 16777 16794
  226: 15395 17098 17108
  227: 15465 16553 16629
  228: 15652 16507 16553
  229: 15718 16203 16409
  230: 15797 16479 16507
  231: 15798 16629 16729
  232: 15801 16794 16800
  233: 15857 16733 16777
  234: 16114 16848 16949
  235: 16115 16800 16848
  236: 16144 16409 16479
  237: 16207 17678 17971
  238: 16302 17378 17428
  239: 16473 17349 17359
  240: 16568 17428 17436
  241: 16634 17122 17189
  242: 16666 17359 17378
  243: 16732 17436 17448
  244: 16874 17189 17349
  245: 16878 17448 17678
  246: 17029 17108 17122
  247: 17302 17983 18092
  248: 17351 18235 18508
  249: 17382 18508 18558
  250: 17486 18633 18645
  251: 17607 18645 18927
  252: 17613 18558 18633
  253: 17769 17971 17983
  254: 17842 18092 18235
  255: 18180 19131 19193
  256: 18182 19233 19426
  257: 18215 19204 19233
  258: 18328 19569 19791
  259: 18408 19426 19476
  260: 18417 19476 19569
  261: 18427 19791 19830
  262: 18548 18927 18952
  263: 18720 19086 19131
  264: 18789 18952 19086
  265: 18888 19193 19204
  266: 18957 20210 20276
  267: 19000 20125 20126
  268: 19181 20331 20500
  269: 19232 20276 20276
  270: 19238 20276 20331
  271: 19399 20650 20694
  272: 19403 20508 20570
  273: 19455 19830 19971
  274: 19470 20625 20650
  275: 19517 20500 20508
  276: 19679 20126 20210
  277: 19704 19971 20125
  278: 19796 20570 20625
  279: 20065 20965 21068
  280: 20106 21331 21461
  281: 20189 20703 20784
  282: 20209 20694 20703
  283: 20303 20784 20909
  284: 20344 20909 20965
  285: 20432 21068 21265
  286: 20520 21265 21331
  287: 20594 21461 21510
  288: 20722 22502 22552
  289: 20790 22618 22679
  290: 20816 22552 22618
  291: 20844 22469 22502
  292: 20927 21721 22085
  293: 21082 22085 22305
  294: 21199 21550 21600
  295: 21288 22320 22469
  296: 21348 22305 22320
  297: 21369 21510 21550
  298: 21417 21600 21721
  299: 21642 23561 23572
  300: 21656 23206 23313
  301: 21695 23426 23541
  302: 21713 22711 22712
  303: 21786 22679 22711
  304: 21800 22716 22894
  305: 21803 23032 23147
  306: 21829 22894 23032
  307: 21910 23604 23638
  308: 22160 23147 23206
  309: 22192 23350 23426
  310: 22228 22712 22716
  311: 22502 23572 23604
  312: 22541 22894 22894
  313: 22638 23541 23561
  314: 22653 23313 23350
  315: 22770 24225 24239
  316: 22799 24239 24403
  317: 22819 24045 24064
  318: 22840 23649 23742
  319: 22905 24128 24184
  320: 22911 23908 23975
  321: 23082 24184 24225
  322: 23447 23975 24045
  323: 23479 23638 23649
  324: 23486 23742 23908
  325: 23579 24064 24128
  326: 23680 25060 25093
  327: 23719 24403 24450
  328: 23899 24463 24465
  329: 23902 24465 24506
  330: 24030 25109 25244
  331: 24077 24450 24463
  332: 24080 25093 25109
  333: 24166 24673 24691
  334: 24228 24506 24673
  335: 24319 24691 25060
  336: 24489 25363 25581
  337: 24491 25244 25296
  338: 24504 25627 25803
  339: 24644 25803 25924
  340: 24650 25581 25627
  341: 24750 25296 25363
  342: 24771 26031 26034
  343: 25058 25924 26031
  344: 25083 26074 26161
  345: 25104 26034 26074
  346: 25252 26812 26856
  347: 25273 27028 27038
  348: 25314 27038 27075
  349: 25329 27075 27125
  350: 25346 26973 27028
  351: 25422 26161 26238
  352: 25473 26801 26812
  353: 25820 26274 26799
  354: 25824 26856 26973
  355: 26017 26238 26274
  356: 26054 26799 26801
  357: 26295 27289 27474
  358: 26421 27125 27175
  359: 26539 27924 28007
  360: 26786 28007 28066
  361: 26804 27202 27289
  362: 26913 27499 27641
  363: 27009 27641 27924
  364: 27048 27175 27202
  365: 27062 27474 27499
  366: 27183 28725 28839
  367: 27277 28204 28319
  368: 27328 28710 28725
  369: 27574 28571 28572
  370: 27632 28839 28906
  371: 27719 28906 28956
  372: 27779 28572 28669
  373: 27843 28319 28385
  374: 27909 28385 28389
  375: 27957 28389 28571
  376: 27997 28669 28710
  377: 28032 28121 28204
  378: 28045 28066 28121
  379: 28080 29225 29319
  380: 28081 29319 29339
  381: 28096 29024 29077
  382: 28131 28956 28988
  383: 28140 28988 29024
  384: 28210 29780 29814
  385: 28251 29540 29739
  386: 28506 29739 29780
  387: 28513 29339 29375
  388: 28621 29077 29225
  389: 28783 29535 29540
  390: 28785 29375 29535
  391: 28962 30254 30313
  392: 28965 30096 30139
  393: 29042 29875 30072
  394: 29078 29814 29875
  395: 29194 30235 30254
  396: 29257 30803 30836
  397: 29275 30599 30803
  398: 29436 30139 30188
  399: 29563 30313 30353
  400: 29602 30072 30096
  401: 29680 30188 30235
  402: 29712 30353 30599
  403: 29882 31675 31698
  404: 29921 30912 31033
  405: 29968 31266 31366
  406: 29979 31418 31439
  407: 30156 31619 31624
  408: 30236 31160 31266
  409: 30275 31755 31772
  410: 30337 31607 31619
  411: 30380 31624 31675
  412: 30394 31033 31160
  413: 30400 31698 31755
  414: 30723 30836 30912
  415: 30784 31366 31418
  416: 30795 31439 31607
  417: 30907 32091 32224
  418: 31133 32332 32401
  419: 31204 31923 32091
  420: 31249 31772 31812
  421: 31374 32224 32324
  422: 31420 32401 32447
  423: 31536 31812 31848
  424: 31559 31848 31923
  425: 31572 32447 32564
  426: 31609 32324 32332
  427: 31888 32638 32833
  428: 31910 33291 33337
  429: 31983 33056 33154
  430: 32235 33183 33216
  431: 32312 33216 33291
  432: 32349 32882 32981
  433: 32418 32981 33056
  434: 32425 33154 33183
  435: 32516 32833 32854
  436: 32542 32854 32882
  437: 32553 32564 32638
  438: 32573 34218 34241
  439: 32732 33657 33817
  440: 32741 33344 33356
  441: 32772 33817 33827
  442: 32850 33616 33629
  443: 32856 34106 34218
  444: 32891 33827 34020
  445: 32903 33644 33657
  446: 33069 34020 34106
  447: 33114 33356 33596
  448: 33131 33337 33344
  449: 33204 33596 33616
  450: 33227 33629 33644
  451: 33368 34668 34720
  452: 33509 34274 34303
  453: 33539 35079 35208
  454: 33727 34720 35079
  455: 33793 35208 35251
  456: 33815 34241 34243
  457: 33875 34303 34389
  458: 33896 34389 34657
  459: 34020 34657 34668
  460: 34051 34243 34274
  461: 34312 35413 35472
  462: 34417 35561 35658
  463: 34471 36083 36204
  464: 34519 35368 35381
  465: 34542 35894 35987
  466: 34590 35265 35356
  467: 34619 35472 35561
  468: 34627 35864 35894
  469: 34666 35251 35265
  470: 34820 36204 36236
  471: 34825 35356 35368
  472: 35024 35845 35864
  473: 35026 35381 35413
  474: 35049 35987 36083
  475: 35170 35658 35845
  476: 35293 36436 36465
  477: 35432 36588 36673
  478: 35448 36794 36873
  479: 35504 36518 36566
  480: 35557 36253 36436
  481: 35597 36236 36253
  482: 35785 36465 36492
  483: 35812 37106 37206
  484: 35850 36492 36518
  485: 35854 36873 36961
  486: 35948 36961 37106
  487: 35987 36566 36588
  488: 36092 36673 36794
  489: 36222 37206 37215
  490: 36247 37782 37819
  491: 36321 37215 37290
  492: 36358 37537 37668
  493: 36438 37668 37782
  494: 36573 37290 37381
  495: 36595 37381 37537
  496: 36918 37828 37872
  497: 36947 38017 38101
  498: 36987 37819 37828
  499: 37192 37872 38017
  500: 37224 38101 38188
  501: 37231 39036 39113
  502: 37240 38652 38679
  503: 37334 38188 38302
  504: 37549 38623 38643
  505: 37721 38679 38950
  506: 37734 38643 38652
  507: 37763 38302 38623
  508: 38076 38950 39036
  509: 38212 39193 39224
  510: 38250 39224 39234
  511: 38262 39117 39133
  512: 38315 39113 39117
  513: 38367 39133 39193
  514: 38946 39234 39376
  515: 38996 39975 40046
  516: 39036 39376 39612
  517: 39045 39612 39975
  518: 39069 40046 40048
  519: 39220 40089 40230
  520: 39389 40777 40945
  521: 39673 40507 40618
  522: 39714 40303 40507
  523: 39755 40618 40633
  524: 39840 40633 40777
  525: 39905 40945 40959
  526: 39949 40230 40303
  527: 39962 40048 40089
  528: 40084 41531 41541
  529: 40091 41678 41679
  530: 40436 41304 41460
  531: 40555 41086 41285
  532: 40566 41679 41788
  533: 40596 41285 41295
  534: 40775 40959 41075
  535: 40794 41599 41678
  536: 40820 41075 41086
  537: 40839 41541 41599
  538: 40942 41460 41531
  539: 40952 41295 41304
  540: 41144 41955 41985
  541: 41198 42280 42330
  542: 41243 41985 42022
  543: 41272 42422 42440
  544: 41303 42214 42280
  545: 41308 42330 42366
  546: 41457 41925 41955
  547: 41469 41788 41925
  548: 41475 42022 42129
  549: 41561 42366 42422
  550: 41684 42129 42214
  551: 41748 42440 42684
  552: 41842 42861 42969
  553: 41950 42969 43040
  554: 41993 42820 42861
  555: 42019 42684 42820
  556: 42111 43081 43334
  557: 42181 43040 43054
  558: 42561 43334 43539
  559: 42660 43054 43081
  560: 42868 44310 44502
  561: 42909 43619 43771
  562: 43035 43836 43998
  563: 43099 43539 43562
  564: 43110 44106 44310
  565: 43124 43562 43619
  566: 43227 43771 43818
  567: 43489 43998 44106
  568: 43493 43818 43836
  569: 43629 44882 44929
  570: 43827 44504 44571
  571: 43905 45069 45074
  572: 44026 44571 44694
  573: 44027 45196 45233
  574: 44037 45081 45196
  575: 44054 44502 44504
  576: 44186 44929 45069
  577: 44338 45074 45081
  578: 44355 44789 44882
  579: 44413 44694 44789
  580: 44504 45330 45509
  581: 44531 45700 45768
  582: 44578 45768 45948
  583: 44767 45646 45700
  584: 44873 45948 46207
  585: 45083 45233 45330
  586: 45164 45509 45646
  587: 45253 47086 47111
  588: 45322 46667 46683
  589: 45325 46527 46553
  590: 45416 46280 46308
  591: 45431 46462 46527
  592: 45749 46950 47026
  593: 45807 46616 46621
  594: 45842 47026 47086
  595: 45853 46271 46280
  596: 45869 46683 46783
  597: 45930 46621 46667
  598: 45983 46207 46271
  599: 46032 46308 46462
  600: 46039 46553 46616
  601: 46052 46871 46950
  602: 46200 46783 46871
  603: 46269 47784 47825
  604: 46367 47111 47159
  605: 46371 47185 47332
  606: 46383 47721 47784
  607: 46517 47184 47185
  608: 46726 47825 47915
  609: 46760 47332 47345
  610: 46798 47668 47721
  611: 46800 47159 47184
  612: 46801 47345 47668
  613: 46853 47915 48084
  614: 47307 48817 48893
  615: 47322 48502 48538
  616: 47537 48920 49066
  617: 47578 48893 48920
  618: 47652 48084 48147
  619: 47665 48422 48476
  620: 47683 48268 48324
  621: 47696 48538 48729
  622: 47699 48147 48268
  623: 47759 48324 48422
  624: 47814 48476 48502
  625: 47906 49066 49096
  626: 47947 48729 48817
  627: 48363 49102 49154
  628: 48380 49854 49998
  629: 48582 49096 49102
  630: 48607 49353 49733
  631: 48807 49733 49854
  632: 48921 49275 49353
  633: 49072 49154 49275
  634: 49242 50201 50313
  635: 49368 50189 50201
  636: 49411 51049 51058
  637: 49509 50493 50566
  638: 49519 50313 50370
  639: 49635 50712 50735
  640: 49718 50566 50582
  641: 49792 50087 50181
  642: 49808 50582 50712
  643: 49810 50412 50493
  644: 49905 50735 51049
  645: 49942 49998 50087
  646: 49970 50370 50412
  647: 49990 50181 50187
  648: 49994 50187 50189
  649: 50180 51058 51070
  650: 50210 51292 51300
  651: 50216 51221 51259
  652: 50307 51198 51221
  653: 50328 51135 51198
  654: 50335 51916 51989
  655: 50384 51259 51263
  656: 50442 51850 51916
  657: 50592 51263 51292
  658: 50693 51070 51135
  659: 50705 51487 51569
  660: 50853 51328 51487
  661: 50899 51569 51850
  662: 51052 51300 51328
  663: 51077 52827 52882
  664: 51200 52115 52149
  665: 51370 51989 52089
  666: 51574 52904 52922
  667: 51758 52149 52587
  668: 51873 52089 52115
  669: 51921 52587 52827
  670: 51938 52882 52904
  671: 52016 53081 53146
  672: 52021 53258 53384
  673: 52071 53023 53081
  674: 52110 53159 53258
  675: 52134 53384 53626
  676: 52149 53146 53153
  677: 52194 53641 53842
  678: 52238 53153 53159
  679: 52592 53626 53641
  680: 52803 52922 53009
  681: 52841 53009 53023
  682: 52990 54037 54172
  683: 53044 54172 54508
  684: 53093 54793 54847
  685: 53149 54508 54551
  686: 53368 53974 54037
  687: 53412 53842 53878
  688: 53500 54617 54793
  689: 53635 53878 53961
  690: 53699 53961 53974
  691: 53734 54551 54617
  692: 53881 55005 55008
  693: 54006 55329 55527
  694: 54068 55008 55031
  695: 54130 55279 55329
  696: 54218 54847 54872
  697: 54253 55229 55279
  698: 54277 54872 54940
  699: 54294 55031 55077
  700: 54455 55077 55100
  701: 54500 54940 55005
  702: 54683 54940 54940
  703: 54825 55100 55229
  704: 54958 56334 56357
  705: 55050 55753 56075
  706: 55171 55527 55753
  707: 55184 56075 56334
  708: 55364 56357 56647
  709: 55631 57109 57170
  710: 55744 56868 57109
  711: 56042 57170 57171
  712: 56094 57171 57283
  713: 56096 56658 56868
  714: 56118 57283 57409
  715: 56175 57409 57504
  716: 56442 56647 56658
  717: 56709 58392 58456
  718: 56870 58284 58392
  719: 56920 58220 58284
  720: 56973 57763 57771
  721: 56982 57851 57882
  722: 57006 57771 57851
  723: 57281 57608 57763
  724: 57303 58456 58517
  725: 57385 57504 57608
  726: 57434 57882 58220
  727: 57487 58517 58555
  728: 57545 58761 58778
  729: 57568 58658 58761
  730: 57594 58903 59129
  731: 57698 59211 59255
  732: 57734 58778 58903
  733: 57747 59260 59335
  734: 57757 58555 58658
  735: 57850 59129 59211
  736: 58411 59335 59515
  737: 58481 59255 59260
  738: 58973 60118 60294
  739: 59030 60294 60436
  740: 59077 59962 60064
  741: 59118 59515 59611
  742: 59124 59891 59903
  743: 59134 60064 60118
  744: 59148 59684 59891
  745: 59187 59903 59962
  746: 59312 59611 59647
  747: 59417 59647 59684
  748: 59535 60436 60457
  749: 59573 60457 60460
  750: 59695 61248 61271
  751: 59716 60520 60576
  752: 59726 60460 60520
  753: 59732 61245 61248
  754: 59814 60576 60760
  755: 59820 61101 61245
  756: 59836 60780 60874
  757: 59858 61068 61101
  758: 60047 60874 60992
  759: 60225 61271 61288
  760: 60342 60992 61068
  761: 60404 60760 60780
  762: 60451 61543 61602
  763: 60569 61474 61543
  764: 60590 61331 61474
  765: 60605 61305 61331
  766: 60632 61635 61714
  767: 60777 61714 61719
  768: 60803 62212 62222
  769: 60866 62225 62241
  770: 60927 61815 61930
  771: 60934 62016 62038
  772: 60946 61602 61635
  773: 60948 61288 61305
  774: 61050 62222 62225
  775: 61064 61719 61815
  776: 61086 62008 62016
  777: 61096 61930 62008
  778: 61100 62038 62212
  779: 61450 62773 62900
  780: 61459 62992 63027
  781: 61491 62764 62773
  782: 61561 62957 62992
  783: 61711 62241 62298
  784: 61723 62710 62764
  785: 61872 62473 62489
  786: 61878 62241 62241
  787: 61925 62918 62957
  788: 61953 62491 62694
  789: 61982 63027 63143
  790: 62027 62694 62710
  791: 62094 62489 62491
  792: 62113 62298 62473
  793: 62156 62900 62918
  794: 62236 62773 62773
  795: 62302 63826 63950
  796: 62371 64014 64105
  797: 62388 63336 63379
  798: 62399 63184 63245
  799: 62408 63379 63464
  800: 62462 64108 64147
  801: 62531 64105 64108
  802: 62580 63950 64014
  803: 62602 64147 64154
  804: 62615 63464 63481
  805: 62658 63801 63826
  806: 62835 63245 63317
  807: 62997 63481 63801
  808: 63063 63317 63336
  809: 63089 63143 63184
  810: 63194 65014 65064
  811: 63266 64308 64448
  812: 63291 64211 64308
  813: 63428 64655 64774
  814: 63652 64793 65003
  815: 63813 64154 64211
  816: 63825 64639 64655
  817: 63979 64448 64513
  818: 64009 65003 65014
  819: 64080 64513 64639
  820: 64123 65064 65085
  821: 64136 64774 64793
  822: 64153 65085 65094
  823: 64459 65692 65841
  824: 64477 65194 65324
  825: 64602 65841 66018
  826: 64634 65468 65479
  827: 64716 65691 65692
  828: 64739 65479 65553
  829: 64757 65553 65691
  830: 64927 65094 65194
  831: 65045 65324 65430
  832: 65046 65430 65468
  833: 65140 66792 66843
  834: 65142 66649 66770
  835: 65208 66894 66895
  836: 65243 66018 66053
  837: 65269 66372 66561
  838: 65458 66881 66894
  839: 65535 66791 66792
  840: 65713 66201 66372
  841: 65773 66561 66649
  842: 65797 66770 66791
  843: 65867 66166 66201
  844: 65884 66053 66166
  845: 65926 66843 66881
  846: 66190 67136 67153
  847: 66240 67810 67916
  848: 66318 66958 67136
  849: 66328 67508 67613
  850: 66370 67613 67651
  851: 66483 67710 67737
  852: 66564 66905 66907
  853: 66584 67259 67508
  854: 66598 67737 67810
  855: 66711 66895 66905
  856: 66763 67153 67259
  857: 66804 67651 67710
  858: 66860 66907 66958
  859: 66923 68080 68164
  860: 67067 68876 68900
  861: 67209 68025 68080
  862: 67228 68557 68564
  863: 67354 67955 68025
  864: 67414 67925 67955
  865: 67476 67916 67925
  866: 67560 68297 68557
  867: 67677 68564 68569
  868: 67719 68569 68876
  869: 67906 68164 68297
  870: 68089 69542 69594
  871: 68177 69168 69310
  872: 68179 68941 69014
  873: 68195 69351 69456
  874: 68207 69594 69666
  875: 68233 68900 68901
  876: 68344 69014 69048
  877: 68477 68901 68903
  878: 68528 69456 69542
  879: 68691 68903 68941
  880: 68758 69310 69351
  881: 68759 69048 69168
  882: 68880 69666 69713
  883: 68950 70470 70487
  884: 69090 70186 70196
  885: 69228 69918 69963
  886: 69246 70083 70186
  887: 69260 70352 70470
  888: 69339 70196 70352
  889: 69464 69809 69918
  890: 69475 70487 70609
  891: 69598 69713 69809
  892: 69621 69963 70083
  893: 69809 71162 71350
  894: 69834 71350 71399
  895: 69955 71421 71472
  896: 69977 71399 71421
  897: 69989 70609 70657
  898: 70066 71350 71350
  899: 70092 71014 71083
  900: 70116 70657 70733
  901: 70137 71083 71098
  902: 70221 70922 71014
  903: 70327 70733 70922
  904: 70444 71098 71162
  905: 70454 71472 71522
  906: 70539 71522 71533
  907: 70677 71533 71539
  908: 70741 71728 71794
  909: 70832 71664 71694
  910: 70894 71834 72048
  911: 70995 71694 71728
  912: 71025 71622 71664
  913: 71191 71539 71574
  914: 71269 72359 72365
  915: 71316 71574 71622
  916: 71346 71794 71834
  917: 71389 72365 72549
  918: 71400 72048 72359
  919: 71430 71622 71622
  920: 71538 72991 73011
  921: 71686 72675 72991
  922: 71725 73133 73247
  923: 71762 73486 73530
  924: 71809 72575 72642
  925: 71950 72549 72575
  926: 72020 73011 73133
  927: 72167 73295 73486
  928: 72216 73247 73295
  929: 72409 72642 72675
  930: 72623 74050 74121
  931: 72628 74207 74244
  932: 72637 73901 74013
  933: 72661 74244 74257
  934: 72751 73530 73901
  935: 72767 74024 74050
  936: 72773 74397 74461
  937: 72958 74013 74024
  938: 73065 74188 74207
  939: 73114 74257 74291
  940: 73153 74121 74188
  941: 73175 74461 74500
  942: 73364 74291 74397
  943: 73606 74882 74885
  944: 73760 75336 75368
  945: 73817 75288 75299
  946: 73841 74885 75082
  947: 73848 74852 74882
  948: 73856 74671 74852
  949: 73936 75082 75288
  950: 74258 75299 75336
  951: 74281 74500 74554
  952: 74461 74554 74671
  953: 74523 75392 75630
  954: 74574 76150 76256
  955: 74745 75370 75392
  956: 74780 76070 76144
  957: 74975 75630 76006
  958: 74999 75368 75370
  959: 75088 76144 76150
  960: 75199 76006 76070
  961: 75455 76323 76327
  962: 75588 76327 76330
  963: 75633 77151 77208
  964: 75674 76330 76387
  965: 75775 76387 76686
  966: 76033 76256 76287
  967: 76082 76974 77151
  968: 76098 76287 76323
  969: 76157 76744 76974
  970: 76164 76686 76721
  971: 76234 76721 76744
  972: 76303 77437 77606
  973: 76412 77208 77259
  974: 76453 77656 77679
  975: 76455 77939 77946
  976: 76544 77946 78140
  977: 76565 77611 77615
  978: 76569 77409 77437
  979: 76615 77615 77656
  980: 76743 77926 77939
  981: 76916 77259 77355
  982: 76934 77722 77757
  983: 77016 77679 77722
  984: 77059 77872 77926
  985: 77068 77606 77611
  986: 77150 77355 77409
  987: 77173 77757 77872
  988: 77283 78266 78294
  989: 77372 78334 78373
  990: 77388 78987 79029
  991: 77590 78294 78334
  992: 77601 78482 78597
  993: 77623 78906 78987
  994: 77816 78597 78883
  995: 77899 78171 78266
  996: 77977 78597 78597
  997: 78009 78140 78171
  998: 78019 78883 78906
  999: 78066 78373 78482
 1000: 78233 79926 79930
 1001: 78307 79918 79926
 1002: 78332 79029 79035
 1003: 78445 79472 79492
 1004: 78512 79525 79918
 1005: 78587 79320 79447
 1006: 78808 79097 79101
 1007: 78882 79492 79525
 1008: 78889 79447 79452
 1009: 78919 79035 79097
 1010: 78931 79452 79472
 1011: 78980 79101 79320
 1012: 79104 80027 80445
 1013: 79205 80445 80506
 1014: 79542 79930 80014
 1015: 79590 80506 80919
 1016: 79597 80014 80027
 1017: 80291 81132 81528
 1018: 80796 80919 81132
 1019: 80927 81703 81813
 1020: 81045 81605 81682
 1021: 81051 81931 81962
 1022: 81077 81926 81931
 1023: 81089 81566 81605
 1024: 81105 81682 81703
 1025: 81123 81528 81566
 1026: 81339 81813 81926
 1027: 81578 81962 81975
 1028: 81596 82128 82335
 1029: 81626 82335 82823
 1030: 81742 81975 82028
 1031: 81759 82028 82107
 1032: 81938 82823 82831
 1033: 81961 82107 82128
 1034: 82269 82938 82939
 1035: 82320 83512 83620
 1036: 82381 83325 83422
 1037: 82435 83629 83694
 1038: 82460 83422 83512
 1039: 82480 83299 83325
 1040: 82492 83228 83299
 1041: 82623 82849 82938
 1042: 82636 83620 83629
 1043: 82779 82939 83228
 1044: 82829 82831 82849
 1045: 82897 84120 84373
 1046: 83281 83838 83845
 1047: 83294 83694 83745
 1048: 83336 83745 83838
 1049: 83688 83845 84120
 1050: 83715 85234 85341
 1051: 83721 85341 85461
 1052: 83746 85461 85508
 1053: 83760 85508 85531
 1054: 83774 85202 85234
 1055: 83782 85149 85201
 1056: 83832 84402 84440
 1057: 83949 84610 84849
 1058: 83953 84440 84472
 1059: 84061 84373 84402
 1060: 84172 84505 84610
 1061: 84192 84849 85149
 1062: 84208 84472 84505
 1063: 84273 85201 85202
 1064: 84500 85857 85915
 1065: 84512 86160 86228
 1066: 84543 86228 86248
 1067: 84555 85788 85857
 1068: 84569 86141 86160
 1069: 84635 86009 86141
 1070: 84985 85722 85788
 1071: 85268 85915 86009
 1072: 85447 85531 85722
 1073: 85552 86884 86975
 1074: 85767 86461 86526
 1075: 85785 86556 86724
 1076: 85846 86248 86461
 1077: 85872 86724 86762
 1078: 85940 86803 86884
 1079: 85976 86549 86556
 1080: 86021 86526 86549
 1081: 86145 86762 86803
 1082: 86259 87042 87043
 1083: 86300 87005 87042
 1084: 86325 87723 87985
 1085: 86352 87716 87723
 1086: 86447 87486 87716
 1087: 86554 87267 87374
 1088: 86558 87409 87486
 1089: 86626 86975 87005
 1090: 86628 87138 87190
 1091: 86722 87374 87409
 1092: 86745 87985 87995
 1093: 86777 87043 87138
 1094: 86940 87190 87267
 1095: 86980 88321 88325
 1096: 87004 88105 88212
 1097: 87014 88019 88049
 1098: 87029 88517 88550
 1099: 87030 88377 88462
 1100: 87095 88290 88321
 1101: 87200 88272 88289
 1102: 87272 88462 88504
 1103: 87473 88598 88663
 1104: 87475 88504 88517
 1105: 87559 88049 88059
 1106: 87590 88325 88377
 1107: 87672 88550 88598
 1108: 87710 87995 88004
 1109: 87758 88212 88272
 1110: 87863 88746 88879
 1111: 87936 88004 88019
 1112: 87945 88663 88746
 1113: 87952 88289 88290
 1114: 87981 88059 88105
 1115: 88094 88879 88892
 1116: 88139 89199 89261
 1117: 88156 89709 89722
 1118: 88160 89581 89658
 1119: 88264 89695 89709
 1120: 88347 89261 89370
 1121: 88360 89722 89784
 1122: 88487 88892 88970
 1123: 88560 89370 89581
 1124: 88699 89658 89695
 1125: 88751 88970 89199
 1126: 89145 89883 89896
 1127: 89219 89784 89883
 1128: 89380 90091 90496
 1129: 89420 89966 89978
 1130: 89559 89896 89966
 1131: 89567 89978 90069
 1132: 89665 90069 90091
 1133: 89700 90496 90556
 1134: 89746 89896 89896
 1135: 89901 91275 91516
 1136: 89961 91557 91611
 1137: 89972 90938 91275
 1138: 90120 90708 90877
 1139: 90186 90877 90938
 1140: 90339 91516 91557
 1141: 90366 90556 90637
 1142: 90384 90637 90708
 1143: 90673 91611 91675
 1144: 90754 91899 91972
 1145: 90781 92048 92084
 1146: 90848 91972 91994
 1147: 90970 91774 91899
 1148: 91070 91688 91756
 1149: 91078 91756 91774
 1150: 91105 92469 92559
 1151: 91134 92392 92435
 1152: 91135 91994 92048
 1153: 91154 92435 92456
 1154: 91174 92084 92392
 1155: 91240 91675 91688
 1156: 91415 92456 92469
 1157: 91702 93397 93430
 1158: 91834 92562 92590
 1159: 91852 93027 93055
 1160: 91884 92875 93027
 1161: 92099 92590 92609
 1162: 92222 93190 93281
 1163: 92306 92559 92562
 1164: 92341 92609 92673
 1165: 92366 93055 93190
 1166: 92382 93294 93397
 1167: 92417 92673 92875
 1168: 92452 93281 93294
 1169: 92635 93522 93692
 1170: 92772 93493 93522
 1171: 92779 94058 94229
 1172: 92797 93929 94058
 1173: 93040 93810 93929
 1174: 93044 93692 93810
 1175: 93273 93430 93493
 1176: 93295 94229 94388
 1177: 93442 94433 94756
 1178: 93504 94416 94433
 1179: 93675 94825 94838
 1180: 93686 94991 95024
 1181: 93763 94963 94991
 1182: 93837 94838 94963
 1183: 93919 94388 94397
 1184: 93938 94397 94416
 1185: 94034 95024 95025
 1186: 94280 94756 94825
 1187: 94302 95060 95100
 1188: 94303 95025 95060
 1189: 94373 95100 95208
 1190: 94430 95443 95795
 1191: 94440 95887 96021
 1192: 94485 96202 96217
 1193: 94513 95208 95255
 1194: 94647 95341 95443
 1195: 94694 96159 96202
 1196: 94741 95327 95341
 1197: 94763 95255 95327
 1198: 94804 96021 96159
 1199: 95093 95795 95887
 1200: 95210 96496 96502
 1201: 95391 96421 96449
 1202: 95403 97030 97033
 1203: 95606 97013 97030
 1204: 95643 96636 96658
 1205: 95664 96217 96280
 1206: 95672 96781 96833
 1207: 95765 96609 96636
 1208: 95798 97145 97175
 1209: 95865 96833 97013
 1210: 95885 97061 97145
 1211: 95898 96449 96496
 1212: 95911 96658 96781
 1213: 96032 96502 96609
 1214: 96064 96280 96421
 1215: 96085 97040 97061
 1216: 96134 97033 97040
 1217: 96304 97775 97787
 1218: 96334 97932 97978
 1219: 96459 97793 97869
 1220: 96494 97175 97204
 1221: 96571 97507 97634
 1222: 96612 97285 97507
 1223: 96616 97869 97932
 1224: 96652 97787 97793
 1225: 96930 97634 97775
 1226: 97021 97204 97285
 1227: 97051 97978 98020
 1228: 97112 97285 97285
 1229: 97159 98020 98058
 1230: 97349 98193 98332
 1231: 97353 98467 98647
 1232: 97513 98058 98099
 1233: 97516 98647 98836
 1234: 97630 98099 98193
 1235: 97839 98836 98891
 1236: 98025 98332 98467
 1237: 98103 99274 99285
 1238: 98320 99338 99644
 1239: 98330 99237 99274
 1240: 98362 98891 98946
 1241: 98605 98946 98996
 1242: 98625 98996 99237
 1243: 98823 99644 99745
 1244: 98865 99285 99338
 1245: 98959 100569 100583
 1246: 98968 99940 100168
 1247: 99075 99919 99940
 1248: 99171 99745 99746
 1249: 99189 100359 100433
 1250: 99270 100623 100785
 1251: 99352 100255 100359
 1252: 99452 100583 100623
 1253: 99646 100229 100255
 1254: 99647 100785 100885
 1255: 99648 100536 100569
 1256: 99661 99746 99919
 1257: 99702 100433 100536
 1258: 99726 100583 100583
 1259: 99743 100168 100229
 1260: 99848 101701 101755
 1261: 99853 101658 101701
 1262: 99942 101633 101658
 1263: 100095 101128 101250
 1264: 100170 100885 100917
 1265: 100365 100917 101128
 1266: 100385 101250 101424
 1267: 100542 101760 101811
 1268: 100721 101424 101633
 1269: 100803 101755 101760
 1270: 100948 102077 102109
 1271: 100974 102694 102774
 1272: 101055 101955 102064
 1273: 101096 101811 101854
 1274: 101102 102109 102162
 1275: 101180 101885 101955
 1276: 101240 102064 102077
 1277: 101332 102441 102541
 1278: 101390 102197 102213
 1279: 101472 102541 102616
 1280: 101554 102162 102197
 1281: 101601 101854 101885
 1282: 101616 102240 102441
 1283: 101779 102616 102694
 1284: 101791 102213 102240
 1285: 101793 102774 102782
 1286: 101813 102909 103099
 1287: 101815 103511 103669
 1288: 101819 103159 103221
 1289: 101953 102782 102909
 1290: 101959 103221 103253
 1291: 102232 103325 103405
 1292: 102248 103405 103454
 1293: 102408 103454 103511
 1294: 102430 103253 103325
 1295: 102613 103669 103698
 1296: 102624 103108 103159
 1297: 102757 103099 103108
 1298: 102856 103834 103955
 1299: 102898 103762 103784
 1300: 102921 104168 104214
 1301: 103092 103955 104168
 1302: 103207 103698 103699
 1303: 103245 103784 103834
 1304: 103280 104220 104439
 1305: 103562 104214 104220
 1306: 103656 103699 103723
 1307: 103662 103723 103762
 1308: 103737 105101 105174
 1309: 103815 104873 105097
 1310: 103870 104573 104767
 1311: 103997 104854 104873
 1312: 104220 104779 104854
 1313: 104306 104439 104573
 1314: 104349 104767 104779
 1315: 104425 105097 105101
 1316: 104473 105924 106008
 1317: 104558 105745 105753
 1318: 104617 105533 105631
 1319: 104728 105179 105372
 1320: 104779 105868 105924
 1321: 104830 105678 105704
 1322: 104858 105711 105745
 1323: 104864 105753 105868
 1324: 104868 105174 105179
 1325: 104991 105372 105533
 1326: 105108 105631 105678
 1327: 105171 105704 105711
 1328: 105220 106011 106124
 1329: 105345 106385 106786
 1330: 105477 106172 106320
 1331: 105602 106124 106172
 1332: 105670 106347 106364
 1333: 105761 106008 106011
 1334: 105762 106320 106347
 1335: 105955 106364 106385
 1336: 106047 106888 107283
 1337: 106301 107655 107680
 1338: 106433 107634 107655
 1339: 106460 106786 106817
 1340: 106461 107283 107588
 1341: 106513 106817 106888
 1342: 106580 107588 107627
 1343: 106602 107627 107631
 1344: 106632 107631 107634
 1345: 106970 107774 107818
 1346: 107025 108455 108459
 1347: 107071 107680 107774
 1348: 107097 107818 107824
 1349: 107119 107841 107972
 1350: 107197 107824 107841
 1351: 107330 107972 108011
 1352: 107399 108343 108455
 1353: 107434 108011 108091
 1354: 107574 108091 108343
 1355: 107603 108459 108527
 1356: 107724 108685 108718
 1357: 107810 109090 109151
 1358: 107985 108569 108601
 1359: 108032 109151 109310
 1360: 108033 109043 109090
 1361: 108070 108990 109010
 1362: 108092 108601 108685
 1363: 108171 108870 108990
 1364: 108173 108527 108569
 1365: 108326 108842 108870
 1366: 108333 108718 108842
 1367: 108335 109010 109043
 1368: 108374 109325 109408
 1369: 108406 109408 109451
 1370: 108452 109310 109325
 1371: 108622 109703 109775
 1372: 108799 109775 109780
 1373: 108814 110170 110339
 1374: 108920 109888 109913
 1375: 109069 109517 109703
 1376: 109198 109780 109888
 1377: 109245 109913 110170
 1378: 109249 109451 109517
 1379: 109341 110339 110454
 1380: 109513 110964 111034
 1381: 109517 110670 110816
 1382: 109557 110606 110654
 1383: 109565 110582 110597
 1384: 109740 110944 110964
 1385: 109926 111034 111058
 1386: 110010 110597 110606
 1387: 110088 110816 110837
 1388: 110096 110556 110582
 1389: 110138 110454 110556
 1390: 110160 111058 111122
 1391: 110166 111122 111336
 1392: 110255 110837 110869
 1393: 110363 110654 110670
 1394: 110427 110869 110944
 1395: 110521 111848 111870
 1396: 110668 111870 112170
 1397: 110674 111580 111667
 1398: 110732 111406 111580
 1399: 110739 111727 111839
 1400: 110816 111336 111406
 1401: 110939 111667 111712
 1402: 111070 111839 111848
 1403: 111243 112170 112325
 1404: 111269 111712 111727
 1405: 111388 112740 112745
 1406: 111462 112347 112428
 1407: 111538 112935 112973
 1408: 111579 112745 112896
 1409: 111585 113189 113299
 1410: 111744 112428 112509
 1411: 111793 112509 112560
 1412: 111856 112688 112740
 1413: 111857 113188 113189
 1414: 111960 112973 113188
 1415: 112021 112896 112909
 1416: 112031 112909 112935
 1417: 112124 112325 112347
 1418: 112253 112560 112688
 1419: 112416 113299 113413
 1420: 112637 113876 113979
 1421: 112720 113610 113876
 1422: 112781 113413 113610
 1423: 112959 113979 114277
 1424: 113054 114277 114282
 1425: 113359 114651 114693
 1426: 113471 114795 114830
 1427: 113502 114936 114946
 1428: 113503 114854 114936
 1429: 113549 114415 114520
 1430: 113596 115262 115275
 1431: 113609 114693 114695
 1432: 113645 114366 114415
 1433: 113705 114946 115085
 1434: 113755 114853 114854
 1435: 113784 114830 114853
 1436: 113793 114282 114295
 1437: 113794 114603 114615
 1438: 113822 114321 114366
 1439: 113902 115163 115262
 1440: 114085 114615 114651
 1441: 114159 114520 114603
 1442: 114167 114295 114321
 1443: 114169 115085 115163
 1444: 114199 114695 114795
 1445: 114374 116002 116059
 1446: 114428 115275 115327
 1447: 114466 116109 116159
 1448: 114689 116159 116209
 1449: 114697 115692 115698
 1450: 114734 115665 115692
 1451: 114894 115698 115771
 1452: 114936 116159 116159
 1453: 114952 115999 116002
 1454: 115084 116059 116109
 1455: 115196 115771 115999
 1456: 115247 115327 115665
 1457: 115289 116526 116561
 1458: 115324 116674 116689
 1459: 115422 116247 116450
 1460: 115685 116506 116526
 1461: 115739 116660 116674
 1462: 115830 116209 116247
 1463: 115867 116450 116506
 1464: 116018 116561 116660
 1465: 116025 116689 116903
 1466: 116232 117610 117624
 1467: 116343 116958 117015
 1468: 116503 117538 117610
 1469: 116512 117327 117356
 1470: 116639 117532 117538
 1471: 116684 116903 116958
 1472: 116710 117356 117532
 1473: 116894 117015 117327
 1474: 116927 117929 117972
 1475: 116964 117972 118287
 1476: 116988 117631 117710
 1477: 117115 117624 117631
 1478: 117244 118287 118409
 1479: 117321 117878 117929
 1480: 117413 117710 117878
 1481: 117633 119163 119208
 1482: 117728 119208 119283
 1483: 117729 119067 119163
 1484: 117815 118409 118484
 1485: 117843 118940 119067
 1486: 117844 119295 119329
 1487: 117971 118874 118890
 1488: 118050 119288 119295
 1489: 118051 118933 118940
 1490: 118089 118890 118907
 1491: 118169 118590 118874
 1492: 118182 119208 119208
 1493: 118192 118907 118933
 1494: 118217 119329 119385
 1495: 118223 118484 118590
 1496: 118333 119283 119288
 1497: 118435 119714 119824
 1498: 118536 119889 119967
 1499: 118550 119385 119438
 1500: 118630 119438 119634
 1501: 118803 119824 119889
 1502: 118854 120084 120085
 1503: 118860 120047 120084
 1504: 118880 120085 120221
 1505: 118950 119634 119672
 1506: 118993 119967 120047
 1507: 119222 119672 119714
 1508: 119404 120221 120227
 1509: 119666 120264 120415
 1510: 119845 120227 120264
 1511: 119864 120734 120892
 1512: 119975 120892 121189
 1513: 119988 120697 120732
 1514: 120017 120509 120557
 1515: 120054 121189 121194
 1516: 120055 120415 120509
 1517: 120093 120732 120734
 1518: 120148 120557 120697
 1519: 120251 121212 121412
 1520: 120315 121817 121818
 1521: 120353 121977 122161
 1522: 120425 121767 121817
 1523: 120495 121612 121640
 1524: 120538 121412 121592
 1525: 120637 121818 121822
 1526: 120711 121194 121212
 1527: 120713 121640 121767
 1528: 120919 121917 121977
 1529: 121112 121857 121917
 1530: 121170 121822 121857
 1531: 121190 121592 121612
 1532: 121260 122682 122788
 1533: 121266 122247 122283
 1534: 121275 122953 122977
 1535: 121444 122788 122846
 1536: 121459 122283 122448
 1537: 121551 122846 122953
 1538: 121631 122448 122469
 1539: 121662 122221 122247
 1540: 121836 122161 122221
 1541: 121880 122627 122682
 1542: 121882 122469 122627
 1543: 122093 122977 123119
 1544: 122177 123223 123225
 1545: 122196 123865 123876
 1546: 122210 123458 123627
 1547: 122321 123266 123297
 1548: 122329 123225 123235
 1549: 122525 123627 123865
 1550: 122611 123235 123266
 1551: 122802 123119 123223
 1552: 122811 123311 123458
 1553: 122894 123297 123311
 1554: 123121 123997 124079
 1555: 123278 124555 124929
 1556: 123284 124389 124401
 1557: 123320 123876 123972
 1558: 123442 124401 124403
 1559: 123448 124544 124555
 1560: 123464 124082 124389
 1561: 123552 124403 124448
 1562: 123664 124448 124544
 1563: 123677 124929 124955
 1564: 123706 123972 123997
 1565: 123714 124079 124082
 1566: 123899 125911 125922
 1567: 124054 125576 125911
 1568: 124134 125339 125404
 1569: 124261 125310 125339
 1570: 124321 125154 125255
 1571: 124367 125255 125310
 1572: 124368 125012 125097
 1573: 124474 125105 125122
 1574: 124488 125097 125105
 1575: 124515 125404 125576
 1576: 124528 125922 125947
 1577: 124631 124987 125012
 1578: 124678 124955 124987
 1579: 124805 125122 125154
 1580: 124997 126575 126748
 1581: 125188 126748 126895
 1582: 125272 126895 126905
 1583: 125342 126163 126168
 1584: 125454 126034 126163
 1585: 125567 126364 126417
 1586: 125653 126266 126364
 1587: 125704 126417 126480
 1588: 125718 126168 126266
 1589: 125812 125947 125965
 1590: 125886 125965 126034
 1591: 125900 126480 126575
 1592: 126035 127486 127748
 1593: 126043 127007 127116
 1594: 126248 126905 126967
 1595: 126353 126967 127007
 1596: 126443 127116 127188
 1597: 126567 127483 127486
 1598: 126643 127188 127448
 1599: 126712 127448 127449
 1600: 126787 127449 127483
 1601: 126951 127748 127951
 1602: 127072 127951 128013
 1603: 127217 128203 128608
 1604: 127308 128013 128203
 1605: 127785 129087 129253
 1606: 127866 129354 129407
 1607: 128113 128939 129087
 1608: 128139 129407 129520
 1609: 128160 129266 129354
 1610: 128408 129520 129582
 1611: 128415 128686 128921
 1612: 128500 128608 128686
 1613: 128503 129253 129266
 1614: 128531 128921 128939
 1615: 128630 130458 130533
 1616: 128632 130182 130202
 1617: 128656 130398 130410
 1618: 128666 130374 130388
 1619: 128758 130202 130281
 1620: 128881 129614 129621
 1621: 128914 130533 130564
 1622: 129062 129690 129860
 1623: 129067 129639 129690
 1624: 129120 129582 129614
 1625: 129129 130059 130182
 1626: 129219 130323 130374
 1627: 129271 130281 130323
 1628: 129280 130388 130398
 1629: 129317 130410 130429
 1630: 129428 129860 129999
 1631: 129476 129621 129626
 1632: 129497 129999 130059
 1633: 129511 129626 129639
 1634: 129526 130429 130458
 1635: 129678 131311 131316
 1636: 129698 130564 130695
 1637: 129718 131368 131443
 1638: 129728 131217 131238
 1639: 129746 130854 130900
 1640: 129777 131202 131217
 1641: 129798 131443 131503
 1642: 129808 130767 130795
 1643: 129925 131238 131306
 1644: 129988 131316 131368
 1645: 129995 130982 131202
 1646: 130064 130977 130982
 1647: 130101 130695 130696
 1648: 130104 130900 130977
 1649: 130288 131306 131311
 1650: 130333 130696 130767
 1651: 130380 130838 130854
 1652: 130456 130795 130838
 1653: 130577 132313 132316
 1654: 130578 131503 131530
 1655: 130619 131810 131912
 1656: 130651 132023 132217
 1657: 130691 131973 132023
 1658: 130733 131721 131749
 1659: 130829 131530 131546
 1660: 130865 132316 132359
 1661: 130897 132359 132533
 1662: 130933 132217 132288
 1663: 131072 131912 131973
 1664: 131100 132288 132301
 1665: 131182 132301 132313
 1666: 131240 131546 131683
 1667: 131287 131683 131721
 1668: 131430 131749 131810
 1669: 131657 132627 132648
 1670: 131682 133133 133149
 1671: 131703 132862 132885
 1672: 131706 132691 132862
 1673: 131715 133002 133045
 1674: 131867 132648 132681
 1675: 131916 133149 133266
 1676: 131996 132681 132691
 1677: 132017 133432 133482
 1678: 132081 133391 133432
 1679: 132128 132533 132627
 1680: 132269 133266 133382
 1681: 132351 133045 133133
 1682: 132375 133388 133391
 1683: 132438 133382 133388
 1684: 132476 132885 133002
 1685: 132563 134178 134336
 1686: 132585 133727 133766
 1687: 132802 134336 134359
 1688: 132846 133823 133864
 1689: 132961 133652 133727
 1690: 133137 133482 133485
 1691: 133353 134041 134178
 1692: 133378 134359 134427
 1693: 133406 133766 133823
 1694: 133452 133485 133652
 1695: 133471 133864 134041
 1696: 133628 134710 134801
 1697: 133789 135405 135413
 1698: 133804 135327 135405
 1699: 133843 134557 134710
 1700: 133845 135326 135327
 1701: 133915 135097 135137
 1702: 133956 134801 134869
 1703: 133973 134541 134557
 1704: 134258 134427 134432
 1705: 134270 134488 134541
 1706: 134272 135137 135326
 1707: 134344 134869 135097
 1708: 134350 134432 134488
 1709: 134442 135847 135945
 1710: 134453 136252 136343
 1711: 134464 135413 135427
 1712: 134526 135427 135430
 1713: 134528 136031 136157
 1714: 134531 135596 135847
 1715: 134578 135430 135478
 1716: 134636 135478 135479
 1717: 134669 136343 136366
 1718: 134743 135945 135969
 1719: 134875 135995 136011
 1720: 134936 136366 136385
 1721: 134986 135969 135995
 1722: 134992 135479 135514
 1723: 135180 135534 135565
 1724: 135183 136011 136031
 1725: 135274 135565 135596
 1726: 135337 136157 136252
 1727: 135355 135514 135534
 1728: 135511 137013 137114
 1729: 135674 136385 136445
 1730: 135763 137007 137013
 1731: 136248 137114 137128
 1732: 136290 136445 137007
 1733: 136307 137128 137306
 1734: 136502 137306 137335
 1735: 136585 137623 137787
 1736: 136586 137397 137464
 1737: 136592 137335 137397
 1738: 136615 138265 138299
 1739: 136637 137515 137623
 1740: 136710 138035 138265
 1741: 136764 137464 137496
 1742: 136889 137991 138035
 1743: 136918 137787 137991
 1744: 137237 137496 137515
 1745: 137307 138572 138617
 1746: 137369 138617 138692
 1747: 137561 138299 138300
 1748: 137824 139136 139175
 1749: 137828 138302 138405
 1750: 137841 138405 138572
 1751: 137876 139002 139127
 1752: 138042 138776 138844
 1753: 138065 139127 139136
 1754: 138110 138692 138776
 1755: 138159 139175 139222
 1756: 138209 138300 138302
 1757: 138232 138844 139002
 1758: 138330 139644 139786
 1759: 138665 139799 139905
 1760: 138790 139786 139786
 1761: 138828 139513 139565
 1762: 138845 139366 139513
 1763: 138880 139244 139366
 1764: 138925 139565 139622
 1765: 138930 139786 139799
 1766: 138943 139622 139644
 1767: 139058 139222 139244
 1768: 139243 140564 140578
 1769: 139261 140194 140263
 1770: 139326 139910 139926
 1771: 139370 140499 140564
 1772: 139462 139905 139910
 1773: 139496 140073 140194
 1774: 139525 140263 140276
 1775: 139537 140466 140499
 1776: 139774 139926 140073
 1777: 139827 140276 140466
 1778: 139990 141320 141412
 1779: 140022 140578 140862
 1780: 140051 140862 140947
 1781: 140277 140947 141013
 1782: 140437 141013 141261
 1783: 140496 141261 141320
 1784: 140614 141642 141655
 1785: 140627 141905 142050
 1786: 140675 141780 141808
 1787: 140719 142196 142240
 1788: 140750 141552 141611
 1789: 140823 141655 141762
 1790: 140837 141612 141642
 1791: 140956 142240 142296
 1792: 140987 142050 142114
 1793: 141013 142114 142196
 1794: 141029 141762 141780
 1795: 141092 141860 141899
 1796: 141097 141899 141905
 1797: 141098 141439 141474
 1798: 141120 141808 141860
 1799: 141223 142296 142372
 1800: 141253 141412 141439
 1801: 141294 141611 141612
 1802: 141351 141474 141552
 1803: 141885 143178 143193
 1804: 141972 142654 142943
 1805: 142029 142943 143178
 1806: 142068 142372 142654
 1807: 142408 143220 143317
 1808: 142486 143677 143781
 1809: 142781 143193 143220
 1810: 142982 143317 143518
 1811: 143017 143781 144066
 1812: 143022 143518 143677
 1813: 143250 144356 144393
 1814: 143484 144629 144765
 1815: 143520 144284 144356
 1816: 143592 144765 144875
 1817: 143600 144201 144216
 1818: 143686 144066 144169
 1819: 143688 144393 144435
 1820: 143785 144435 144629
 1821: 143804 144169 144201
 1822: 143977 144216 144284
 1823: 144140 145182 145252
 1824: 144192 144926 144932
 1825: 144229 145347 145362
 1826: 144269 144932 145031
 1827: 144312 145252 145312
 1828: 144325 145362 145408
 1829: 144451 145602 145684
 1830: 144458 145408 145602
 1831: 144497 145031 145090
 1832: 144550 144875 144926
 1833: 144637 145090 145182
 1834: 144800 145684 145738
 1835: 144831 145317 145347
 1836: 144856 145312 145317
 1837: 144888 146130 146187
 1838: 144922 146187 146577
 1839: 144923 145833 145915
 1840: 144949 146016 146130
 1841: 145028 145738 145741
 1842: 145195 145762 145819
 1843: 145213 145936 145960
 1844: 145451 145960 146016
 1845: 145486 145819 145833
 1846: 145588 145741 145762
 1847: 145601 145915 145936
 1848: 145821 146647 146763
 1849: 145977 146763 146783
 1850: 146161 146978 147394
 1851: 146186 147394 147411
 1852: 146277 146885 146978
 1853: 146371 147411 147541
 1854: 146429 146783 146885
 1855: 146457 146783 146783
 1856: 146472 146577 146647
 1857: 146643 147615 147692
 1858: 146652 147696 147735
 1859: 146685 147544 147545
 1860: 146731 148278 148352
 1861: 146750 147773 147821
 1862: 146880 147957 148004
 1863: 146927 148352 148385
 1864: 146948 147886 147957
 1865: 147018 147735 147773
 1866: 147080 148385 148507
 1867: 147114 147821 147886
 1868: 147171 147692 147696
 1869: 147203 147541 147544
 1870: 147329 148004 148278
 1871: 147508 147545 147615
 1872: 147583 148756 148766
 1873: 147589 148766 148824
 1874: 147788 148969 149128
 1875: 147917 149128 149181
 1876: 147932 149505 149524
 1877: 148000 149524 149564
 1878: 148043 149358 149505
 1879: 148157 148824 148886
 1880: 148196 149181 149184
 1881: 148337 148507 148593
 1882: 148361 149184 149358
 1883: 148382 148593 148756
 1884: 148408 148886 148969
 1885: 148574 149664 149669
 1886: 148597 150273 150354
 1887: 148606 150405 150460
 1888: 148676 149674 149753
 1889: 148755 150084 150092
 1890: 148832 149753 150031
 1891: 149030 150354 150382
 1892: 149086 150031 150084
 1893: 149222 150460 150523
 1894: 149290 150092 150174
 1895: 149369 149564 149566
 1896: 149421 150523 150546
 1897: 149446 150174 150273
 1898: 149467 149566 149664
 1899: 149468 150382 150405
 1900: 149478 149669 149674
 1901: 149598 151231 151290
 1902: 149599 151010 151131
 1903: 149643 150854 150857
 1904: 149858 151438 151448
 1905: 149870 150546 150664
 1906: 150056 150783 150854
 1907: 150094 150751 150783
 1908: 150172 151448 151536
 1909: 150207 151131 151231
 1910: 150243 150664 150728
 1911: 150327 150951 151010
 1912: 150348 150728 150751
 1913: 150406 151290 151438
 1914: 150521 150857 150862
 1915: 150539 150862 150951
 1916: 150730 151616 151779
 1917: 151105 151779 151903
 1918: 151299 151909 152472
 1919: 151344 151536 151616
 1920: 151468 151903 151909
 1921: 151576 153247 153260
 1922: 151586 153009 153058
 1923: 151604 152942 152970
 1924: 151699 153123 153247
 1925: 151863 152909 152942
 1926: 151882 152870 152909
 1927: 151886 152970 152993
 1928: 151918 152756 152870
 1929: 151983 153272 153336
 1930: 152007 152658 152673
 1931: 152103 153260 153272
 1932: 152106 152673 152756
 1933: 152169 152487 152504
 1934: 152248 153336 153446
 1935: 152251 152993 153009
 1936: 152289 152581 152658
 1937: 152374 152942 152942
 1938: 152393 152551 152581
 1939: 152395 152472 152487
 1940: 152404 152504 152551
 1941: 152453 153058 153123
 1942: 152503 153868 153961
 1943: 152636 154179 154256
 1944: 152647 153826 153830
 1945: 152923 153830 153844
 1946: 152940 154044 154117
 1947: 153013 153645 153675
 1948: 153053 153610 153615
 1949: 153072 153446 153489
 1950: 153091 153675 153696
 1951: 153148 154020 154044
 1952: 153155 153615 153632
 1953: 153167 153696 153742
 1954: 153175 153489 153610
 1955: 153199 153632 153645
 1956: 153208 154117 154179
 1957: 153272 153961 154020
 1958: 153299 153742 153826
 1959: 153342 153844 153868
 1960: 153470 154807 154849
 1961: 153625 155127 155233
 1962: 153634 154750 154762
 1963: 153659 154558 154734
 1964: 153748 154734 154750
 1965: 153816 154302 154341
 1966: 153933 154849 155127
 1967: 153992 154256 154302
 1968: 154024 154341 154558
 1969: 154041 154779 154807
 1970: 154211 154762 154779
 1971: 154297 155233 155252
 1972: 154318 155313 155500
 1973: 154389 155727 155788
 1974: 154471 155252 155293
 1975: 154910 155500 155727
 1976: 154957 156045 156113
 1977: 155011 155788 155821
 1978: 155046 155951 156045
 1979: 155054 155293 155313
 1980: 155082 155821 155951
 1981: 155471 156841 156876
 1982: 155611 156113 156443
 1983: 155985 156784 156789
 1984: 156006 156443 156784
 1985: 156085 156789 156841
 1986: 156171 157056 157103
 1987: 156183 157536 157696
 1988: 156251 157487 157536
 1989: 156299 156876 157030
 1990: 156428 157157 157241
 1991: 156532 157034 157056
 1992: 156563 157030 157034
 1993: 156715 157241 157487
 1994: 156720 157696 157746
 1995: 156837 157103 157157
 1996: 156924 157847 157939
 1997: 156976 158148 158189
 1998: 157005 158189 158232
 1999: 157104 158118 158148
 2000: 157192 158256 158338
 2001: 157288 158338 158346
 2002: 157384 157746 157847
 2003: 157411 158391 158405
 2004: 157489 157939 157939
 2005: 157554 158232 158256
 2006: 157576 158346 158391
 2007: 157682 157939 158118
 2008: 157751 159056 159115
 2009: 157780 159115 159162
 2010: 157850 158490 158606
 2011: 157855 158405 158426
 2012: 158032 158606 159053
 2013: 158167 158426 158490
 2014: 158171 159053 159056
 2015: 158296 159162 159241
 2016: 158531 159782 159792
 2017: 158541 159640 159647
 2018: 158581 159796 159884
 2019: 158585 160094 160098
 2020: 158651 159792 159796
 2021: 158701 159406 159407
 2022: 158726 160129 160229
 2023: 158781 159317 159406
 2024: 158822 160098 160129
 2025: 158878 159647 159782
 2026: 158901 159241 159314
 2027: 158946 159314 159317
 2028: 159027 159407 159640
 2029: 159192 159884 160094
 2030: 159244 160924 160935
 2031: 159259 160229 160292
 2032: 159372 161070 161161
 2033: 159416 160484 160513
 2034: 159570 160794 160801
 2035: 159615 160622 160748
 2036: 159618 161191 161234
 2037: 159653 160513 160622
 2038: 159656 161185 161191
 2039: 159677 160748 160757
 2040: 159684 161020 161070
 2041: 159717 160855 160897
 2042: 159763 160463 160484
 2043: 159786 160416 160441
 2044: 159792 160757 160794
 2045: 159870 160976 161019
 2046: 159958 160935 160976
 2047: 160011 160801 160855
 2048: 160021 161019 161020
 2049: 160064 160935 160935
 2050: 160079 161161 161185
 2051: 160165 160309 160416
 2052: 160188 160292 160309
 2053: 160201 160441 160463
 2054: 160224 160897 160924
 2055: 160247 162119 162128
 2056: 160324 161450 161543
 2057: 160404 162054 162070
 2058: 160535 161234 161251
 2059: 160557 161251 161266
 2060: 160599 161266 161270
 2061: 160675 162053 162054
 2062: 160742 161886 162030
 2063: 160829 161270 161450
 2064: 160986 162030 162053
 2065: 161020 162070 162118
 2066: 161021 162118 162119
 2067: 161036 161831 161886
 2068: 161041 161543 161826
 2069: 161087 161826 161831
 2070: 161398 162708 162814
 2071: 161435 162575 162708
 2072: 161469 162128 162130
 2073: 161569 162130 162276
 2074: 161853 162828 163073
 2075: 161861 162276 162486
 2076: 162035 162814 162828
 2077: 162091 162486 162575
 2078: 162261 163713 163849
 2079: 162280 163073 163293
 2080: 162311 163336 163471
 2081: 162445 163595 163705
 2082: 162524 163951 164048
 2083: 162603 163293 163336
 2084: 162637 163849 163951
 2085: 162643 163705 163713
 2086: 162786 163471 163595
 2087: 163095 164242 164289
 2088: 163150 164684 164787
 2089: 163190 164505 164568
 2090: 163284 164568 164596
 2091: 163463 164656 164684
 2092: 163487 164404 164505
 2093: 163496 164067 164242
 2094: 163576 164289 164404
 2095: 163801 164048 164067
 2096: 164004 164787 164851
 2097: 164037 164596 164656
 2098: 164159 165861 166020
 2099: 164187 165641 165861
 2100: 164197 165602 165637
 2101: 164253 165015 165051
 2102: 164406 165476 165523
 2103: 164423 165637 165641
 2104: 164442 165356 165409
 2105: 164611 164967 165015
 2106: 164623 164851 164871
 2107: 164685 165523 165602
 2108: 164705 165051 165356
 2109: 164775 164871 164967
 2110: 164776 165409 165476
 2111: 164948 166865 166956
 2112: 164979 166152 166267
 2113: 165037 166134 166152
 2114: 165061 166856 166865
 2115: 165090 166387 166415
 2116: 165112 166814 166856
 2117: 165149 166117 166134
 2118: 165182 166602 166606
 2119: 165237 166471 166602
 2120: 165256 166415 166425
 2121: 165315 166272 166387
 2122: 165334 166020 166117
 2123: 165461 166430 166471
 2124: 165578 166425 166430
 2125: 165612 166606 166814
 2126: 165929 166267 166272
 2127: 166036 167557 167578
 2128: 166092 167578 167607
 2129: 166140 166956 167099
 2130: 166153 167099 167108
 2131: 166171 167465 167487
 2132: 166249 167275 167294
 2133: 166308 167854 167892
 2134: 166326 167749 167833
 2135: 166397 167355 167465
 2136: 166448 167607 167749
 2137: 166578 167108 167189
 2138: 166601 167189 167266
 2139: 166616 167833 167845
 2140: 166621 167294 167355
 2141: 166774 167845 167854
 2142: 166902 167266 167275
 2143: 166938 167487 167557
 2144: 167140 168511 168737
 2145: 167152 167942 167971
 2146: 167233 168245 168254
 2147: 167287 168179 168188
 2148: 167636 167892 167942
 2149: 167665 168058 168082
 2150: 167676 168789 168816
 2151: 167754 168416 168511
 2152: 167761 168254 168349
 2153: 167793 168188 168245
 2154: 167802 168349 168416
 2155: 167844 167971 168058
 2156: 167851 168082 168179
 2157: 167871 168737 168789
 2158: 168075 168977 169138
 2159: 168097 168816 168888
 2160: 168145 169279 169334
 2161: 168389 169334 169616
 2162: 168509 169138 169279
 2163: 168553 168888 168966
 2164: 168611 168966 168977
 2165: 168998 170147 170158
 2166: 169092 170092 170118
 2167: 169120 170217 170292
 2168: 169129 170121 170147
 2169: 169144 169616 169705
 2170: 169161 169955 170092
 2171: 169200 169705 169779
 2172: 169387 170118 170121
 2173: 169405 170292 170330
 2174: 169427 169779 169955
 2175: 169522 170158 170217
 2176: 169694 170531 170547
 2177: 169852 170530 170531
 2178: 169864 170870 170898
 2179: 169914 170403 170528
 2180: 169922 170649 170748
 2181: 169958 170353 170403
 2182: 169967 170528 170530
 2183: 170044 170898 170992
 2184: 170078 170403 170403
 2185: 170125 170547 170649
 2186: 170168 170330 170353
 2187: 170329 170748 170870
 2188: 170384 170992 171131
 2189: 170401 171808 171816
 2190: 170465 171962 171966
 2191: 170520 171437 171509
 2192: 170591 171345 171437
 2193: 170605 171695 171808
 2194: 170704 171509 171695
 2195: 170752 171816 171877
 2196: 170763 171877 171892
 2197: 170846 171131 171299
 2198: 170907 171299 171345
 2199: 170959 171892 171962
 2200: 170970 171966 172004
 2201: 171023 172298 172395
 2202: 171164 172448 172581
 2203: 171375 172603 172606
 2204: 171425 172677 172822
 2205: 171437 172822 172905
 2206: 171443 172273 172298
 2207: 171502 172254 172273
 2208: 171508 172159 172254
 2209: 171556 172021 172159
 2210: 171592 172004 172021
 2211: 171673 172395 172448
 2212: 171799 172606 172643
 2213: 171917 172581 172603
 2214: 171994 172643 172677
 2215: 172021 173578 173619
 2216: 172044 173619 173648
 2217: 172078 172905 172953
 2218: 172095 173005 173140
 2219: 172145 173475 173535
 2220: 172191 173380 173475
 2221: 172301 173329 173380
 2222: 172329 173140 173152
 2223: 172350 173152 173234
 2224: 172352 173535 173561
 2225: 172370 173234 173257
 2226: 172455 173689 173712
 2227: 172678 173257 173329
 2228: 172695 173561 173578
 2229: 172846 173648 173689
 2230: 172849 172953 173005
 2231: 172925 174007 174357
 2232: 173234 174478 174666
 2233: 173276 174357 174478
 2234: 173303 173712 173752
 2235: 173469 173794 173902
 2236: 173530 173902 174007
 2237: 173558 173752 173794
 2238: 173850 175207 175224
 2239: 173874 174666 174681
 2240: 173899 175149 175153
 2241: 173942 175581 175632
 2242: 173976 175046 175052
 2243: 174022 175232 175240
 2244: 174032 174976 174994
 2245: 174074 174734 174838
 2246: 174126 174681 174734
 2247: 174176 175127 175149
 2248: 174181 175409 175581
 2249: 174265 174994 175046
 2250: 174400 175224 175232
 2251: 174412 175052 175057
 2252: 174431 175065 175127
 2253: 174454 174838 174874
 2254: 174455 175153 175207
 2255: 174474 174874 174976
 2256: 174476 175240 175333
 2257: 174500 175057 175065
 2258: 174504 175333 175409
 2259: 174798 176189 176408
 2260: 174804 176043 176189
 2261: 174838 175991 176021
 2262: 174887 175632 175745
 2263: 174892 176021 176043
 2264: 175003 175844 175857
 2265: 175217 175857 175991
 2266: 175245 176408 176508
 2267: 175304 176043 176043
 2268: 175328 175782 175844
 2269: 175393 175745 175782
 2270: 175725 177125 177312
 2271: 175869 177067 177074
 2272: 175883 176548 176671
 2273: 175978 177329 177341
 2274: 175998 177312 177328
 2275: 176076 176671 176697
 2276: 176142 176508 176548
 2277: 176153 177049 177067
 2278: 176241 177328 177329
 2279: 176278 176945 177049
 2280: 176333 177074 177125
 2281: 176430 176701 176945
 2282: 176452 176697 176701
 2283: 176574 177976 178344
 2284: 176727 177604 177734
 2285: 176836 177780 177880
 2286: 176917 177341 177363
 2287: 177016 177880 177976
 2288: 177172 177363 177386
 2289: 177198 177386 177477
 2290: 177270 177734 177780
 2291: 177317 177477 177604
 2292: 177411 178446 178449
 2293: 177455 178888 178962
 2294: 177509 178344 178411
 2295: 177521 178490 178556
 2296: 177645 178962 179017
 2297: 177694 178411 178426
 2298: 177744 178658 178826
 2299: 177997 178426 178446
 2300: 178048 179017 179065
 2301: 178115 178449 178490
 2302: 178201 178556 178658
 2303: 178259 178826 178888
 2304: 178285 179065 179166
 2305: 178328 179166 179249
 2306: 178368 179271 179307
 2307: 178451 180022 180081
 2308: 178452 180081 180093
 2309: 178559 179407 179673
 2310: 178575 179249 179249
 2311: 178683 180190 180204
 2312: 178752 179782 179965
 2313: 178760 180093 180115
 2314: 178861 180115 180142
 2315: 178878 179965 179971
 2316: 179000 179307 179407
 2317: 179038 179673 179725
 2318: 179048 179249 179271
 2319: 179051 179729 179782
 2320: 179163 179725 179729
 2321: 179195 179971 180022
 2322: 179231 180142 180190
 2323: 179259 180543 180607
 2324: 179270 180204 180279
 2325: 179493 180479 180535
 2326: 179586 180535 180543
 2327: 179655 181139 181157
 2328: 179699 180716 180898
 2329: 179789 180607 180716
 2330: 179971 181005 181139
 2331: 180000 180898 180913
 2332: 180031 180913 181005
 2333: 180172 180279 180479
 2334: 180315 181783 181839
 2335: 180319 181659 181783
 2336: 180392 181862 181870
 2337: 180487 181468 181469
 2338: 180549 181870 181985
 2339: 180665 181322 181468
 2340: 180671 181985 181991
 2341: 180749 181195 181322
 2342: 180796 181839 181862
 2343: 180901 181157 181195
 2344: 181136 181469 181659
 2345: 181179 182728 182822
 2346: 181217 182695 182716
 2347: 181283 182435 182695
 2348: 181346 182378 182387
 2349: 181347 182292 182378
 2350: 181440 181991 182035
 2351: 181547 182035 182292
 2352: 181577 182387 182435
 2353: 181907 182822 182850
 2354: 181978 182716 182728
 2355: 182037 183009 183051
 2356: 182211 183499 183551
 2357: 182261 183338 183373
 2358: 182306 183373 183499
 2359: 182332 183051 183338
 2360: 182424 182882 183009
 2361: 182448 183551 183639
 2362: 182500 182871 182882
 2363: 182642 183639 183673
 2364: 182668 182850 182871
 2365: 182720 183673 183735
 2366: 182959 183793 183983
 2367: 182991 183983 184011
 2368: 183092 184011 184063
 2369: 183107 184063 184080
 2370: 183116 184413 184456
 2371: 183120 183735 183741
 2372: 183319 184226 184270
 2373: 183356 184080 184105
 2374: 183475 184270 184413
 2375: 183592 184105 184226
 2376: 183633 183741 183793
 2377: 183703 184456 184654
 2378: 183908 185138 185145
 2379: 183928 185145 185269
 2380: 183980 185269 185359
 2381: 184006 184839 184840
 2382: 184075 184840 185021
 2383: 184128 184654 184665
 2384: 184239 184665 184740
 2385: 184243 185021 185102
 2386: 184434 185447 185531
 2387: 184476 185102 185138
 2388: 184523 184740 184789
 2389: 184546 185359 185447
 2390: 184616 184789 184839
 2391: 184682 186063 186223
 2392: 184717 186022 186063
 2393: 184788 186380 186386
 2394: 184844 186386 186395
 2395: 184859 185531 185575
 2396: 184867 185852 186022
 2397: 184987 186223 186246
 2398: 184992 185792 185852
 2399: 185069 186378 186380
 2400: 185083 186246 186246
 2401: 185114 185575 185643
 2402: 185227 186246 186322
 2403: 185290 185750 185792
 2404: 185358 186322 186378
 2405: 185397 185643 185750
 2406: 185466 186395 186541
 2407: 185630 186541 186554
 2408: 185684 186985 187035
 2409: 185816 187427 187494
 2410: 185849 187504 187530
 2411: 185855 187064 187081
 2412: 185905 186590 186662
 2413: 185918 186804 186985
 2414: 185933 186662 186733
 2415: 185970 187081 187175
 2416: 186023 186733 186804
 2417: 186069 187175 187249
 2418: 186123 187494 187504
 2419: 186181 187249 187427
 2420: 186334 186554 186590
 2421: 186362 187035 187064
 2422: 186584 187595 187733
 2423: 186630 187942 187992
 2424: 186723 187733 187813
 2425: 186776 187532 187595
 2426: 186802 188010 188115
 2427: 186858 188261 188312
 2428: 186905 188180 188215
 2429: 186936 188115 188180
 2430: 186987 188215 188259
 2431: 186988 187530 187532
 2432: 187035 187992 188010
 2433: 187061 188363 188509
 2434: 187116 188312 188363
 2435: 187123 187864 187916
 2436: 187239 187916 187942
 2437: 187390 188259 188261
 2438: 187463 187813 187852
 2439: 187480 187852 187864
 2440: 187551 188717 188776
 2441: 187590 188555 188578
 2442: 187617 188509 188555
 2443: 187707 188578 188717
 2444: 187781 189435 189449
 2445: 187823 189245 189366
 2446: 187936 189036 189042
 2447: 187946 189163 189245
 2448: 188153 189042 189060
 2449: 188172 188777 189036
 2450: 188195 189060 189163
 2451: 188336 189366 189435
 2452: 188439 188776 188777
 2453: 188558 189771 189866
 2454: 188561 189467 189493
 2455: 188654 190149 190154
 2456: 188748 189594 189615
 2457: 188812 189449 189467
 2458: 188816 189727 189771
 2459: 188937 190154 190183
 2460: 188966 189615 189727
 2461: 189093 189493 189594
 2462: 189179 190422 190445
 2463: 189211 190075 190115
 2464: 189247 189866 190075
 2465: 189253 190115 190149
 2466: 189436 190183 190422
 2467: 189530 190773 190794
 2468: 189607 190925 190944
 2469: 189609 190708 190765
 2470: 189662 190680 190708
 2471: 189694 191197 191226
 2472: 189847 190524 190528
 2473: 189869 190474 190524
 2474: 189886 191308 191396
 2475: 189958 190794 190925
 2476: 189984 190977 191017
 2477: 190058 190445 190472
 2478: 190095 190472 190474
 2479: 190164 190528 190680
 2480: 190226 190765 190773
 2481: 190268 190944 190977
 2482: 190339 191281 191308
 2483: 190350 191017 191197
 2484: 190430 191226 191281
 2485: 190652 191447 191609
 2486: 190843 191609 191739
 2487: 190881 192095 192231
 2488: 190900 191874 192095
 2489: 190996 191783 191874
 2490: 191090 191739 191783
 2491: 191342 191396 191447
 2492: 191456 192448 192612
 2493: 191788 192828 193036
 2494: 191852 192612 192619
 2495: 192075 193036 193066
 2496: 192098 192619 192828
 2497: 192170 192231 192324
 2498: 192226 192324 192448
 2499: 192237 193066 193110
SUM: 193110 193109 1.0000 943.90 866.66 2012
