    0:     1     1   394
    1:   170   394   431
    2:   194   635   716
    3:   265   431   635
    4:   424  1223  1244
    5:   592   939  1223
    6:   605   635   635
    7:   642   716   727
    8:   648   727   926
    9:   728  1430  1632
   10:   769  2374  2447
   11:   862   926   939
   12:   905  1345  1430
   13:  1034  1244  1282
   14:  1037  2221  2236
   15:  1093  1317  1345
   16:  1198  1632  2174
   17:  1200  2520  2563
   18:  1251  1282  1317
   19:  1266  2202  2221
   20:  1285  2491  2516
   21:  1487  2174  2201
   22:  1506  2236  2274
   23:  1551  2274  2280
   24:  1616  2447  2481
   25:  1640  2563  2587
   26:  1663  3561  3572
   27:  1687  3235  3282
   28:  1793  2481  2491
   29:  1822  3358  3381
   30:  1869  3381  3426
   31:  1918  2349  2374
   32:  1941  3022  3094
   33:  1963  3336  3345
   34:  1976  2936  3022
   35:  1987  2201  2202
   36:  2043  2516  2520
   37:  2160  3282  3336
   38:  2198  2280  2349
   39:  2204  3430  3561
   40:  2238  2587  2936
   41:  2645  3094  3208
   42:  2677  4261  4289
   43:  2707  4424  4454
   44:  2743  3208  3235
   45:  2930  3426  3430
   46:  2983  3872  4167
   47:  2989  3345  3358
   48:  3176  4167  4232
   49:  3235  4454  4482
   50:  3348  3572  3872
   51:  3397  4232  4261
   52:  3508  4289  4295
   53:  3513  4359  4393
   54:  3568  4412  4424
   55:  3581  5387  5408
   56:  3633  4393  4412
   57:  3687  5377  5381
   58:  3729  5346  5377
   59:  3996  5297  5341
   60:  4050  5408  5412
   61:  4133  4482  4545
   62:  4158  5269  5272
   63:  4280  4295  4359
   64:  4286  4761  4877
   65:  4312  5381  5387
   66:  4315  5272  5297
   67:  4329  5341  5346
   68:  4332  4545  4761
   69:  4799  4877  5091
   70:  4835  6299  6308
   71:  4880  5408  5408
   72:  4908  5419  5494
   73:  5010  5091  5269
   74:  5141  5494  5750
   75:  5203  6072  6126
   76:  5272  6126  6229
   77:  5305  5412  5419
   78:  5624  6245  6299
   79:  5632  6359  6395
   80:  5687  5750  6067
   81:  5892  6895  6957
   82:  5906  6308  6359
   83:  5943  6229  6245
   84:  5974  6067  6072
   85:  6090  7062  7112
   86:  6150  6560  6628
   87:  6221  7178  7248
   88:  6239  6628  6741
   89:  6309  6395  6425
   90:  6314  6425  6560
   91:  6349  6967  7062
   92:  6388  7112  7128
   93:  6451  6741  6782
   94:  6631  7062  7062
   95:  6678  6788  6816
   96:  6684  6782  6788
   97:  6705  6856  6895
   98:  6743  6816  6856
   99:  6888  7128  7178
  100:  6910  6957  6967
  101:  6941  7560  7608
  102:  6957  7888  7903
  103:  7051  7353  7560
  104:  7179  7248  7353
  105:  7252  8911  9022
  106:  7263  7608  7811
  107:  7302  8908  8911
  108:  7457  8821  8832
  109:  7574  8070  8580
  110:  7597  7811  7888
  111:  7671  8655  8704
  112:  7690  8862  8908
  113:  7705  8640  8655
  114:  7737  7903  8070
  115:  7777  8580  8640
  116:  7850  8760  8794
  117:  7859  8832  8848
  118:  8131  8848  8862
  119:  8165  8794  8821
  120:  8232  9022  9023
  121:  8347  8704  8760
  122:  8373  9750  9826
  123:  8444  9826  9849
  124:  8845  9023  9610
  125:  8940  9712  9750
  126:  9014  9610  9669
  127:  9228 10555 10619
  128:  9247  9849  9889
  129:  9296 10171 10339
  130:  9309 10619 10666
  131:  9324 10501 10555
  132:  9407  9669  9712
  133:  9478 10380 10405
  134:  9489 10679 10746
  135:  9532 10405 10492
  136:  9824  9889  9983
  137:  9870  9983 10035
  138:  9910 11616 11654
  139:  9953 10035 10171
  140: 10002 11521 11568
  141: 10086 11614 11616
  142: 10139 10339 10380
  143: 10413 10492 10501
  144: 10516 11222 11272
  145: 10544 10666 10679
  146: 10578 10746 11222
  147: 10671 11663 11696
  148: 10797 11272 11405
  149: 10882 12557 12669
  150: 10909 11583 11614
  151: 10995 11405 11441
  152: 11026 11568 11583
  153: 11088 12458 12470
  154: 11107 11696 11723
  155: 11120 12422 12426
  156: 11134 12556 12557
  157: 11265 12341 12399
  158: 11311 12515 12516
  159: 11352 11441 11521
  160: 11374 12435 12458
  161: 11384 12340 12341
  162: 11405 12516 12556
  163: 11486 11654 11663
  164: 11499 11723 12057
  165: 11500 12057 12193
  166: 11546 12399 12422
  167: 11655 12470 12515
  168: 11800 13295 13325
  169: 11860 13528 13577
  170: 11891 12427 12435
  171: 12009 12193 12230
  172: 12071 12230 12336
  173: 12087 13577 13634
  174: 12128 12337 12340
  175: 12148 12399 12399
  176: 12182 13286 13295
  177: 12209 12336 12337
  178: 12226 12669 12687
  179: 12313 13039 13286
  180: 12341 12426 12427
  181: 12484 12687 12884
  182: 12524 12884 13039
  183: 12588 13360 13383
  184: 12821 13506 13528
  185: 12854 13325 13360
  186: 12997 13461 13506
  187: 13123 13962 14054
  188: 13234 13634 13644
  189: 13277 13383 13461
  190: 13353 14121 14315
  191: 13513 13644 13649
  192: 13516 13649 13832
  193: 13591 13832 13886
  194: 13604 13886 13962
  195: 13676 14111 14121
  196: 13678 14095 14111
  197: 13700 14054 14095
  198: 13707 14459 14473
  199: 13806 15476 15480
  200: 14058 15426 15436
  201: 14090 14315 14456
  202: 14111 15312 15366
  203: 14130 15492 15507
  204: 14144 14798 14857
  205: 14162 14456 14459
  206: 14194 15366 15426
  207: 14327 15066 15139
  208: 14353 14857 15066
  209: 14429 14584 14742
  210: 14451 14473 14584
  211: 14581 14742 14798
  212: 14598 15175 15249
  213: 14728 15480 15492
  214: 14729 16279 16359
  215: 14737 15249 15307
  216: 14865 15139 15175
  217: 14901 15454 15476
  218: 14936 15957 16050
  219: 15033 16057 16082
  220: 15069 15436 15454
  221: 15159 15307 15312
  222: 15206 16359 16483
  223: 15291 15426 15426
  224: 15337 15909 15953
  225: 15370 15507 15892
  226: 15395 15436 15436
  227: 15465 16050 16057
  228: 15652 16082 16133
  229: 15718 16207 16277
  230: 15797 16133 16179
  231: 15798 15953 15957
  232: 15801 16483 17080
  233: 15857 15892 15909
  234: 16114 17222 17229
  235: 16115 17080 17128
  236: 16144 16179 16207
  237: 16207 16277 16279
  238: 16302 17229 17230
  239: 16473 17280 17299
  240: 16568 17210 17222
  241: 16634 17402 17469
  242: 16666 17230 17280
  243: 16732 17128 17210
  244: 16874 17299 17309
  245: 16878 17956 17958
  246: 17029 17309 17402
  247: 17302 18263 18372
  248: 17351 17906 17956
  249: 17382 17469 17906
  250: 17486 18971 18983
  251: 17607 19240 19265
  252: 17613 18959 18971
  253: 17769 18229 18263
  254: 17842 17958 18229
  255: 18180 18988 18999
  256: 18182 18401 18766
  257: 18215 18766 18959
  258: 18328 18372 18401
  259: 18408 19788 19814
  260: 18417 19873 19907
  261: 18427 20027 20168
  262: 18548 19106 19240
  263: 18720 18999 19061
  264: 18789 19061 19106
  265: 18888 18983 18988
  266: 18957 19667 19722
  267: 19000 19814 19872
  268: 19181 19265 19498
  269: 19232 19722 19722
  270: 19238 19498 19667
  271: 19399 21016 21032
  272: 19403 20846 20908
  273: 19455 19907 20027
  274: 19470 20966 20988
  275: 19517 20838 20846
  276: 19679 19722 19788
  277: 19704 19872 19873
  278: 19796 20941 20963
  279: 20065 20641 20838
  280: 20106 20168 20445
  281: 20189 21082 21122
  282: 20209 21032 21041
  283: 20303 20988 20997
  284: 20344 20908 20941
  285: 20432 20445 20641
  286: 20520 21517 21711
  287: 20594 21777 21890
  288: 20722 20997 21016
  289: 20790 21122 21143
  290: 20816 21041 21082
  291: 20844 20963 20966
  292: 20927 21711 21737
  293: 21082 21143 21517
  294: 21199 21930 21980
  295: 21288 22846 22851
  296: 21348 22593 22702
  297: 21369 21890 21930
  298: 21417 22036 22101
  299: 21642 22005 22036
  300: 21656 21737 21777
  301: 21695 21980 22005
  302: 21713 23024 23028
  303: 21786 23028 23029
  304: 21800 22708 22846
  305: 21803 22102 22593
  306: 21829 22702 22708
  307: 21910 22101 22102
  308: 22160 23410 23524
  309: 22192 23686 23744
  310: 22228 22867 23024
  311: 22502 23879 23922
  312: 22541 22846 22846
  313: 22638 23852 23879
  314: 22653 23619 23668
  315: 22770 23029 23355
  316: 22799 22851 22867
  317: 22819 23524 23530
  318: 22840 23744 23852
  319: 22905 23369 23410
  320: 22911 23549 23619
  321: 23082 23355 23369
  322: 23447 23530 23549
  323: 23479 23922 23945
  324: 23486 23668 23686
  325: 23579 24215 24424
  326: 23680 23945 24215
  327: 23719 24635 24746
  328: 23899 24759 24761
  329: 23902 24761 24802
  330: 24030 25525 25540
  331: 24077 24746 24759
  332: 24080 25356 25405
  333: 24166 24424 24617
  334: 24228 24617 24635
  335: 24319 25307 25356
  336: 24489 25261 25307
  337: 24491 25540 25592
  338: 24504 24964 25085
  339: 24644 24854 24964
  340: 24650 25085 25261
  341: 24750 25422 25525
  342: 24771 24802 24854
  343: 25058 26017 26525
  344: 25083 26578 26655
  345: 25104 26542 26568
  346: 25252 25405 25422
  347: 25273 25594 25604
  348: 25314 25604 25641
  349: 25329 25641 25691
  350: 25346 25592 25594
  351: 25422 26573 26578
  352: 25473 25691 26004
  353: 25820 26004 26017
  354: 25824 27455 27467
  355: 26017 26525 26542
  356: 26054 27270 27295
  357: 26295 26655 27270
  358: 26421 27542 27569
  359: 26539 26568 26573
  360: 26786 28428 28460
  361: 26804 27451 27455
  362: 26913 27954 28035
  363: 27009 28207 28318
  364: 27048 27467 27542
  365: 27062 27857 27893
  366: 27183 27295 27451
  367: 27277 28141 28207
  368: 27328 27569 27801
  369: 27574 27893 27954
  370: 27632 29282 29300
  371: 27719 29318 29350
  372: 27779 27801 27857
  373: 27843 28137 28141
  374: 27909 28035 28137
  375: 27957 28460 28965
  376: 27997 29081 29104
  377: 28032 28318 28322
  378: 28045 28353 28405
  379: 28080 28967 28987
  380: 28081 28965 28967
  381: 28096 29104 29229
  382: 28131 29300 29318
  383: 28140 29229 29282
  384: 28210 28405 28428
  385: 28251 28322 28353
  386: 28506 30254 30258
  387: 28513 29392 29853
  388: 28621 28987 29081
  389: 28783 30013 30018
  390: 28785 29995 30013
  391: 28962 29875 29915
  392: 28965 30040 30089
  393: 29042 30132 30156
  394: 29078 30258 30353
  395: 29194 29915 29974
  396: 29257 29359 29392
  397: 29275 29350 29359
  398: 29436 30018 30040
  399: 29563 29853 29875
  400: 29602 30089 30132
  401: 29680 29974 29993
  402: 29712 30990 31077
  403: 29882 30180 30254
  404: 29921 31077 31117
  405: 29968 30531 30784
  406: 29979 29993 29995
  407: 30156 30156 30180
  408: 30236 30784 30884
  409: 30275 30353 30378
  410: 30337 30378 30531
  411: 30380 31947 32001
  412: 30394 30884 30990
  413: 30400 32079 32081
  414: 30723 31117 31238
  415: 30784 31646 31744
  416: 30795 31779 31933
  417: 30907 31546 31646
  418: 31133 31238 31469
  419: 31204 31744 31779
  420: 31249 32022 32058
  421: 31374 31469 31546
  422: 31420 32624 32739
  423: 31536 32001 32022
  424: 31559 31933 31947
  425: 31572 32782 32856
  426: 31609 32587 32624
  427: 31888 32266 32587
  428: 31910 32058 32079
  429: 31983 32081 32266
  430: 32235 33661 33694
  431: 32312 33694 33769
  432: 32349 33373 33459
  433: 32418 33533 33534
  434: 32425 33594 33661
  435: 32516 33170 33332
  436: 32542 33332 33360
  437: 32553 32739 32782
  438: 32573 32926 32949
  439: 32732 33363 33373
  440: 32741 33822 33834
  441: 32772 33360 33363
  442: 32850 33546 33561
  443: 32856 32856 32926
  444: 32891 32949 33170
  445: 32903 33459 33533
  446: 33069 34429 34586
  447: 33114 33574 33594
  448: 33131 33792 33822
  449: 33204 33561 33574
  450: 33227 33534 33546
  451: 33368 34007 34366
  452: 33509 34760 34783
  453: 33539 33769 33792
  454: 33727 33835 34007
  455: 33793 33834 33835
  456: 33815 34697 34723
  457: 33875 34586 34697
  458: 33896 34418 34429
  459: 34020 34366 34418
  460: 34051 34723 34754
  461: 34312 35449 35538
  462: 34417 35146 35352
  463: 34471 34754 34760
  464: 34519 35597 35629
  465: 34542 34783 35023
  466: 34590 35642 35654
  467: 34619 35352 35449
  468: 34627 35023 35116
  469: 34666 35654 35745
  470: 34820 36699 36716
  471: 34825 35629 35642
  472: 35024 35116 35146
  473: 35026 35538 35597
  474: 35049 36516 36563
  475: 35170 36279 36325
  476: 35293 36460 36487
  477: 35432 36079 36279
  478: 35448 35745 36079
  479: 35504 36364 36386
  480: 35557 36487 36516
  481: 35597 36563 36699
  482: 35785 36434 36460
  483: 35812 37647 37686
  484: 35850 36386 36434
  485: 35854 37373 37441
  486: 35948 37529 37586
  487: 35987 36341 36364
  488: 36092 37242 37274
  489: 36222 37686 37695
  490: 36247 36325 36341
  491: 36321 37586 37620
  492: 36358 37128 37242
  493: 36438 36716 37128
  494: 36573 37441 37529
  495: 36595 37274 37373
  496: 36918 38308 38352
  497: 36947 38554 38581
  498: 36987 38233 38308
  499: 37192 38352 38497
  500: 37224 38581 38668
  501: 37231 37620 37647
  502: 37240 37695 38177
  503: 37334 38497 38554
  504: 37549 38204 38213
  505: 37721 38668 39430
  506: 37734 38177 38204
  507: 37763 38213 38233
  508: 38076 39490 39516
  509: 38212 39480 39490
  510: 38250 39430 39480
  511: 38262 39563 39581
  512: 38315 39581 39597
  513: 38367 39516 39521
  514: 38946 39597 39856
  515: 38996 40487 40526
  516: 39036 40069 40092
  517: 39045 40346 40455
  518: 39069 40526 40528
  519: 39220 40337 40346
  520: 39389 39521 39563
  521: 39673 39943 39958
  522: 39714 39958 40069
  523: 39755 39856 39943
  524: 39840 41113 41257
  525: 39905 41323 41439
  526: 39949 40199 40273
  527: 39962 40455 40487
  528: 40084 40092 40199
  529: 40091 40273 40337
  530: 40436 40528 40938
  531: 40555 41103 41113
  532: 40566 42158 42268
  533: 40596 40938 41103
  534: 40775 41312 41323
  535: 40794 42131 42158
  536: 40820 41257 41312
  537: 40839 42071 42079
  538: 40942 41927 42011
  539: 40952 41776 41784
  540: 41144 42034 42071
  541: 41198 41690 41726
  542: 41243 42011 42034
  543: 41272 41439 41616
  544: 41303 41726 41776
  545: 41308 41634 41690
  546: 41457 42079 42101
  547: 41469 42101 42131
  548: 41475 41842 41927
  549: 41561 41616 41634
  550: 41684 41784 41842
  551: 41748 43112 43164
  552: 41842 42808 42879
  553: 41950 42794 42808
  554: 41993 42879 42987
  555: 42019 42987 43028
  556: 42111 42268 42514
  557: 42181 42514 42794
  558: 42561 43947 44019
  559: 42660 43408 43561
  560: 42868 43028 43112
  561: 42909 43900 43947
  562: 43035 43612 43720
  563: 43099 44019 44042
  564: 43110 43164 43408
  565: 43124 44042 44099
  566: 43227 43882 43900
  567: 43489 43561 43612
  568: 43493 43720 43882
  569: 43629 44419 44559
  570: 43827 44794 44917
  571: 43905 44292 44414
  572: 44026 44776 44794
  573: 44027 44099 44255
  574: 44037 44255 44292
  575: 44054 44917 44984
  576: 44186 44414 44419
  577: 44338 45596 45663
  578: 44355 44596 44606
  579: 44413 44606 44699
  580: 44504 45663 45733
  581: 44531 44559 44596
  582: 44578 44699 44776
  583: 44767 45035 45542
  584: 44873 44984 45035
  585: 45083 45733 45912
  586: 45164 45542 45596
  587: 45253 45914 45939
  588: 45322 46267 46367
  589: 45325 46464 46497
  590: 45416 46588 46742
  591: 45431 46505 46523
  592: 45749 45939 46024
  593: 45807 46383 46429
  594: 45842 45912 45914
  595: 45853 46742 46770
  596: 45869 46024 46267
  597: 45930 46367 46383
  598: 45983 46770 46779
  599: 46032 46523 46588
  600: 46039 46429 46434
  601: 46052 47379 47458
  602: 46200 47210 47379
  603: 46269 46497 46505
  604: 46367 47650 47667
  605: 46371 47533 47546
  606: 46383 46434 46464
  607: 46517 47692 47693
  608: 46726 46779 46963
  609: 46760 47477 47533
  610: 46798 46963 47157
  611: 46800 47667 47692
  612: 46801 47157 47210
  613: 46853 48534 48592
  614: 47307 47458 47477
  615: 47322 48073 48264
  616: 47537 47546 47650
  617: 47578 47693 47882
  618: 47652 48596 48655
  619: 47665 48300 48326
  620: 47683 48380 48478
  621: 47696 47882 48073
  622: 47699 48478 48534
  623: 47759 48326 48380
  624: 47814 48264 48300
  625: 47906 49596 49604
  626: 47947 48979 49325
  627: 48363 49437 49558
  628: 48380 48592 48596
  629: 48582 49604 49610
  630: 48607 48655 48979
  631: 48807 50312 50362
  632: 48921 49325 49359
  633: 49072 49359 49437
  634: 49242 50362 50369
  635: 49368 50369 50481
  636: 49411 49558 49596
  637: 49509 49610 50116
  638: 49519 50270 50312
  639: 49635 51220 51243
  640: 49718 50595 51090
  641: 49792 50495 50501
  642: 49808 51137 51220
  643: 49810 50116 50189
  644: 49905 51554 51557
  645: 49942 50555 50595
  646: 49970 50189 50270
  647: 49990 50493 50495
  648: 49994 50482 50493
  649: 50180 51528 51554
  650: 50210 51296 51324
  651: 50216 51361 51365
  652: 50307 51365 51403
  653: 50328 51403 51426
  654: 50335 50501 50555
  655: 50384 51332 51361
  656: 50442 50481 50482
  657: 50592 51324 51332
  658: 50693 51426 51489
  659: 50705 51557 52059
  660: 50853 51090 51137
  661: 50899 52319 52340
  662: 51052 51243 51296
  663: 51077 51489 51528
  664: 51200 52059 52319
  665: 51370 52353 52379
  666: 51574 53368 53386
  667: 51758 53050 53051
  668: 51873 52340 52353
  669: 51921 53285 53291
  670: 51938 53299 53368
  671: 52016 53155 53162
  672: 52021 52682 52924
  673: 52071 53162 53227
  674: 52110 52924 53050
  675: 52134 52466 52682
  676: 52149 53149 53155
  677: 52194 52379 52466
  678: 52238 53060 53149
  679: 52592 54079 54131
  680: 52803 53291 53299
  681: 52841 53227 53285
  682: 52990 53695 54074
  683: 53044 53051 53060
  684: 53093 53386 53399
  685: 53149 53399 53695
  686: 53368 54131 54209
  687: 53412 54285 54368
  688: 53500 55244 55283
  689: 53635 54272 54285
  690: 53699 54209 54272
  691: 53734 55084 55107
  692: 53881 55153 55176
  693: 54006 54074 54079
  694: 54068 55107 55153
  695: 54130 54368 54855
  696: 54218 55283 55312
  697: 54253 54855 54905
  698: 54277 55179 55244
  699: 54294 55107 55107
  700: 54455 54955 55084
  701: 54500 55176 55179
  702: 54683 55244 55244
  703: 54825 54905 54955
  704: 54958 55312 55589
  705: 55050 55612 55871
  706: 55171 55871 56193
  707: 55184 55589 55612
  708: 55364 56996 57087
  709: 55631 56585 56586
  710: 55744 56586 56647
  711: 56042 56473 56585
  712: 56094 56347 56473
  713: 56096 56647 56888
  714: 56118 56252 56347
  715: 56175 56193 56252
  716: 56442 57087 57098
  717: 56709 56932 56996
  718: 56870 56888 56932
  719: 56920 57098 57372
  720: 56973 57881 57885
  721: 56982 57372 57774
  722: 57006 57801 57805
  723: 57281 57885 57893
  724: 57303 58892 58957
  725: 57385 57893 58048
  726: 57434 58647 58660
  727: 57487 58957 58995
  728: 57545 58660 58772
  729: 57568 58772 58789
  730: 57594 58339 58421
  731: 57698 57774 57801
  732: 57734 58421 58647
  733: 57747 57805 57881
  734: 57757 58789 58892
  735: 57850 58048 58339
  736: 58411 59869 59955
  737: 58481 59579 59700
  738: 58973 58995 59176
  739: 59030 60872 60876
  740: 59077 59352 59406
  741: 59118 59846 59859
  742: 59124 59508 59567
  743: 59134 59176 59352
  744: 59148 59567 59579
  745: 59187 59406 59508
  746: 59312 59786 59823
  747: 59417 59700 59786
  748: 59535 60852 60855
  749: 59573 60792 60852
  750: 59695 59859 59869
  751: 59716 60552 60736
  752: 59726 60736 60792
  753: 59732 59843 59846
  754: 59814 60532 60552
  755: 59820 59823 59843
  756: 59836 60320 60438
  757: 59858 59955 60211
  758: 60047 60211 60320
  759: 60225 61677 61758
  760: 60342 61530 61538
  761: 60404 60438 60532
  762: 60451 61497 61530
  763: 60569 61550 61589
  764: 60590 61642 61658
  765: 60605 61775 61801
  766: 60632 61413 61418
  767: 60777 60891 61413
  768: 60803 60855 60872
  769: 60866 60876 60891
  770: 60927 62285 62400
  771: 60934 62486 62508
  772: 60946 61418 61497
  773: 60948 61758 61775
  774: 61050 62692 62695
  775: 61064 62258 62285
  776: 61086 62479 62486
  777: 61096 62463 62478
  778: 61100 62654 62682
  779: 61450 61538 61550
  780: 61459 61658 61677
  781: 61491 61801 62179
  782: 61561 61589 61642
  783: 61711 62534 62654
  784: 61723 62179 62188
  785: 61872 62461 62463
  786: 61878 62695 62711
  787: 61925 63442 63481
  788: 61953 62242 62258
  789: 61982 63648 63667
  790: 62027 62188 62242
  791: 62094 62400 62461
  792: 62113 62478 62479
  793: 62156 63428 63442
  794: 62236 63091 63297
  795: 62302 62508 62534
  796: 62371 62682 62689
  797: 62388 63481 63513
  798: 62399 63575 63647
  799: 62408 63411 63428
  800: 62462 62711 62731
  801: 62531 62689 62692
  802: 62580 62738 62878
  803: 62602 62731 62738
  804: 62615 63297 63411
  805: 62658 62878 63066
  806: 62835 63556 63575
  807: 62997 63066 63091
  808: 63063 63513 63556
  809: 63089 63667 63708
  810: 63194 63647 63648
  811: 63266 64319 64384
  812: 63291 64384 64524
  813: 63428 63829 64058
  814: 63652 63708 63829
  815: 63813 64524 64621
  816: 63825 64058 64177
  817: 63979 64193 64319
  818: 64009 65487 65506
  819: 64080 64177 64193
  820: 64123 65539 65577
  821: 64136 65250 65285
  822: 64153 65577 65586
  823: 64459 64662 64839
  824: 64477 65285 65356
  825: 64602 64621 64662
  826: 64634 65127 65201
  827: 64716 64839 64988
  828: 64739 64989 65127
  829: 64757 64988 64989
  830: 64927 65414 65486
  831: 65045 65212 65250
  832: 65046 65201 65212
  833: 65140 65486 65487
  834: 65142 65356 65414
  835: 65208 65538 65539
  836: 65243 66362 66475
  837: 65269 65736 65967
  838: 65458 65506 65538
  839: 65535 65586 65736
  840: 65713 65967 66156
  841: 65773 66936 67177
  842: 65797 67308 67319
  843: 65867 66156 66327
  844: 65884 66327 66362
  845: 65926 67319 67409
  846: 66190 67185 67291
  847: 66240 66475 66528
  848: 66318 67291 67308
  849: 66328 66793 66831
  850: 66370 66707 66793
  851: 66483 66528 66707
  852: 66564 67433 67435
  853: 66584 66831 66936
  854: 66598 68387 68390
  855: 66711 67409 67433
  856: 66763 67177 67185
  857: 66804 68276 68290
  858: 66860 67435 67486
  859: 66923 67855 68248
  860: 67067 67486 67512
  861: 67209 68290 68332
  862: 67228 67512 67848
  863: 67354 68332 68387
  864: 67414 68390 68457
  865: 67476 68457 68487
  866: 67560 67848 67855
  867: 67677 69054 69131
  868: 67719 69423 69438
  869: 67906 68822 68859
  870: 68089 68487 68770
  871: 68177 69013 69054
  872: 68179 69316 69350
  873: 68195 68859 68908
  874: 68207 68248 68276
  875: 68233 69461 69463
  876: 68344 69233 69316
  877: 68477 69438 69461
  878: 68528 68770 68822
  879: 68691 69350 69423
  880: 68758 68908 69013
  881: 68759 69131 69196
  882: 68880 70265 70275
  883: 68950 69196 69233
  884: 69090 69828 69984
  885: 69228 70216 70217
  886: 69246 69984 69994
  887: 69260 69463 69710
  888: 69339 69710 69828
  889: 69464 70217 70262
  890: 69475 71143 71171
  891: 69598 70338 70371
  892: 69621 69994 70097
  893: 69809 70097 70216
  894: 69834 70262 70265
  895: 69955 70287 70338
  896: 69977 70275 70287
  897: 69989 71171 71219
  898: 70066 70216 70216
  899: 70092 70778 70793
  900: 70116 70954 71143
  901: 70137 70371 70778
  902: 70221 70793 70862
  903: 70327 70862 70954
  904: 70444 71662 71724
  905: 70454 72046 72084
  906: 70539 72088 72095
  907: 70677 72095 72101
  908: 70741 71876 71916
  909: 70832 71982 72016
  910: 70894 71219 71662
  911: 70995 71916 71982
  912: 71025 72016 72046
  913: 71191 72101 72136
  914: 71269 72933 72939
  915: 71316 72084 72088
  916: 71346 71724 71876
  917: 71389 73097 73123
  918: 71400 72869 72933
  919: 71430 72088 72088
  920: 71538 72539 72661
  921: 71686 72661 72681
  922: 71725 72142 72425
  923: 71762 72136 72142
  924: 71809 72997 73030
  925: 71950 73073 73097
  926: 72020 72425 72539
  927: 72167 74002 74060
  928: 72216 73733 73869
  929: 72409 72939 72997
  930: 72623 72681 72733
  931: 72628 72733 72856
  932: 72637 73610 73621
  933: 72661 72856 72869
  934: 72751 73621 73733
  935: 72767 73446 73584
  936: 72773 73030 73073
  937: 72958 73584 73610
  938: 73065 73343 73427
  939: 73114 73123 73343
  940: 73153 73427 73446
  941: 73175 74958 74986
  942: 73364 74846 74883
  943: 73606 74404 74601
  944: 73760 73933 74002
  945: 73817 73869 73933
  946: 73841 74198 74404
  947: 73848 74601 74604
  948: 73856 74604 74634
  949: 73936 74060 74198
  950: 74258 75640 75822
  951: 74281 74883 74932
  952: 74461 74634 74815
  953: 74523 75264 75640
  954: 74574 74932 74958
  955: 74745 75856 75878
  956: 74780 74815 74846
  957: 74975 74986 75264
  958: 74999 75822 75856
  959: 75088 76642 76688
  960: 75199 76426 76608
  961: 75455 76782 76785
  962: 75588 76725 76782
  963: 75633 75878 75904
  964: 75674 76688 76725
  965: 75775 75904 76426
  966: 76033 76789 76825
  967: 76082 77621 77711
  968: 76098 76785 76789
  969: 76157 77370 77534
  970: 76164 77254 77281
  971: 76234 77297 77304
  972: 76303 77365 77370
  973: 76412 77711 77717
  974: 76453 77281 77297
  975: 76455 76608 76642
  976: 76544 76825 76836
  977: 76565 77320 77361
  978: 76569 77534 77539
  979: 76615 77304 77320
  980: 76743 76836 77037
  981: 76916 77567 77621
  982: 76934 77037 77219
  983: 77016 77219 77254
  984: 77059 78381 78400
  985: 77068 77361 77365
  986: 77150 77539 77567
  987: 77173 78272 78346
  988: 77283 78420 78460
  989: 77372 78346 78381
  990: 77388 77717 77725
  991: 77590 78400 78420
  992: 77601 77767 78157
  993: 77623 77725 77767
  994: 77816 79224 79357
  995: 77899 78460 78488
  996: 77977 78157 78157
  997: 78009 78488 78583
  998: 78019 79357 79380
  999: 78066 78157 78272
 1000: 78233 78610 78614
 1001: 78307 78602 78610
 1002: 78332 79447 79509
 1003: 78445 78614 79052
 1004: 78512 78583 78602
 1005: 78587 79092 79097
 1006: 78808 79380 79443
 1007: 78882 79889 79999
 1008: 78889 79072 79092
 1009: 78919 79443 79447
 1010: 78931 79052 79072
 1011: 78980 79097 79224
 1012: 79104 79828 79889
 1013: 79205 79509 79828
 1014: 79542 80307 80320
 1015: 79590 80616 81225
 1016: 79597 79999 80307
 1017: 80291 80320 80616
 1018: 80796 81225 81438
 1019: 80927 81512 81625
 1020: 81045 81735 81756
 1021: 81051 81438 81476
 1022: 81077 81476 81507
 1023: 81089 81756 81833
 1024: 81105 81625 81735
 1025: 81123 81833 81872
 1026: 81339 81507 81512
 1027: 81578 82509 82563
 1028: 81596 82013 82509
 1029: 81626 81872 82005
 1030: 81742 82586 82616
 1031: 81759 82660 82695
 1032: 81938 82005 82013
 1033: 81961 82695 82716
 1034: 82269 83526 83527
 1035: 82320 82563 82586
 1036: 82381 82954 83044
 1037: 82435 82616 82660
 1038: 82460 82837 82954
 1039: 82480 83044 83141
 1040: 82492 83141 83167
 1041: 82623 83437 83526
 1042: 82636 82716 82837
 1043: 82779 83167 83238
 1044: 82829 83349 83437
 1045: 82897 83238 83349
 1046: 83281 83527 84233
 1047: 83294 84319 84333
 1048: 83336 84233 84240
 1049: 83688 84773 84820
 1050: 83715 84389 84579
 1051: 83721 84240 84319
 1052: 83746 84333 84366
 1053: 83760 84366 84389
 1054: 83774 84579 84686
 1055: 83782 84718 84719
 1056: 83832 85106 85140
 1057: 83949 85018 85071
 1058: 83953 85140 85172
 1059: 84061 85086 85102
 1060: 84172 85205 85310
 1061: 84192 84719 84771
 1062: 84208 85172 85205
 1063: 84273 84715 84718
 1064: 84500 84771 84773
 1065: 84512 85071 85086
 1066: 84543 85102 85106
 1067: 84555 84686 84715
 1068: 84569 84999 85018
 1069: 84635 84820 84999
 1070: 84985 85753 85974
 1071: 85268 85310 85753
 1072: 85447 86028 86040
 1073: 85552 86150 86241
 1074: 85767 86667 86690
 1075: 85785 85974 85990
 1076: 85846 86692 86755
 1077: 85872 85990 86028
 1078: 85940 86040 86150
 1079: 85976 86413 86660
 1080: 86021 86660 86667
 1081: 86145 86241 86413
 1082: 86259 88085 88153
 1083: 86300 88153 88154
 1084: 86325 86929 87191
 1085: 86352 86922 86929
 1086: 86447 86755 86922
 1087: 86554 87804 87822
 1088: 86558 86690 86692
 1089: 86626 88154 88191
 1090: 86628 87929 88006
 1091: 86722 87756 87787
 1092: 86745 87191 87201
 1093: 86777 88006 88058
 1094: 86940 87869 87929
 1095: 86980 87527 87531
 1096: 87004 87255 87418
 1097: 87014 87201 87255
 1098: 87029 87723 87756
 1099: 87030 87531 87668
 1100: 87095 87495 87527
 1101: 87200 87418 87495
 1102: 87272 87668 87710
 1103: 87473 87822 87869
 1104: 87475 87710 87723
 1105: 87559 89114 89117
 1106: 87590 88762 88799
 1107: 87672 87787 87804
 1108: 87710 89157 89172
 1109: 87758 88886 88904
 1110: 87863 88058 88085
 1111: 87936 89117 89157
 1112: 87945 88284 88430
 1113: 87952 88799 88886
 1114: 87981 89050 89071
 1115: 88094 88191 88284
 1116: 88139 88430 88653
 1117: 88156 89101 89114
 1118: 88160 88973 89050
 1119: 88264 89087 89101
 1120: 88347 88653 88762
 1121: 88360 89172 89176
 1122: 88487 89948 89990
 1123: 88560 88904 88973
 1124: 88699 89071 89087
 1125: 88751 89288 89761
 1126: 89145 89176 89288
 1127: 89219 90692 90705
 1128: 89380 89761 89888
 1129: 89420 90519 90610
 1130: 89559 90610 90622
 1131: 89567 90497 90519
 1132: 89665 90447 90497
 1133: 89700 89888 89948
 1134: 89746 90688 90692
 1135: 89901 90622 90688
 1136: 89961 90729 90783
 1137: 89972 89990 90447
 1138: 90120 91456 91517
 1139: 90186 91256 91456
 1140: 90339 90719 90729
 1141: 90366 91607 91615
 1142: 90384 91641 91686
 1143: 90673 90705 90719
 1144: 90754 90783 91144
 1145: 90781 91220 91256
 1146: 90848 91144 91166
 1147: 90970 91731 92391
 1148: 91070 92516 92534
 1149: 91078 92447 92516
 1150: 91105 91686 91731
 1151: 91134 91564 91607
 1152: 91135 91166 91220
 1153: 91154 91615 91628
 1154: 91174 91517 91564
 1155: 91240 92596 92602
 1156: 91415 91628 91641
 1157: 91702 92563 92596
 1158: 91834 93429 93448
 1159: 91852 92848 92983
 1160: 91884 92983 93011
 1161: 92099 93382 93429
 1162: 92222 92391 92447
 1163: 92306 93448 93476
 1164: 92341 93223 93365
 1165: 92366 92744 92848
 1166: 92382 92534 92563
 1167: 92417 93052 93163
 1168: 92452 92602 92744
 1169: 92635 94207 94266
 1170: 92772 94407 94436
 1171: 92779 93163 93223
 1172: 92797 93011 93052
 1173: 93040 94020 94029
 1174: 93044 94145 94148
 1175: 93273 94266 94407
 1176: 93295 93365 93382
 1177: 93442 93476 93938
 1178: 93504 95201 95257
 1179: 93675 93938 94020
 1180: 93686 94173 94206
 1181: 93763 94148 94173
 1182: 93837 94029 94145
 1183: 93919 95274 95293
 1184: 93938 95257 95274
 1185: 94034 94206 94207
 1186: 94280 94630 94865
 1187: 94302 94482 94590
 1188: 94303 94590 94630
 1189: 94373 94436 94482
 1190: 94430 94865 94975
 1191: 94440 94975 95201
 1192: 94485 95382 95397
 1193: 94513 96355 96359
 1194: 94647 96013 96171
 1195: 94694 95339 95382
 1196: 94741 96241 96273
 1197: 94763 96273 96287
 1198: 94804 95293 95339
 1199: 95093 95682 95727
 1200: 95210 95629 95682
 1201: 95391 95397 95629
 1202: 95403 96210 96213
 1203: 95606 96193 96210
 1204: 95643 95727 95838
 1205: 95664 97246 97258
 1206: 95672 95838 96013
 1207: 95765 96822 96902
 1208: 95798 96325 96355
 1209: 95865 96171 96193
 1210: 95885 96287 96325
 1211: 95898 96981 97042
 1212: 95911 96359 96757
 1213: 96032 96902 96929
 1214: 96064 97057 97117
 1215: 96085 96220 96241
 1216: 96134 96213 96220
 1217: 96304 96929 96975
 1218: 96334 97120 97166
 1219: 96459 97042 97057
 1220: 96494 98043 98124
 1221: 96571 96757 96822
 1222: 96612 97777 97821
 1223: 96616 97117 97120
 1224: 96652 96975 96981
 1225: 96930 97258 97553
 1226: 97021 98021 98043
 1227: 97051 97166 97208
 1228: 97112 98043 98043
 1229: 97159 97208 97246
 1230: 97349 98770 98786
 1231: 97353 97553 97777
 1232: 97513 98925 99019
 1233: 97516 97821 97966
 1234: 97630 98786 98925
 1235: 97839 97966 98021
 1236: 98025 98411 98651
 1237: 98103 98124 98411
 1238: 98320 98651 98770
 1239: 98330 99615 99638
 1240: 98362 99817 99866
 1241: 98605 99866 99916
 1242: 98625 99655 99675
 1243: 98823 99019 99167
 1244: 98865 99465 99574
 1245: 98959 99574 99615
 1246: 98968 99167 99200
 1247: 99075 100843 100862
 1248: 99171 100573 100668
 1249: 99189 99200 99465
 1250: 99270 99675 99817
 1251: 99352 100282 100443
 1252: 99452 99638 99655
 1253: 99646 100456 100547
 1254: 99647 99916 99917
 1255: 99648 100219 100233
 1256: 99661 100787 100841
 1257: 99702 100233 100266
 1258: 99726 99917 100219
 1259: 99743 100547 100573
 1260: 99848 100733 100787
 1261: 99853 100690 100733
 1262: 99942 100668 100690
 1263: 100095 100266 100282
 1264: 100170 101686 101775
 1265: 100365 101232 101564
 1266: 100385 100443 100456
 1267: 100542 100841 100843
 1268: 100721 100932 101059
 1269: 100803 100862 100932
 1270: 100948 101134 101179
 1271: 100974 101775 101844
 1272: 101055 101059 101134
 1273: 101096 102768 102780
 1274: 101102 101179 101232
 1275: 101180 102581 102679
 1276: 101240 102524 102557
 1277: 101332 101564 101611
 1278: 101390 102394 102421
 1279: 101472 101611 101686
 1280: 101554 102421 102437
 1281: 101601 102739 102749
 1282: 101616 102169 102193
 1283: 101779 101852 101940
 1284: 101791 102323 102394
 1285: 101793 101844 101852
 1286: 101813 101940 102169
 1287: 101815 102679 102739
 1288: 101819 102193 102291
 1289: 101953 103483 103581
 1290: 101959 102291 102323
 1291: 102232 102437 102475
 1292: 102248 102475 102524
 1293: 102408 102557 102581
 1294: 102430 102780 103165
 1295: 102613 102749 102768
 1296: 102624 103258 103331
 1297: 102757 103331 103382
 1298: 102856 104113 104163
 1299: 102898 104284 104334
 1300: 102921 103212 103258
 1301: 103092 103165 103212
 1302: 103207 104356 104371
 1303: 103245 104163 104284
 1304: 103280 103382 103483
 1305: 103562 103581 103898
 1306: 103656 104371 104395
 1307: 103662 104337 104356
 1308: 103737 104395 104414
 1309: 103815 104334 104337
 1310: 103870 103898 104007
 1311: 103997 104007 104113
 1312: 104220 104414 104734
 1313: 104306 104983 105015
 1314: 104349 104734 104809
 1315: 104425 105874 105989
 1316: 104473 105154 105238
 1317: 104558 104975 104983
 1318: 104617 104809 104861
 1319: 104728 105713 105874
 1320: 104779 105098 105154
 1321: 104830 104861 104934
 1322: 104858 104934 104975
 1323: 104864 105015 105098
 1324: 104868 106010 106067
 1325: 104991 105568 105713
 1326: 105108 105544 105568
 1327: 105171 105348 105535
 1328: 105220 105238 105348
 1329: 105345 105989 106010
 1330: 105477 105535 105544
 1331: 105602 106621 106738
 1332: 105670 106525 106546
 1333: 105761 106738 106899
 1334: 105762 106546 106563
 1335: 105955 106067 106525
 1336: 106047 106563 106621
 1337: 106301 106993 107018
 1338: 106433 106972 106993
 1339: 106460 107865 107881
 1340: 106461 106899 106926
 1341: 106513 107797 107810
 1342: 106580 106926 106965
 1343: 106602 106965 106969
 1344: 106632 106969 106972
 1345: 106970 107018 107156
 1346: 107025 107310 107797
 1347: 107071 108630 108650
 1348: 107097 107156 107162
 1349: 107119 107162 107310
 1350: 107197 108547 108583
 1351: 107330 108373 108413
 1352: 107399 107881 107969
 1353: 107434 108312 108333
 1354: 107574 107969 108081
 1355: 107603 107822 107865
 1356: 107724 107810 107822
 1357: 107810 108333 108373
 1358: 107985 109491 109523
 1359: 108032 108413 108532
 1360: 108033 108232 108312
 1361: 108070 108081 108232
 1362: 108092 109429 109439
 1363: 108171 109081 109134
 1364: 108173 109439 109491
 1365: 108326 109134 109254
 1366: 108333 109260 109282
 1367: 108335 108870 109081
 1368: 108374 108583 108630
 1369: 108406 108650 108673
 1370: 108452 108532 108547
 1371: 108622 108673 108865
 1372: 108799 108865 108870
 1373: 108814 109282 109429
 1374: 108920 110054 110085
 1375: 109069 110148 110295
 1376: 109198 110085 110110
 1377: 109245 109254 109260
 1378: 109249 110426 110481
 1379: 109341 109523 109544
 1380: 109513 110110 110124
 1381: 109517 109544 109906
 1382: 109557 111202 111218
 1383: 109565 111266 111275
 1384: 109740 109906 110054
 1385: 109926 110124 110148
 1386: 110010 111230 111266
 1387: 110088 111003 111035
 1388: 110096 111275 111290
 1389: 110138 111290 111316
 1390: 110160 110481 110750
 1391: 110166 110295 110426
 1392: 110255 110930 111003
 1393: 110363 111035 111202
 1394: 110427 110899 110928
 1395: 110521 110928 110930
 1396: 110668 111218 111230
 1397: 110674 111998 112043
 1398: 110732 112043 112130
 1399: 110739 110750 110899
 1400: 110816 112205 112304
 1401: 110939 111989 111998
 1402: 111070 111385 111862
 1403: 111243 111316 111385
 1404: 111269 111912 111983
 1405: 111388 112705 112869
 1406: 111462 113105 113186
 1407: 111538 111983 111989
 1408: 111579 111862 111912
 1409: 111585 112304 112315
 1410: 111744 113054 113105
 1411: 111793 112995 113054
 1412: 111856 112869 112874
 1413: 111857 112204 112205
 1414: 111960 112130 112204
 1415: 112021 112679 112705
 1416: 112031 112315 112679
 1417: 112124 113186 113267
 1418: 112253 112892 112926
 1419: 112416 114075 114167
 1420: 112637 112926 112995
 1421: 112720 112874 112892
 1422: 112781 113298 113970
 1423: 112959 113267 113293
 1424: 113054 113293 113298
 1425: 113359 114845 114847
 1426: 113471 114687 114710
 1427: 113502 114377 114594
 1428: 113503 114594 114604
 1429: 113549 114937 115020
 1430: 113596 114252 114265
 1431: 113609 114745 114845
 1432: 113645 115049 115125
 1433: 113705 113970 114075
 1434: 113755 114604 114686
 1435: 113784 114686 114687
 1436: 113793 115219 115245
 1437: 113794 114889 114925
 1438: 113822 115149 115174
 1439: 113902 114167 114252
 1440: 114085 114847 114889
 1441: 114159 114925 114937
 1442: 114167 115199 115219
 1443: 114169 114265 114377
 1444: 114199 114710 114745
 1445: 114374 115020 115049
 1446: 114428 115835 116173
 1447: 114466 115125 115149
 1448: 114689 115174 115199
 1449: 114697 115771 115802
 1450: 114734 115802 115808
 1451: 114894 115643 115729
 1452: 114936 115149 115149
 1453: 114952 115391 115498
 1454: 115084 115245 115391
 1455: 115196 115498 115501
 1456: 115247 115808 115835
 1457: 115289 115532 115643
 1458: 115324 115729 115771
 1459: 115422 115501 115532
 1460: 115685 116604 116738
 1461: 115739 116473 116590
 1462: 115830 117010 117017
 1463: 115867 116738 116758
 1464: 116018 116590 116604
 1465: 116025 116173 116361
 1466: 116232 117068 117082
 1467: 116343 116361 116473
 1468: 116503 117017 117068
 1469: 116512 116758 116814
 1470: 116639 116990 116996
 1471: 116684 117731 117748
 1472: 116710 116814 116990
 1473: 116894 117082 117379
 1474: 116927 117379 117416
 1475: 116964 117416 117731
 1476: 116988 116996 117010
 1477: 117115 118670 118781
 1478: 117244 117748 117853
 1479: 117321 118440 118483
 1480: 117413 118527 118534
 1481: 117633 118395 118440
 1482: 117728 118483 118515
 1483: 117729 118299 118395
 1484: 117815 117853 117928
 1485: 117843 117928 118299
 1486: 117844 118534 118561
 1487: 117971 119423 119440
 1488: 118050 118520 118527
 1489: 118051 119343 119390
 1490: 118089 119421 119423
 1491: 118169 119440 119456
 1492: 118182 118440 118440
 1493: 118192 119390 119397
 1494: 118217 118561 118617
 1495: 118223 119681 119740
 1496: 118333 118515 118520
 1497: 118435 119126 119278
 1498: 118536 119397 119421
 1499: 118550 118617 118670
 1500: 118630 118781 119088
 1501: 118803 119278 119343
 1502: 118854 119538 119539
 1503: 118860 119501 119538
 1504: 118880 119539 119675
 1505: 118950 119088 119126
 1506: 118993 119456 119501
 1507: 119222 119913 120312
 1508: 119404 119675 119681
 1509: 119666 119740 119913
 1510: 119845 121537 121622
 1511: 119864 120312 120390
 1512: 119975 120474 120687
 1513: 119988 121152 121154
 1514: 120017 121320 121329
 1515: 120054 120687 120692
 1516: 120055 121355 121377
 1517: 120093 121138 121152
 1518: 120148 121154 121189
 1519: 120251 120390 120474
 1520: 120315 121315 121316
 1521: 120353 121622 121659
 1522: 120425 121265 121315
 1523: 120495 121090 121138
 1524: 120538 120692 121090
 1525: 120637 121316 121320
 1526: 120711 122511 122608
 1527: 120713 121189 121265
 1528: 120919 121415 121475
 1529: 121112 121377 121415
 1530: 121170 121329 121355
 1531: 121190 122180 122208
 1532: 121260 122208 122286
 1533: 121266 121475 121537
 1534: 121275 122451 122475
 1535: 121444 122286 122344
 1536: 121459 121659 121946
 1537: 121551 122439 122451
 1538: 121631 121946 121967
 1539: 121662 123470 123489
 1540: 121836 123489 123515
 1541: 121880 122125 122180
 1542: 121882 121967 122125
 1543: 122093 122608 122617
 1544: 122177 122501 122511
 1545: 122196 123363 123374
 1546: 122210 122764 123125
 1547: 122321 122344 122439
 1548: 122329 122475 122501
 1549: 122525 123125 123363
 1550: 122611 122617 122764
 1551: 122802 124421 124433
 1552: 122811 124047 124198
 1553: 122894 124198 124345
 1554: 123121 123515 123577
 1555: 123278 124345 124421
 1556: 123284 123881 123893
 1557: 123320 123374 123470
 1558: 123442 123893 123895
 1559: 123448 124036 124047
 1560: 123464 123577 123881
 1561: 123552 123895 123940
 1562: 123664 123940 124036
 1563: 123677 124433 124447
 1564: 123706 124954 125235
 1565: 123714 125300 125320
 1566: 123899 125289 125300
 1567: 124054 125235 125289
 1568: 124134 124717 124782
 1569: 124261 124688 124717
 1570: 124321 124500 124633
 1571: 124367 124633 124688
 1572: 124368 124447 124475
 1573: 124474 124475 124500
 1574: 124488 126126 126167
 1575: 124515 124782 124954
 1576: 124528 125320 125325
 1577: 124631 126235 126260
 1578: 124678 126167 126235
 1579: 124805 125325 126118
 1580: 124997 126118 126126
 1581: 125188 126260 126273
 1582: 125272 126273 126283
 1583: 125342 126922 127020
 1584: 125454 127020 127025
 1585: 125567 126708 126771
 1586: 125653 126771 126824
 1587: 125704 126613 126708
 1588: 125718 126864 126922
 1589: 125812 127154 127223
 1590: 125886 127126 127154
 1591: 125900 126566 126613
 1592: 126035 127025 127126
 1593: 126043 126345 126494
 1594: 126248 126283 126345
 1595: 126353 127775 128061
 1596: 126443 126494 126566
 1597: 126567 126861 126864
 1598: 126643 126824 126826
 1599: 126712 126826 126827
 1600: 126787 126827 126861
 1601: 126951 127223 127523
 1602: 127072 127523 127585
 1603: 127217 128061 128180
 1604: 127308 127585 127775
 1605: 127785 128659 128825
 1606: 127866 128926 128979
 1607: 128113 128180 128659
 1608: 128139 128979 129092
 1609: 128160 128838 128926
 1610: 128408 129115 129154
 1611: 128415 129800 129815
 1612: 128500 130030 130050
 1613: 128503 128825 128838
 1614: 128531 129774 129797
 1615: 128630 130050 130105
 1616: 128632 129754 129774
 1617: 128656 129970 129982
 1618: 128666 129946 129960
 1619: 128758 129815 129853
 1620: 128881 129092 129115
 1621: 128914 130105 130136
 1622: 129062 129262 129432
 1623: 129067 129186 129262
 1624: 129120 129154 129186
 1625: 129129 129631 129754
 1626: 129219 129905 129946
 1627: 129271 129853 129895
 1628: 129280 129960 129970
 1629: 129317 129982 130001
 1630: 129428 129432 129571
 1631: 129476 131061 131074
 1632: 129497 129571 129631
 1633: 129511 131015 131061
 1634: 129526 130005 130030
 1635: 129678 130883 130888
 1636: 129698 130001 130005
 1637: 129718 130940 131015
 1638: 129728 130789 130810
 1639: 129746 129797 129800
 1640: 129777 130774 130789
 1641: 129798 131074 131075
 1642: 129808 129895 129905
 1643: 129925 130810 130878
 1644: 129988 130915 130940
 1645: 129995 130554 130774
 1646: 130064 130549 130554
 1647: 130101 130136 130268
 1648: 130104 130268 130549
 1649: 130288 130878 130883
 1650: 130333 131888 131897
 1651: 130380 131789 131810
 1652: 130456 131810 131826
 1653: 130577 131885 131888
 1654: 130578 131075 131102
 1655: 130619 131118 131484
 1656: 130651 131595 131789
 1657: 130691 131545 131595
 1658: 130733 130888 130915
 1659: 130829 131102 131118
 1660: 130865 131897 131931
 1661: 130897 131990 132105
 1662: 130933 131826 131860
 1663: 131072 131484 131545
 1664: 131100 131860 131873
 1665: 131182 131873 131885
 1666: 131240 132954 132955
 1667: 131287 132838 132917
 1668: 131430 132770 132828
 1669: 131657 131957 131990
 1670: 131682 132705 132721
 1671: 131703 132434 132457
 1672: 131706 132263 132434
 1673: 131715 132457 132617
 1674: 131867 131931 131957
 1675: 131916 132828 132838
 1676: 131996 132105 132263
 1677: 132017 133004 133054
 1678: 132081 132963 133004
 1679: 132128 133908 133909
 1680: 132269 132917 132954
 1681: 132351 132617 132705
 1682: 132375 132960 132963
 1683: 132438 132955 132960
 1684: 132476 133436 133534
 1685: 132563 133750 133908
 1686: 132585 132721 132770
 1687: 132802 133909 133931
 1688: 132846 133299 133436
 1689: 132961 133054 133299
 1690: 133137 134910 134941
 1691: 133353 133613 133750
 1692: 133378 133931 133999
 1693: 133406 134431 134603
 1694: 133452 134699 134774
 1695: 133471 133534 133613
 1696: 133628 134272 134363
 1697: 133789 134967 134975
 1698: 133804 134961 134967
 1699: 133843 134119 134272
 1700: 133845 134888 134889
 1701: 133915 134659 134699
 1702: 133956 134363 134431
 1703: 133973 133999 134119
 1704: 134258 135947 135956
 1705: 134270 135814 135847
 1706: 134272 134774 134888
 1707: 134344 134603 134659
 1708: 134350 135887 135900
 1709: 134442 135409 135507
 1710: 134453 135900 135905
 1711: 134464 134958 134961
 1712: 134526 134941 134958
 1713: 134528 135593 135719
 1714: 134531 134975 135409
 1715: 134578 134909 134910
 1716: 134636 134889 134909
 1717: 134669 135905 135928
 1718: 134743 135507 135531
 1719: 134875 135557 135573
 1720: 134936 135928 135947
 1721: 134986 135531 135557
 1722: 134992 136816 136836
 1723: 135180 136754 136785
 1724: 135183 135573 135593
 1725: 135274 136708 136754
 1726: 135337 135719 135814
 1727: 135355 136786 136816
 1728: 135511 136593 136694
 1729: 135674 135847 135887
 1730: 135763 135956 136593
 1731: 136248 136694 136708
 1732: 136290 137203 137243
 1733: 136307 136853 136886
 1734: 136502 136886 136915
 1735: 136585 137243 137367
 1736: 136586 136785 136786
 1737: 136592 136836 136853
 1738: 136615 137845 137879
 1739: 136637 137076 137203
 1740: 136710 137615 137845
 1741: 136764 136915 137076
 1742: 136889 137571 137615
 1743: 136918 137567 137571
 1744: 137237 138578 138665
 1745: 137307 137367 137567
 1746: 137369 138148 138268
 1747: 137561 137879 137880
 1748: 137824 138712 138751
 1749: 137828 137880 137981
 1750: 137841 137981 138148
 1751: 137876 138665 138703
 1752: 138042 138352 138420
 1753: 138065 138703 138712
 1754: 138110 138268 138352
 1755: 138159 138751 138798
 1756: 138209 139437 139718
 1757: 138232 138420 138578
 1758: 138330 138798 139318
 1759: 138665 139426 139437
 1760: 138790 139318 139318
 1761: 138828 140293 140339
 1762: 138845 140378 140391
 1763: 138880 140391 140538
 1764: 138925 140278 140282
 1765: 138930 139318 139331
 1766: 138943 140157 140260
 1767: 139058 140648 140660
 1768: 139243 140660 140662
 1769: 139261 140339 140347
 1770: 139326 139331 139426
 1771: 139370 140583 140648
 1772: 139462 139718 139994
 1773: 139496 140260 140278
 1774: 139525 140347 140360
 1775: 139537 140550 140583
 1776: 139774 139994 140157
 1777: 139827 140538 140550
 1778: 139990 141480 141496
 1779: 140022 140360 140378
 1780: 140051 140282 140293
 1781: 140277 140982 141097
 1782: 140437 141270 141345
 1783: 140496 141390 141404
 1784: 140614 141345 141377
 1785: 140627 140662 140982
 1786: 140675 141172 141224
 1787: 140719 142280 142324
 1788: 140750 141420 141421
 1789: 140823 141252 141270
 1790: 140837 141377 141390
 1791: 140956 142324 142380
 1792: 140987 141558 142198
 1793: 141013 142198 142280
 1794: 141029 141224 141252
 1795: 141092 141127 141133
 1796: 141097 141097 141127
 1797: 141098 141523 141558
 1798: 141120 141133 141172
 1799: 141223 142380 142456
 1800: 141253 141496 141523
 1801: 141294 141404 141420
 1802: 141351 141421 141480
 1803: 141885 143262 143277
 1804: 141972 142738 143027
 1805: 142029 143250 143262
 1806: 142068 142456 142738
 1807: 142408 143027 143153
 1808: 142486 143860 143865
 1809: 142781 143153 143250
 1810: 142982 143277 143602
 1811: 143017 144047 144150
 1812: 143022 143602 143761
 1813: 143250 143781 143823
 1814: 143484 144766 144849
 1815: 143520 143823 143860
 1816: 143592 144917 144959
 1817: 143600 143865 144000
 1818: 143686 144015 144047
 1819: 143688 143761 143781
 1820: 143785 144696 144713
 1821: 143804 144000 144015
 1822: 143977 144150 144368
 1823: 144140 144636 144696
 1824: 144192 145010 145016
 1825: 144229 144540 144586
 1826: 144269 144858 144917
 1827: 144312 144586 144636
 1828: 144325 144368 144540
 1829: 144451 145807 145834
 1830: 144458 145711 145752
 1831: 144497 144849 144858
 1832: 144550 144959 145010
 1833: 144637 144713 144766
 1834: 144800 145885 145888
 1835: 144831 145496 145497
 1836: 144856 145439 145467
 1837: 144888 145049 145439
 1838: 144922 145016 145049
 1839: 144923 145690 145711
 1840: 144949 145467 145496
 1841: 145028 145864 145885
 1842: 145195 145793 145807
 1843: 145213 145610 145666
 1844: 145451 145497 145610
 1845: 145486 145752 145793
 1846: 145588 145834 145864
 1847: 145601 145666 145690
 1848: 145821 145888 146681
 1849: 145977 146797 146933
 1850: 146161 147494 147544
 1851: 146186 147559 147561
 1852: 146277 147035 147128
 1853: 146371 147688 147691
 1854: 146429 147028 147035
 1855: 146457 146933 146933
 1856: 146472 146681 146797
 1857: 146643 147684 147688
 1858: 146652 147607 147645
 1859: 146685 147694 147695
 1860: 146731 146995 147028
 1861: 146750 147544 147559
 1862: 146880 147128 147376
 1863: 146927 146933 146995
 1864: 146948 147376 147423
 1865: 147018 147561 147607
 1866: 147080 148580 148657
 1867: 147114 147423 147494
 1868: 147171 147645 147684
 1869: 147203 147691 147694
 1870: 147329 147765 148428
 1871: 147508 147695 147765
 1872: 147583 148512 148570
 1873: 147589 148450 148512
 1874: 147788 149247 149278
 1875: 147917 149278 149331
 1876: 147932 149655 149674
 1877: 148000 149712 149714
 1878: 148043 149614 149655
 1879: 148157 148428 148450
 1880: 148196 149331 149334
 1881: 148337 148668 148743
 1882: 148361 149334 149508
 1883: 148382 148570 148580
 1884: 148408 148924 149119
 1885: 148574 149604 149609
 1886: 148597 148743 148924
 1887: 148606 148657 148668
 1888: 148676 149508 149525
 1889: 148755 149119 149186
 1890: 148832 149194 149247
 1891: 149030 150514 150532
 1892: 149086 149186 149194
 1893: 149222 150578 150673
 1894: 149290 150111 150324
 1895: 149369 149674 149712
 1896: 149421 150673 150696
 1897: 149446 150388 150423
 1898: 149467 149609 149614
 1899: 149468 150532 150555
 1900: 149478 149525 149604
 1901: 149598 149714 149952
 1902: 149599 149952 150111
 1903: 149643 150324 150385
 1904: 149858 151588 151598
 1905: 149870 150555 150578
 1906: 150056 150385 150388
 1907: 150094 150423 150459
 1908: 150172 151606 151686
 1909: 150207 151319 151381
 1910: 150243 150491 150514
 1911: 150327 151101 151160
 1912: 150348 150459 150491
 1913: 150406 151443 151588
 1914: 150521 150696 151012
 1915: 150539 151012 151101
 1916: 150730 151381 151443
 1917: 151105 151160 151319
 1918: 151299 152607 152622
 1919: 151344 151598 151606
 1920: 151468 151911 152059
 1921: 151576 151686 151898
 1922: 151586 152059 152100
 1923: 151604 152165 152188
 1924: 151699 151898 151911
 1925: 151863 152188 152216
 1926: 151882 152216 152249
 1927: 151886 152100 152165
 1928: 151918 152249 152288
 1929: 151983 153432 153486
 1930: 152007 152402 152485
 1931: 152103 153410 153422
 1932: 152106 152288 152402
 1933: 152169 152637 152654
 1934: 152248 153553 153596
 1935: 152251 153092 153159
 1936: 152289 152485 152500
 1937: 152374 153081 153092
 1938: 152393 152500 152577
 1939: 152395 152622 152637
 1940: 152404 152577 152607
 1941: 152453 153212 153273
 1942: 152503 152786 153081
 1943: 152636 152654 152786
 1944: 152647 153198 153212
 1945: 152923 153159 153198
 1946: 152940 154194 154267
 1947: 153013 153346 153367
 1948: 153053 153422 153427
 1949: 153072 153486 153553
 1950: 153091 153300 153346
 1951: 153148 154170 154194
 1952: 153155 153397 153410
 1953: 153167 153273 153300
 1954: 153175 153427 153432
 1955: 153199 153367 153397
 1956: 153208 154274 154329
 1957: 153272 154098 154170
 1958: 153299 153596 153976
 1959: 153342 153983 154018
 1960: 153470 153976 153983
 1961: 153625 155361 155383
 1962: 153634 154018 154070
 1963: 153659 154082 154098
 1964: 153748 154070 154082
 1965: 153816 154452 154491
 1966: 153933 155154 155277
 1967: 153992 154329 154452
 1968: 154024 154267 154274
 1969: 154041 154929 154957
 1970: 154211 154866 154929
 1971: 154297 155383 155402
 1972: 154318 154957 155154
 1973: 154389 154491 154866
 1974: 154471 155341 155361
 1975: 154910 155402 155877
 1976: 154957 156195 156263
 1977: 155011 155933 155971
 1978: 155046 156101 156195
 1979: 155054 155277 155341
 1980: 155082 155971 156101
 1981: 155471 157105 157140
 1982: 155611 155877 155933
 1983: 155985 157048 157053
 1984: 156006 156986 157048
 1985: 156085 157053 157105
 1986: 156171 156775 156913
 1987: 156183 156263 156320
 1988: 156251 156320 156480
 1989: 156299 156982 156986
 1990: 156428 156480 156775
 1991: 156532 156913 156960
 1992: 156563 156960 156982
 1993: 156715 157608 157751
 1994: 156720 157909 158010
 1995: 156837 157140 157421
 1996: 156924 157751 157817
 1997: 156976 157524 157567
 1998: 157005 157421 157524
 1999: 157104 157567 157608
 2000: 157192 158520 158602
 2001: 157288 158602 158610
 2002: 157384 157817 157909
 2003: 157411 158655 158669
 2004: 157489 157817 157817
 2005: 157554 158423 158520
 2006: 157576 158610 158655
 2007: 157682 158361 158382
 2008: 157751 158314 158361
 2009: 157780 158010 158314
 2010: 157850 158760 158870
 2011: 157855 158669 158690
 2012: 158032 158420 158423
 2013: 158167 158690 158754
 2014: 158171 158382 158420
 2015: 158296 159480 159547
 2016: 158531 159324 159328
 2017: 158541 159437 159473
 2018: 158581 158991 159236
 2019: 158585 158754 158760
 2020: 158651 159236 159324
 2021: 158701 159712 159713
 2022: 158726 158870 158891
 2023: 158781 159693 159712
 2024: 158822 158891 158991
 2025: 158878 159328 159338
 2026: 158901 159547 159620
 2027: 158946 159620 159623
 2028: 159027 159473 159480
 2029: 159192 160348 160446
 2030: 159244 159338 159437
 2031: 159259 160630 160644
 2032: 159372 159623 159663
 2033: 159416 160446 160457
 2034: 159570 160115 160169
 2035: 159615 160213 160222
 2036: 159618 159713 159736
 2037: 159653 160222 160348
 2038: 159656 159663 159693
 2039: 159677 160176 160213
 2040: 159684 159736 159900
 2041: 159717 159951 160073
 2042: 159763 160457 160486
 2043: 159786 160507 160529
 2044: 159792 160169 160176
 2045: 159870 159900 159951
 2046: 159958 161287 161328
 2047: 160011 160073 160115
 2048: 160021 161370 161372
 2049: 160064 161277 161287
 2050: 160079 161372 161537
 2051: 160165 160529 160554
 2052: 160188 160644 160661
 2053: 160201 160486 160507
 2054: 160224 160661 161276
 2055: 160247 160572 160630
 2056: 160324 161276 161277
 2057: 160404 160554 160572
 2058: 160535 161554 161569
 2059: 160557 161550 161554
 2060: 160599 161537 161550
 2061: 160675 162371 162372
 2062: 160742 162298 162348
 2063: 160829 161328 161370
 2064: 160986 162348 162371
 2065: 161020 162372 162436
 2066: 161021 162436 162437
 2067: 161036 162149 162204
 2068: 161041 162088 162144
 2069: 161087 162144 162149
 2070: 161398 161569 161760
 2071: 161435 161760 161866
 2072: 161469 162437 162444
 2073: 161569 162204 162298
 2074: 161853 163167 163387
 2075: 161861 161866 162088
 2076: 162035 163124 163142
 2077: 162091 162755 162889
 2078: 162261 162444 162611
 2079: 162280 163142 163167
 2080: 162311 162889 162989
 2081: 162445 162611 162755
 2082: 162524 164265 164362
 2083: 162603 162989 163124
 2084: 162637 164207 164265
 2085: 162643 163943 164027
 2086: 162786 163880 163909
 2087: 163095 164044 164159
 2088: 163150 163387 163661
 2089: 163190 163852 163880
 2090: 163284 163764 163852
 2091: 163463 163661 163764
 2092: 163487 163909 163943
 2093: 163496 164159 164206
 2094: 163576 164027 164044
 2095: 163801 164366 164381
 2096: 164004 165060 165165
 2097: 164037 164940 164970
 2098: 164159 164362 164366
 2099: 164187 164206 164207
 2100: 164197 164381 164779
 2101: 164253 165332 165365
 2102: 164406 164814 164893
 2103: 164423 165939 165955
 2104: 164442 164970 165007
 2105: 164611 165281 165329
 2106: 164623 165165 165185
 2107: 164685 164779 164814
 2108: 164705 165007 165060
 2109: 164775 165241 165281
 2110: 164776 164893 164940
 2111: 164948 165329 165332
 2112: 164979 166082 166087
 2113: 165037 166087 166202
 2114: 165061 165232 165241
 2115: 165090 165929 165939
 2116: 165112 165185 165232
 2117: 165149 166202 166220
 2118: 165182 165365 165748
 2119: 165237 165748 165752
 2120: 165256 165924 165929
 2121: 165315 165955 165967
 2122: 165334 166220 166237
 2123: 165461 165752 165883
 2124: 165578 165883 165924
 2125: 165612 166933 166934
 2126: 165929 165967 166082
 2127: 166036 166425 166454
 2128: 166092 166237 166425
 2129: 166140 166924 166933
 2130: 166153 166843 166924
 2131: 166171 166454 166545
 2132: 166249 166567 166738
 2133: 166308 167690 167728
 2134: 166326 167649 167669
 2135: 166397 166545 166567
 2136: 166448 167432 167585
 2137: 166578 166766 166843
 2138: 166601 166738 166766
 2139: 166616 167678 167681
 2140: 166621 167111 167191
 2141: 166774 167681 167690
 2142: 166902 166934 167111
 2143: 166938 167191 167393
 2144: 167140 168347 168573
 2145: 167152 167585 167649
 2146: 167233 168081 168090
 2147: 167287 167393 167432
 2148: 167636 167669 167678
 2149: 167665 167728 167918
 2150: 167676 168625 168652
 2151: 167754 168330 168347
 2152: 167761 168090 168185
 2153: 167793 168015 168081
 2154: 167802 168185 168252
 2155: 167844 169363 169410
 2156: 167851 167918 168015
 2157: 167871 168580 168625
 2158: 168075 168252 168330
 2159: 168097 168573 168580
 2160: 168145 169115 169170
 2161: 168389 169410 169452
 2162: 168509 168813 169115
 2163: 168553 168652 168802
 2164: 168611 168802 168813
 2165: 168998 169983 169994
 2166: 169092 169928 169954
 2167: 169120 170053 170128
 2168: 169129 169957 169983
 2169: 169144 169170 169363
 2170: 169161 169791 169928
 2171: 169200 169452 169615
 2172: 169387 169954 169957
 2173: 169405 170139 170166
 2174: 169427 169615 169791
 2175: 169522 170014 170053
 2176: 169694 169994 169995
 2177: 169852 169995 170011
 2178: 169864 170660 170688
 2179: 169914 170012 170014
 2180: 169922 170439 170538
 2181: 169958 170128 170139
 2182: 169967 170011 170012
 2183: 170044 170688 170782
 2184: 170078 170139 170139
 2185: 170125 170166 170439
 2186: 170168 171682 171699
 2187: 170329 170543 170660
 2188: 170384 170782 170921
 2189: 170401 171598 171606
 2190: 170465 171752 171756
 2191: 170520 170538 170543
 2192: 170591 171135 171227
 2193: 170605 171500 171598
 2194: 170704 171403 171485
 2195: 170752 171639 171667
 2196: 170763 171667 171682
 2197: 170846 170921 171089
 2198: 170907 171089 171135
 2199: 170959 171699 171752
 2200: 170970 171777 171794
 2201: 171023 171227 171403
 2202: 171164 172238 172371
 2203: 171375 172393 172396
 2204: 171425 172467 172612
 2205: 171437 172647 172695
 2206: 171443 171485 171500
 2207: 171502 172044 172063
 2208: 171508 171794 172044
 2209: 171556 171606 171639
 2210: 171592 171756 171777
 2211: 171673 172063 172238
 2212: 171799 172396 172433
 2213: 171917 172371 172393
 2214: 171994 172460 172467
 2215: 172021 173368 173409
 2216: 172044 173409 173438
 2217: 172078 172612 172647
 2218: 172095 172448 172460
 2219: 172145 173265 173325
 2220: 172191 173170 173265
 2221: 172301 173119 173170
 2222: 172329 172433 172448
 2223: 172350 172695 173024
 2224: 172352 173325 173351
 2225: 172370 173024 173047
 2226: 172455 173479 173502
 2227: 172678 173047 173119
 2228: 172695 173351 173368
 2229: 172846 173438 173479
 2230: 172849 174284 174289
 2231: 172925 173797 174147
 2232: 173234 174441 174456
 2233: 173276 174147 174268
 2234: 173303 173502 173542
 2235: 173469 173542 173692
 2236: 173530 173692 173797
 2237: 173558 175309 175328
 2238: 173850 175011 175014
 2239: 173874 174388 174441
 2240: 173899 174939 174943
 2241: 173942 175371 175422
 2242: 173976 174836 174842
 2243: 174022 175022 175030
 2244: 174032 174766 174784
 2245: 174074 174268 174284
 2246: 174126 174289 174388
 2247: 174176 174917 174939
 2248: 174181 175328 175371
 2249: 174265 174784 174836
 2250: 174400 175014 175022
 2251: 174412 174842 174847
 2252: 174431 174865 174917
 2253: 174454 174456 174664
 2254: 174455 174943 174997
 2255: 174474 174664 174766
 2256: 174476 175033 175123
 2257: 174500 174847 174855
 2258: 174504 175197 175199
 2259: 174798 175833 176198
 2260: 174804 174855 174865
 2261: 174838 175030 175033
 2262: 174887 175199 175309
 2263: 174892 174997 175011
 2264: 175003 175123 175197
 2265: 175217 175634 175781
 2266: 175245 176258 176298
 2267: 175304 175781 175833
 2268: 175328 175572 175634
 2269: 175393 175422 175572
 2270: 175725 176915 177102
 2271: 175869 176857 176864
 2272: 175883 176298 176461
 2273: 175978 177119 177131
 2274: 175998 177102 177118
 2275: 176076 176461 176487
 2276: 176142 176198 176258
 2277: 176153 176839 176857
 2278: 176241 177118 177119
 2279: 176278 176828 176839
 2280: 176333 176864 176915
 2281: 176430 176491 176735
 2282: 176452 176487 176491
 2283: 176574 178021 178088
 2284: 176727 176735 176828
 2285: 176836 177153 177624
 2286: 176917 177131 177153
 2287: 177016 177624 177720
 2288: 177172 178993 179046
 2289: 177198 178910 178955
 2290: 177270 178632 178652
 2291: 177317 178809 178828
 2292: 177411 177876 177983
 2293: 177455 178652 178706
 2294: 177509 178006 178021
 2295: 177521 177720 177876
 2296: 177645 178706 178761
 2297: 177694 177983 178006
 2298: 177744 178402 178570
 2299: 177997 178088 178190
 2300: 178048 178761 178809
 2301: 178115 178190 178234
 2302: 178201 178234 178402
 2303: 178259 178613 178632
 2304: 178285 178828 178910
 2305: 178328 178979 178993
 2306: 178368 178955 178979
 2307: 178451 179828 179887
 2308: 178452 179887 179899
 2309: 178559 178570 178613
 2310: 178575 178993 178993
 2311: 178683 179996 180010
 2312: 178752 179679 179771
 2313: 178760 179899 179921
 2314: 178861 179935 179948
 2315: 178878 179771 179777
 2316: 179000 179046 179213
 2317: 179038 179213 179531
 2318: 179048 180811 180943
 2319: 179051 179535 179588
 2320: 179163 179531 179535
 2321: 179195 179777 179828
 2322: 179231 179948 179996
 2323: 179259 179588 179607
 2324: 179270 179921 179935
 2325: 179493 179671 179679
 2326: 179586 179607 179671
 2327: 179655 180945 180963
 2328: 179699 180651 180704
 2329: 179789 180010 180522
 2330: 179971 180943 180945
 2331: 180000 180704 180719
 2332: 180031 180719 180811
 2333: 180172 181589 181641
 2334: 180315 181641 181645
 2335: 180319 181498 181589
 2336: 180392 181668 181676
 2337: 180487 180522 180651
 2338: 180549 181676 181791
 2339: 180665 181128 181274
 2340: 180671 181791 181797
 2341: 180749 181001 181128
 2342: 180796 181645 181668
 2343: 180901 180963 181001
 2344: 181136 181274 181465
 2345: 181179 182624 182628
 2346: 181217 182501 182522
 2347: 181283 182497 182501
 2348: 181346 181465 181489
 2349: 181347 181489 181498
 2350: 181440 181797 181841
 2351: 181547 181841 182098
 2352: 181577 182098 182241
 2353: 181907 182628 182656
 2354: 181978 182522 182534
 2355: 182037 182241 182455
 2356: 182211 183305 183357
 2357: 182261 183144 183179
 2358: 182306 183293 183305
 2359: 182332 182656 183144
 2360: 182424 182455 182497
 2361: 182448 183357 183445
 2362: 182500 182534 182624
 2363: 182642 183445 183479
 2364: 182668 184396 184405
 2365: 182720 183535 183541
 2366: 182959 183265 183293
 2367: 182991 183213 183265
 2368: 183092 183196 183213
 2369: 183107 183179 183196
 2370: 183116 184219 184262
 2371: 183120 183479 183535
 2372: 183319 184032 184076
 2373: 183356 183541 183911
 2374: 183475 184115 184219
 2375: 183592 183991 184032
 2376: 183633 185337 185343
 2377: 183703 184405 184460
 2378: 183908 183911 183991
 2379: 183928 184944 185075
 2380: 183980 185104 185165
 2381: 184006 184262 184296
 2382: 184075 184076 184115
 2383: 184128 184460 184471
 2384: 184239 184296 184396
 2385: 184243 184471 184908
 2386: 184434 185313 185337
 2387: 184476 184934 184944
 2388: 184523 186155 186167
 2389: 184546 185165 185253
 2390: 184616 186084 186117
 2391: 184682 185869 186029
 2392: 184717 185598 185869
 2393: 184788 186186 186192
 2394: 184844 186192 186201
 2395: 184859 185343 185381
 2396: 184867 184908 184934
 2397: 184987 186029 186052
 2398: 184992 185075 185104
 2399: 185069 186184 186186
 2400: 185083 186052 186052
 2401: 185114 185253 185313
 2402: 185227 186117 186128
 2403: 185290 185381 185598
 2404: 185358 186167 186184
 2405: 185397 187137 187138
 2406: 185466 186334 186347
 2407: 185630 186226 186334
 2408: 185684 186791 186841
 2409: 185816 187275 187300
 2410: 185849 187310 187336
 2411: 185855 186878 186887
 2412: 185905 186201 186226
 2413: 185918 186396 186791
 2414: 185933 186128 186155
 2415: 185970 186887 186981
 2416: 186023 186052 186084
 2417: 186069 186981 187055
 2418: 186123 187300 187310
 2419: 186181 187138 187233
 2420: 186334 186347 186396
 2421: 186362 186841 186870
 2422: 186584 187057 187137
 2423: 186630 186870 186878
 2424: 186723 187055 187057
 2425: 186776 187233 187275
 2426: 186802 187816 187921
 2427: 186858 188107 188118
 2428: 186905 187986 188021
 2429: 186936 187921 187986
 2430: 186987 188048 188065
 2431: 186988 187336 187338
 2432: 187035 187748 187816
 2433: 187061 188269 188315
 2434: 187116 188118 188169
 2435: 187123 187338 187722
 2436: 187239 187722 187748
 2437: 187390 188065 188067
 2438: 187463 188969 188972
 2439: 187480 188926 188960
 2440: 187551 188021 188048
 2441: 187590 188169 188246
 2442: 187617 188246 188269
 2443: 187707 188067 188107
 2444: 187781 189241 189255
 2445: 187823 189065 189172
 2446: 187936 188842 188848
 2447: 187946 189021 189051
 2448: 188153 188848 188866
 2449: 188172 188315 188842
 2450: 188195 188960 188969
 2451: 188336 189198 189241
 2452: 188439 189989 190015
 2453: 188558 188866 188926
 2454: 188561 189273 189299
 2455: 188654 189955 189960
 2456: 188748 189172 189177
 2457: 188812 189255 189273
 2458: 188816 188972 189021
 2459: 188937 189960 189989
 2460: 188966 189051 189065
 2461: 189093 189177 189198
 2462: 189179 190230 190251
 2463: 189211 189881 189921
 2464: 189247 189299 189881
 2465: 189253 189921 189955
 2466: 189436 190226 190228
 2467: 189530 189960 189960
 2468: 189607 190731 190750
 2469: 189609 189989 189989
 2470: 189662 190015 190046
 2471: 189694 191003 191032
 2472: 189847 190046 190226
 2473: 189869 190228 190230
 2474: 189886 191114 191202
 2475: 189958 190579 190731
 2476: 189984 190783 190823
 2477: 190058 190251 190278
 2478: 190095 190278 190280
 2479: 190164 190280 190486
 2480: 190226 190486 190579
 2481: 190268 190750 190783
 2482: 190339 191091 191114
 2483: 190350 190823 191003
 2484: 190430 191032 191087
 2485: 190652 191087 191091
 2486: 190843 191202 191443
 2487: 190881 191799 191935
 2488: 190900 191740 191799
 2489: 190996 191487 191578
 2490: 191090 191443 191487
 2491: 191342 192584 192719
 2492: 191456 191578 191740
 2493: 191788 192540 192554
 2494: 191852 191935 192137
 2495: 192075 192554 192584
 2496: 192098 192137 192346
 2497: 192170 193472 193596
 2498: 192226 192719 193472
 2499: 192237 192346 192540
SUM: 193596 193595 1.0000 753.26 675.83 1898
