    0:     1     1   454
    1:   317   454   686
    2:   798   798  1147
    3:  1265  1265  1270
    4:  1431  1431  1635
    5:  1452  1635  2164
    6:  1751  2164  2963
    7:  2212  3772  3886
    8:  2264  4232  4391
    9:  2316  4127  4173
   10:  2492  3886  3932
   11:  2803  4391  4444
   12:  2863  2963  3758
   13:  3265  3932  4127
   14:  3331  4611  4630
   15:  3530  4444  4611
   16:  3702  3758  3772
   17:  3980  4630  5213
   18:  4164  4173  4232
   19:  4489  5597  5608
   20:  4508  5549  5597
   21:  4868  5213  5544
   22:  5122  5544  5549
   23:  5516  5608  5697
   24:  5665  5757  5977
   25:  5690  5697  5734
   26:  5734  5734  5757
   27:  5913  5977  6661
   28:  6260  8107  8271
   29:  6560  6661  7279
   30:  6589  7279  8107
   31:  6939  8471  8511
   32:  6956  8331  8367
   33:  7312  8511  8512
   34:  7689  8367  8471
   35:  7744  8883  8901
   36:  7773  8901  8938
   37:  7990  8512  8674
   38:  8228  8271  8331
   39:  8319  8674  8883
   40:  8379  9560  9584
   41:  8593  8938  9560
   42:  9047  9955 10139
   43:  9257  9584  9955
   44:  9734 10914 10923
   45:  9950 10139 10914
   46:  9962 11033 11037
   47: 10171 10923 10961
   48: 10369 10961 11033
   49: 10602 11037 11053
   50: 10851 11053 11479
   51: 11325 11479 11499
   52: 11530 11530 11705
   53: 11593 11705 12211
   54: 11897 12211 12789
   55: 12230 12789 13207
   56: 12503 13207 13840
   57: 12973 14155 14200
   58: 13416 13840 14106
   59: 13447 14241 14585
   60: 13640 14200 14241
   61: 14068 14106 14155
   62: 14385 14585 15151
   63: 14621 15817 16726
   64: 14825 15809 15817
   65: 14918 15151 15784
   66: 15178 16823 16828
   67: 15412 15784 15809
   68: 15671 17186 17290
   69: 16083 16726 16823
   70: 16537 16828 17186
   71: 16967 17495 17840
   72: 17262 17290 17495
   73: 17719 17840 17861
   74: 17801 17861 18361
   75: 17961 19423 19536
   76: 18198 18361 19161
   77: 18680 19887 20680
   78: 18906 19161 19423
   79: 18978 19536 19847
   80: 19168 20812 20901
   81: 19554 19847 19887
   82: 19787 20680 20812
   83: 20206 21548 21557
   84: 20626 20901 21234
   85: 20685 21319 21320
   86: 20764 21320 21548
   87: 20868 21234 21319
   88: 21258 21557 22421
   89: 21372 23133 23245
   90: 21422 22765 22847
   91: 21672 22847 22875
   92: 22036 22480 22765
   93: 22380 22421 22480
   94: 22833 22875 23133
   95: 22857 24158 24413
   96: 22941 24867 24946
   97: 23038 24413 24760
   98: 23071 23245 24158
   99: 23383 24992 25031
  100: 23732 24760 24867
  101: 24061 24946 24982
  102: 24422 24982 24992
  103: 24726 25031 25433
  104: 25222 25433 25765
  105: 25449 25884 26746
  106: 25643 25765 25884
  107: 25979 26746 26769
  108: 26191 27001 27015
  109: 26341 26769 26985
  110: 26441 26985 27001
  111: 26752 27015 27020
  112: 26838 27020 27471
  113: 26841 27471 28051
  114: 27268 28367 28444
  115: 27342 28051 28367
  116: 27530 28483 28620
  117: 27737 29443 29481
  118: 28075 28620 29404
  119: 28379 28444 28483
  120: 28810 29404 29443
  121: 29193 29481 29632
  122: 29204 29632 29821
  123: 29389 29821 29827
  124: 29792 29827 30053
  125: 30182 30182 30848
  126: 30194 31236 31247
  127: 30382 30924 31039
  128: 30495 31039 31224
  129: 30714 30848 30924
  130: 30722 31247 31429
  131: 31041 31224 31236
  132: 31239 31429 31962
  133: 31487 31962 31984
  134: 31528 31984 32014
  135: 31902 32424 32853
  136: 31988 32014 32424
  137: 32088 32853 33605
  138: 32568 33836 33983
  139: 32889 33983 34178
  140: 33012 33684 33836
  141: 33399 33605 33684
  142: 33815 34884 34976
  143: 34051 34178 34884
  144: 34319 35724 35735
  145: 34391 34976 35378
  146: 34642 35378 35609
  147: 35118 35609 35724
  148: 35539 35735 36197
  149: 36029 36197 36672
  150: 36308 36672 36868
  151: 36744 36868 36870
  152: 36868 36870 37527
  153: 37332 37527 37662
  154: 37655 37662 38024
  155: 38144 38144 38469
  156: 38643 38643 38785
  157: 38728 38785 38862
  158: 39182 39182 39369
  159: 39629 39629 39827
  160: 39907 39907 40313
  161: 39909 40313 40334
  162: 40322 40334 41229
  163: 40804 41229 41514
  164: 41007 41514 41787
  165: 41306 41787 41810
  166: 41643 41810 42305
  167: 41993 42461 42757
  168: 42266 42305 42461
  169: 42333 43567 43649
  170: 42433 42757 43567
  171: 42480 43649 43652
  172: 42914 43652 43718
  173: 42930 43922 44231
  174: 43385 44231 44380
  175: 43498 43718 43922
  176: 43982 44380 45077
  177: 44247 45443 45643
  178: 44341 45077 45343
  179: 44575 45343 45443
  180: 44795 45643 46371
  181: 45077 46402 46420
  182: 45347 46482 46569
  183: 45369 46371 46393
  184: 45817 46468 46482
  185: 45961 46393 46402
  186: 46108 46569 46685
  187: 46257 46420 46468
  188: 46581 46685 46734
  189: 47053 47053 47280
  190: 47183 47280 47669
  191: 47198 47669 47728
  192: 47399 48000 48061
  193: 47413 48061 48090
  194: 47443 47728 47996
  195: 47538 47996 48000
  196: 47821 48090 48254
  197: 48131 48419 49229
  198: 48143 49643 49784
  199: 48244 48254 48419
  200: 48667 49440 49609
  201: 48678 49229 49261
  202: 49116 49261 49440
  203: 49270 49609 49643
  204: 49598 50900 50974
  205: 49641 49784 50037
  206: 49854 50037 50838
  207: 49929 51464 51551
  208: 50270 50838 50900
  209: 50481 51335 51464
  210: 50821 50974 51335
  211: 50945 51590 52211
  212: 51131 51551 51590
  213: 51311 52348 52359
  214: 51579 52359 52527
  215: 51739 52305 52348
  216: 51768 52211 52305
  217: 52032 52802 52896
  218: 52365 52527 52802
  219: 52595 52896 53505
  220: 52643 53703 53729
  221: 52765 53577 53703
  222: 53099 53533 53577
  223: 53276 53505 53533
  224: 53565 53729 53960
  225: 53614 53960 54480
  226: 53812 54480 54567
  227: 54067 54977 54989
  228: 54176 54989 55093
  229: 54260 54719 54977
  230: 54480 54567 54709
  231: 54552 54709 54719
  232: 54969 55093 55291
  233: 55186 55291 55464
  234: 55444 55464 55860
  235: 55858 55860 56145
  236: 56082 56145 56684
  237: 56151 56684 56729
  238: 56387 56729 57104
  239: 56623 57284 57904
  240: 56761 57104 57182
  241: 56918 57182 57284
  242: 57378 58464 58678
  243: 57600 57904 57990
  244: 57951 57990 58464
  245: 58400 59497 59560
  246: 58452 58678 59461
  247: 58774 59656 60355
  248: 59135 59461 59497
  249: 59356 59560 59656
  250: 59846 60355 61022
  251: 60273 61022 61180
  252: 60446 61572 61744
  253: 60721 61180 61572
  254: 60965 61744 62714
  255: 61404 63418 63457
  256: 61703 62714 62884
  257: 61924 62884 63209
  258: 61936 63457 63578
  259: 62266 63299 63418
  260: 62517 63209 63251
  261: 62954 63251 63299
  262: 63257 64136 64325
  263: 63531 63578 64136
  264: 63832 64422 64800
  265: 64117 64325 64390
  266: 64250 64800 65366
  267: 64258 64390 64422
  268: 64469 65366 65505
  269: 64688 65505 65852
  270: 64984 66708 66834
  271: 65325 66659 66708
  272: 65582 65852 66641
  273: 65938 67035 67055
  274: 65945 66834 66891
  275: 66079 66891 67035
  276: 66548 66641 66659
  277: 66612 67055 67063
  278: 66944 67063 67196
  279: 67383 67383 67795
  280: 67720 67795 67979
  281: 68146 68146 68638
  282: 68586 68638 68712
  283: 68866 68866 69431
  284: 69085 70065 71002
  285: 69195 71002 71032
  286: 69356 69431 70029
  287: 69468 71697 71837
  288: 69483 70029 70065
  289: 69672 71032 71046
  290: 69830 71458 71648
  291: 70113 71046 71255
  292: 70509 71683 71697
  293: 70910 71255 71458
  294: 71099 71648 71683
  295: 71463 71837 72619
  296: 71531 73130 73146
  297: 71540 72889 73017
  298: 71821 72619 72889
  299: 72267 73017 73130
  300: 72540 73292 73490
  301: 72984 74385 74681
  302: 73060 73146 73292
  303: 73301 73490 74323
  304: 73355 74681 74760
  305: 73560 74896 74987
  306: 73609 74760 74896
  307: 73884 74987 75025
  308: 74119 75025 75809
  309: 74206 74323 74385
  310: 74576 75985 76030
  311: 74722 76111 76121
  312: 74838 76053 76111
  313: 75227 76550 76595
  314: 75546 76121 76470
  315: 75728 75809 75985
  316: 76027 76030 76053
  317: 76346 76470 76550
  318: 76838 76838 77512
  319: 77261 77512 77543
  320: 77588 77588 77754
  321: 78013 78013 78509
  322: 78476 78509 78860
  323: 78751 78860 78865
  324: 78958 78958 79287
  325: 79235 79287 79858
  326: 79715 79858 80551
  327: 79955 80551 81205
  328: 80037 81205 81270
  329: 80534 81370 81813
  330: 81001 81270 81370
  331: 81497 81813 82082
  332: 81805 82149 82180
  333: 81949 82082 82149
  334: 82327 82327 82823
  335: 82674 82823 83100
  336: 82872 83100 83233
  337: 82956 83233 83456
  338: 83431 83456 83854
  339: 83792 83854 84208
  340: 84017 84208 84296
  341: 84279 84296 84429
  342: 84344 84429 84834
  343: 84648 85030 85122
  344: 84782 85122 85432
  345: 84832 84834 85030
  346: 85315 85432 85944
  347: 85684 85944 86434
  348: 86047 86733 87587
  349: 86140 87940 88044
  350: 86223 86434 86733
  351: 86673 88044 88122
  352: 86887 87587 87629
  353: 87331 87629 87940
  354: 87727 88122 88171
  355: 88101 88171 88539
  356: 88548 88548 88579
  357: 88876 88876 89126
  358: 89017 89126 89369
  359: 89177 89369 89654
  360: 89614 89654 89785
  361: 89993 89993 90413
  362: 90251 90413 90757
  363: 90464 90872 91241
  364: 90727 90757 90872
  365: 91092 91241 91692
  366: 91340 93053 93187
  367: 91469 91692 91924
  368: 91821 91924 92703
  369: 91976 92703 93053
  370: 92357 93212 93809
  371: 92728 93187 93212
  372: 92896 93809 94151
  373: 93237 94297 94369
  374: 93573 94711 95668
  375: 93660 94151 94297
  376: 93874 94568 94682
  377: 94069 94682 94696
  378: 94285 94369 94568
  379: 94381 94696 94711
  380: 94598 96582 96588
  381: 94927 96588 96595
  382: 95206 95926 96582
  383: 95636 95668 95926
  384: 95670 96595 97355
  385: 96051 97937 98015
  386: 96167 97551 97690
  387: 96412 97709 97754
  388: 96867 97355 97358
  389: 96963 97754 97767
  390: 97054 97358 97551
  391: 97121 97767 97795
  392: 97272 97690 97709
  393: 97552 97795 97920
  394: 97725 97920 97937
  395: 98075 98075 98126
  396: 98415 98415 98836
  397: 98772 98836 98956
  398: 98912 98956 99293
  399: 99164 99293 99520
  400: 99539 99539 99620
  401: 99631 99631 100346
  402: 100020 100346 100654
  403: 100298 100654 100668
  404: 100724 100724 100785
  405: 100861 100861 101577
  406: 100921 101577 101952
  407: 101245 101952 101967
  408: 101714 101967 102181
  409: 101796 102181 102254
  410: 102279 102279 102860
  411: 102313 102860 103077
  412: 102426 103077 103212
  413: 102871 103598 103710
  414: 103051 103212 103598
  415: 103481 103710 104107
  416: 103814 104651 105261
  417: 103863 104107 104441
  418: 104225 104573 104651
  419: 104294 104441 104573
  420: 104498 105480 105629
  421: 104805 105629 105745
  422: 105217 105261 105480
  423: 105695 105745 105979
  424: 105933 105979 106621
  425: 105958 106716 106943
  426: 106452 106943 107269
  427: 106499 106621 106716
  428: 106950 107269 108137
  429: 107313 109070 109283
  430: 107505 109573 109606
  431: 107694 108137 109070
  432: 108012 109379 109496
  433: 108262 109283 109379
  434: 108330 109606 109656
  435: 108800 109496 109564
  436: 108827 109564 109573
  437: 108866 109656 109898
  438: 109277 109898 110743
  439: 109600 110856 111008
  440: 109680 111008 111404
  441: 110053 110743 110856
  442: 110461 111428 111549
  443: 110645 111404 111428
  444: 111060 111549 112295
  445: 111554 112295 112414
  446: 111897 112523 112568
  447: 112031 112414 112523
  448: 112456 112568 112970
  449: 112799 112970 113187
  450: 113004 113187 113545
  451: 113272 114163 114618
  452: 113366 114618 114767
  453: 113540 113545 114163
  454: 113867 114966 115148
  455: 114024 114767 114966
  456: 114371 115148 116083
  457: 114854 116357 116535
  458: 115307 116247 116357
  459: 115425 116535 116758
  460: 115641 116083 116247
  461: 116118 116758 117374
  462: 116416 117389 117477
  463: 116639 117662 117702
  464: 117137 117374 117389
  465: 117356 117477 117662
  466: 117740 117740 118267
  467: 118179 118267 118286
  468: 118476 118476 119205
  469: 118961 119205 119227
  470: 119074 119227 119262
  471: 119108 119262 119900
  472: 119282 119900 120788
  473: 119501 120788 121009
  474: 119687 121009 121429
  475: 120184 121429 121560
  476: 120636 121560 121702
  477: 121101 122767 122809
  478: 121188 122593 122686
  479: 121664 121702 122479
  480: 121922 122686 122699
  481: 122213 122479 122593
  482: 122398 122699 122767
  483: 122520 122809 123273
  484: 122865 123273 124023
  485: 122974 124671 124724
  486: 123225 124088 124093
  487: 123646 124504 124660
  488: 123807 124023 124088
  489: 123862 124093 124504
  490: 124341 124724 125535
  491: 124593 124660 124671
  492: 124621 125765 125866
  493: 124805 125535 125661
  494: 125214 125661 125751
  495: 125416 125751 125765
  496: 125774 125866 126418
  497: 126086 126418 127320
  498: 126311 127957 128103
  499: 126338 127320 127375
  500: 126382 127380 127507
  501: 126413 127791 127824
  502: 126694 128119 128137
  503: 126917 128103 128119
  504: 127010 127507 127791
  505: 127302 127375 127380
  506: 127635 128137 128949
  507: 127642 127824 127957
  508: 127907 129222 129239
  509: 128386 128949 129207
  510: 128738 129207 129222
  511: 129081 129239 129279
  512: 129259 129279 129388
  513: 129514 129514 130009
  514: 129606 130009 130250
  515: 130082 130250 130545
  516: 130503 130545 130802
  517: 130935 130935 131326
  518: 131395 131395 131489
  519: 131542 131542 131745
  520: 131978 131978 132749
  521: 132107 133590 133624
  522: 132594 132749 133357
  523: 132726 133357 133590
  524: 133053 133624 133939
  525: 133481 133939 134077
  526: 133776 134077 134260
  527: 134169 134260 134662
  528: 134598 134662 135311
  529: 134976 135311 135565
  530: 135409 135565 136232
  531: 135568 136232 136248
  532: 135660 136281 136923
  533: 135984 137208 137303
  534: 136190 136248 136281
  535: 136375 137097 137100
  536: 136385 137580 137717
  537: 136519 136923 137097
  538: 136608 137303 137580
  539: 137083 137100 137208
  540: 137399 137717 138317
  541: 137896 139878 139972
  542: 137946 138404 138948
  543: 137966 138317 138404
  544: 138317 138984 139878
  545: 138450 139972 140207
  546: 138652 138948 138984
  547: 138723 140369 140382
  548: 138773 140382 140587
  549: 138818 140255 140307
  550: 139095 140207 140255
  551: 139500 140347 140369
  552: 139687 140613 141352
  553: 140122 140307 140347
  554: 140551 140587 140613
  555: 141030 141352 141763
  556: 141097 141763 142225
  557: 141433 142225 142944
  558: 141882 143311 143422
  559: 142199 142944 143311
  560: 142598 143422 143613
  561: 142607 144519 144561
  562: 143050 143695 144519
  563: 143447 143613 143695
  564: 143926 145082 145243
  565: 144176 144670 144871
  566: 144350 144561 144670
  567: 144395 144871 145082
  568: 144592 145243 145319
  569: 144732 146040 146053
  570: 145123 145319 146040
  571: 145496 146591 146718
  572: 145594 146053 146220
  573: 145671 146735 147574
  574: 145739 146220 146591
  575: 146089 146718 146735
  576: 146438 148062 148197
  577: 146509 147574 148062
  578: 146951 148319 148415
  579: 147237 148197 148319
  580: 147649 148415 149278
  581: 147827 149278 149378
  582: 148021 149628 149653
  583: 148472 149970 149988
  584: 148678 149378 149388
  585: 148698 149388 149401
  586: 148911 149988 149992
  587: 148970 149653 149828
  588: 149076 149401 149477
  589: 149437 149477 149552
  590: 149471 149552 149628
  591: 149614 149828 149970
  592: 149687 151112 151147
  593: 149863 149992 150750
  594: 150047 151147 151646
  595: 150484 150750 150913
  596: 150486 150913 150953
  597: 150671 150953 151112
  598: 151013 152616 152650
  599: 151103 151646 152474
  600: 151333 152474 152597
  601: 151482 153262 153265
  602: 151489 152650 152793
  603: 151747 152597 152601
  604: 152094 152601 152616
  605: 152382 152793 153138
  606: 152715 153189 153238
  607: 152981 153138 153189
  608: 153127 153238 153262
  609: 153550 153550 153777
  610: 153958 153958 154018
  611: 154387 154387 154484
  612: 154866 154866 155455
  613: 154973 155620 155868
  614: 155226 155455 155620
  615: 155598 155868 156194
  616: 155908 156194 157119
  617: 156338 157513 157708
  618: 156570 157234 157452
  619: 157001 157119 157234
  620: 157311 157452 157513
  621: 157773 157773 158118
  622: 157925 158118 158287
  623: 157977 158287 158428
  624: 158150 158428 158782
  625: 158281 159612 159652
  626: 158619 158782 159612
  627: 159111 159690 160126
  628: 159288 159652 159690
  629: 159429 160126 160353
  630: 159728 160353 161188
  631: 160146 161188 161379
  632: 160184 161788 161857
  633: 160612 161379 161701
  634: 160651 161858 161878
  635: 161002 161857 161858
  636: 161082 161701 161788
  637: 161577 162841 162870
  638: 161621 161878 162501
  639: 161654 162736 162841
  640: 161679 162501 162736
  641: 161979 163057 163134
  642: 162206 162870 162992
  643: 162390 163134 163217
  644: 162784 162992 163057
  645: 163122 163217 163640
  646: 163463 163640 163765
  647: 163768 163768 164015
  648: 163874 164015 164309
  649: 164026 164767 165050
  650: 164119 164309 164767
  651: 164616 165050 165106
  652: 164936 165106 165742
  653: 165343 167129 167188
  654: 165384 167228 167341
  655: 165468 165742 166592
  656: 165575 167188 167228
  657: 166007 166692 167129
  658: 166186 166606 166692
  659: 166428 166592 166606
  660: 166872 167341 168061
  661: 167141 168061 168470
  662: 167480 168870 169693
  663: 167647 168704 168792
  664: 167955 168470 168538
  665: 168049 168538 168704
  666: 168374 169693 169726
  667: 168452 169796 169836
  668: 168536 168792 168870
  669: 168548 169736 169795
  670: 168976 169726 169736
  671: 169169 169836 170056
  672: 169651 169795 169796
  673: 170023 170056 170306
  674: 170267 170306 170397
  675: 170502 170502 170648
  676: 170700 170700 171066
  677: 171175 171175 171241
  678: 171256 171256 171465
  679: 171742 171742 172237
  680: 172206 172237 172857
  681: 172500 172857 173275
  682: 172672 173275 173441
  683: 173108 173441 173673
  684: 173467 173673 174056
  685: 173850 175041 175221
  686: 173895 174056 174798
  687: 174220 176410 176436
  688: 174424 174798 175041
  689: 174613 175495 175541
  690: 174928 175221 175495
  691: 175066 175541 176410
  692: 175498 176462 176610
  693: 175551 177280 178151
  694: 175808 176436 176462
  695: 176213 176782 176826
  696: 176334 176610 176782
  697: 176346 176826 176970
  698: 176419 177269 177280
  699: 176470 176970 177250
  700: 176868 177250 177252
  701: 177090 177252 177269
  702: 177103 178151 178222
  703: 177574 178446 178559
  704: 177822 178252 178446
  705: 177988 178222 178252
  706: 178075 178559 178734
  707: 178154 178734 179305
  708: 178574 179305 179531
  709: 178608 179531 179622
  710: 178781 180093 180146
  711: 179181 179696 179856
  712: 179321 179856 180093
  713: 179410 179622 179696
  714: 179773 180146 180743
  715: 179922 180816 180983
  716: 179999 180983 181206
  717: 180205 181206 181771
  718: 180628 180743 180816
  719: 180936 181771 181933
  720: 181275 182445 182542
  721: 181511 182222 182445
  722: 181792 181933 182222
  723: 182240 182542 183090
  724: 182690 183090 183652
  725: 183071 183652 184371
  726: 183494 184371 184688
  727: 183913 185928 185937
  728: 184109 184985 185827
  729: 184389 185866 185928
  730: 184540 184688 184985
  731: 184862 186263 186267
  732: 185166 185827 185866
  733: 185487 186068 186263
  734: 185694 185937 186068
  735: 186094 186267 186630
  736: 186201 186630 186809
  737: 186677 186809 187313
  738: 187131 187343 187384
  739: 187223 187313 187343
  740: 187631 187631 187729
  741: 187660 187729 188012
  742: 187917 188012 188245
  743: 188315 188315 188325
  744: 188774 188774 189324
  745: 188789 190526 190545
  746: 188899 189324 189642
  747: 189241 189642 189797
  748: 189609 190545 190649
  749: 189752 189797 190475
  750: 190046 191196 191981
  751: 190171 190649 191126
  752: 190353 190475 190526
  753: 190645 192128 192167
  754: 190673 192230 192663
  755: 190716 191126 191196
  756: 191076 191981 192037
  757: 191346 192069 192128
  758: 191368 192167 192230
  759: 191441 192812 192856
  760: 191790 192037 192069
  761: 191884 192766 192812
  762: 192311 192663 192766
  763: 192687 194236 194329
  764: 192788 192856 193779
  765: 193160 194329 194531
  766: 193226 194600 194735
  767: 193525 193923 194236
  768: 193626 193779 193923
  769: 194013 194735 195472
  770: 194492 194531 194600
  771: 194560 195890 195892
  772: 194564 195472 195890
  773: 195023 195929 196591
  774: 195032 196591 196600
  775: 195042 195892 195929
  776: 195163 196634 196747
  777: 195482 196600 196634
  778: 195525 196826 196929
  779: 195870 196747 196826
  780: 196087 196929 196973
  781: 196129 196973 197104
  782: 196347 197176 197221
  783: 196381 197104 197176
  784: 196817 197221 197380
  785: 197268 197380 197394
  786: 197621 197621 198412
  787: 197876 198803 199090
  788: 198235 198412 198803
  789: 198622 199090 199110
  790: 198870 199113 199169
  791: 199097 199110 199113
  792: 199101 199169 199869
  793: 199521 200161 200263
  794: 199787 199869 200161
  795: 200250 200263 200744
  796: 200487 201804 201889
  797: 200691 200744 201554
  798: 200973 202386 203329
  799: 200990 201554 201804
  800: 201467 202232 202258
  801: 201527 202258 202386
  802: 201716 201889 202232
  803: 202072 203797 204088
  804: 202379 203690 203730
  805: 202532 203329 203690
  806: 202986 204892 204935
  807: 203196 204088 204892
  808: 203641 203730 203797
  809: 203889 205270 205310
  810: 204343 205310 205311
  811: 204540 204935 205270
  812: 205001 205376 205692
  813: 205273 205311 205376
  814: 205701 205701 205925
  815: 206152 206152 206382
  816: 206375 206382 207169
  817: 206777 207169 207972
  818: 207209 208319 208358
  819: 207528 207972 208319
  820: 208014 208358 208785
  821: 208460 208785 208850
  822: 208958 208958 209524
  823: 209402 209524 210096
  824: 209819 210096 210597
  825: 209974 210946 210955
  826: 210380 210597 210918
  827: 210444 210918 210946
  828: 210700 211810 212114
  829: 210813 211569 211810
  830: 210942 210955 211569
  831: 211033 212114 212146
  832: 211111 212146 212428
  833: 211378 212428 213396
  834: 211633 213495 213550
  835: 211884 213830 213858
  836: 211945 213735 213772
  837: 212128 213396 213495
  838: 212485 213550 213630
  839: 212489 213919 213925
  840: 212810 213630 213695
  841: 212957 213799 213830
  842: 212972 213795 213799
  843: 213068 213858 213919
  844: 213119 213772 213795
  845: 213577 213695 213735
  846: 213852 214083 214691
  847: 213886 213925 214083
  848: 213931 215193 215196
  849: 214296 214826 215193
  850: 214686 214691 214826
  851: 214729 215196 215496
  852: 215046 216716 216781
  853: 215060 216523 216676
  854: 215415 215496 216364
  855: 215865 216676 216681
  856: 216044 216364 216523
  857: 216449 216681 216716
  858: 216760 216781 217231
  859: 217227 217231 217952
  860: 217439 217952 218078
  861: 217482 218078 218204
  862: 217959 218204 219025
  863: 218302 219606 220298
  864: 218683 219025 219288
  865: 219007 219288 219415
  866: 219335 219415 219606
  867: 219561 220298 220544
  868: 219657 220544 220734
  869: 219978 221133 221157
  870: 220237 220734 220797
  871: 220367 220797 221133
  872: 220737 221157 221989
  873: 220872 222166 222282
  874: 220910 222096 222123
  875: 220956 222282 222420
  876: 220986 222087 222096
  877: 221227 222627 223324
  878: 221395 222018 222087
  879: 221425 221989 222018
  880: 221720 222420 222627
  881: 222044 222123 222166
  882: 222268 223324 223414
  883: 222538 223496 223953
  884: 222830 223418 223496
  885: 223104 223414 223418
  886: 223469 223953 224120
  887: 223963 224120 224456
  888: 224404 224456 224669
  889: 224824 224824 225524
  890: 225058 226141 226360
  891: 225290 225524 225956
  892: 225346 226360 226376
  893: 225617 227120 227367
  894: 225677 225956 226033
  895: 225954 226033 226141
  896: 226112 226376 227120
  897: 226594 227422 227682
  898: 226748 227367 227422
  899: 226952 227682 227812
  900: 227298 227812 227874
  901: 227300 227909 228478
  902: 227684 227874 227909
  903: 228133 228478 228706
  904: 228260 228778 228793
  905: 228566 228706 228778
  906: 228902 228902 229561
  907: 229029 229632 230268
  908: 229044 230276 230280
  909: 229163 229561 229632
  910: 229365 230268 230276
  911: 229797 230589 230822
  912: 230212 230280 230589
  913: 230367 231339 231468
  914: 230817 230822 231338
  915: 230833 231588 231991
  916: 230939 231468 231588
  917: 231254 231338 231339
  918: 231432 232902 232939
  919: 231664 231991 232753
  920: 232114 232753 232845
  921: 232500 233216 233635
  922: 232723 232939 233216
  923: 232729 232845 232902
  924: 233130 233635 234452
  925: 233457 234667 234887
  926: 233472 234520 234667
  927: 233772 235060 235149
  928: 234207 235149 235201
  929: 234306 234887 235060
  930: 234366 234452 234520
  931: 234682 235848 235918
  932: 235027 235201 235848
  933: 235299 237417 237456
  934: 235574 236505 237417
  935: 235648 235918 236034
  936: 235749 236233 236505
  937: 235965 236034 236233
  938: 236207 237695 237852
  939: 236656 237456 237695
  940: 236960 237852 237960
  941: 237404 237960 238047
  942: 237871 238047 238198
  943: 238121 238198 238513
  944: 238322 238513 238615
  945: 238610 238615 238793
  946: 239077 239077 239390
  947: 239507 239507 239922
  948: 239745 239922 240141
  949: 240083 240141 240519
  950: 240292 240519 241316
  951: 240532 242390 242598
  952: 240907 241316 241406
  953: 241043 242149 242212
  954: 241224 241406 242149
  955: 241486 242638 242949
  956: 241850 242212 242390
  957: 242157 242598 242638
  958: 242609 242949 243804
  959: 242842 243804 243994
  960: 243252 244443 245155
  961: 243669 244423 244443
  962: 243798 243994 244382
  963: 243990 244382 244423
  964: 244042 245155 245171
  965: 244426 245533 245635
  966: 244870 245171 245361
  967: 244944 245641 245749
  968: 245028 245361 245533
  969: 245466 245635 245641
  970: 245764 245764 246000
  971: 246017 246017 246094
  972: 246426 246426 246630
  973: 246921 246921 247523
  974: 247041 248681 248867
  975: 247058 247668 248473
  976: 247310 247523 247668
  977: 247721 249082 249173
  978: 248004 248473 248617
  979: 248255 248867 249082
  980: 248390 248617 248681
  981: 248489 249173 249776
  982: 248751 249776 249964
  983: 249152 250295 250308
  984: 249538 249986 250295
  985: 249651 249964 249986
  986: 249693 250308 250348
  987: 250042 250348 250520
  988: 250470 250520 250735
  989: 250785 250785 251375
  990: 250859 251930 251940
  991: 250941 251375 251930
  992: 251209 252254 252264
  993: 251419 252264 253149
  994: 251518 251940 252200
  995: 251907 253481 253516
  996: 252006 252200 252254
  997: 252322 253691 253769
  998: 252486 253284 253481
  999: 252695 253149 253149
 1000: 252754 253516 253691
 1001: 252992 253149 253249
 1002: 253182 253787 254352
 1003: 253237 253249 253284
 1004: 253671 253769 253787
 1005: 253841 255121 256048
 1006: 254045 254352 254682
 1007: 254383 255007 255121
 1008: 254631 256048 256128
 1009: 254657 254682 254872
 1010: 254670 254872 255007
 1011: 254754 256172 256254
 1012: 255160 256756 256833
 1013: 255635 256128 256172
 1014: 255756 256390 256399
 1015: 255880 256254 256390
 1016: 255889 256429 256756
 1017: 256172 256399 256429
 1018: 256625 256833 256959
 1019: 256945 256959 257057
 1020: 257155 257155 257361
 1021: 257553 257553 257704
 1022: 257798 257798 258155
 1023: 258187 258187 258701
 1024: 258474 258701 258857
 1025: 258817 258857 259088
 1026: 259149 259149 259405
 1027: 259563 259563 259942
 1028: 259894 259942 260244
 1029: 260205 260244 260370
 1030: 260281 260370 260402
 1031: 260415 260415 261118
 1032: 260716 261457 261783
 1033: 261002 261118 261457
 1034: 261259 262786 262864
 1035: 261403 261783 261884
 1036: 261502 261884 262735
 1037: 261887 263218 263339
 1038: 262167 263017 263199
 1039: 262506 262735 262786
 1040: 262697 262864 263017
 1041: 263067 263339 263980
 1042: 263180 263199 263218
 1043: 263444 264564 264822
 1044: 263619 263980 264085
 1045: 264018 264085 264435
 1046: 264032 264822 265646
 1047: 264370 264435 264564
 1048: 264822 265709 265831
 1049: 264894 265831 265999
 1050: 265128 265999 266013
 1051: 265307 266013 266247
 1052: 265567 265646 265709
 1053: 265746 266900 266919
 1054: 266086 266247 266875
 1055: 266197 266875 266900
 1056: 266401 267723 267800
 1057: 266459 266919 267472
 1058: 266726 267472 267481
 1059: 266990 267481 267723
 1060: 267390 268922 268947
 1061: 267587 269444 269450
 1062: 267785 267800 268692
 1063: 268017 268704 268922
 1064: 268180 269187 269230
 1065: 268542 269230 269414
 1066: 268565 268692 268704
 1067: 268797 268947 269187
 1068: 268905 269414 269444
 1069: 269232 269450 269517
 1070: 269665 269665 269684
 1071: 270148 270148 270751
 1072: 270570 270751 270945
 1073: 271028 271028 271328
 1074: 271392 271392 271456
 1075: 271527 271527 271613
 1076: 271915 271915 272050
 1077: 272097 272097 272590
 1078: 272467 272590 273247
 1079: 272706 273247 274009
 1080: 272927 274009 274145
 1081: 273360 274382 274430
 1082: 273505 274145 274271
 1083: 273535 274430 274448
 1084: 273614 274448 274655
 1085: 273818 274655 275345
 1086: 274115 274271 274315
 1087: 274266 274315 274382
 1088: 274495 275509 275539
 1089: 274908 275418 275509
 1090: 275241 275345 275418
 1091: 275602 275602 275826
 1092: 275985 275985 276341
 1093: 276294 276341 276764
 1094: 276754 276764 277175
 1095: 277044 277175 277440
 1096: 277196 277440 277523
 1097: 277624 277624 277774
 1098: 278014 278014 278334
 1099: 278068 278334 278356
 1100: 278385 278385 278807
 1101: 278868 278868 279154
 1102: 279315 279315 279353
 1103: 279652 279652 279736
 1104: 279897 279897 280045
 1105: 280168 280168 280511
 1106: 280468 280511 280619
 1107: 280769 280769 280872
 1108: 280946 280946 281091
 1109: 281386 281386 281438
 1110: 281548 281548 281734
 1111: 281868 281868 282037
 1112: 282323 282323 282456
 1113: 282438 282456 282649
 1114: 282646 282649 283002
 1115: 282961 283002 283287
 1116: 283389 283389 283933
 1117: 283532 283933 284088
 1118: 283966 284088 284298
 1119: 284019 284298 284900
 1120: 284251 284900 285190
 1121: 284511 285190 285773
 1122: 284969 285773 285831
 1123: 285187 285831 285979
 1124: 285362 285979 286025
 1125: 285637 286025 286382
 1126: 286028 286400 286901
 1127: 286182 286382 286400
 1128: 286528 286901 287247
 1129: 286721 288164 288258
 1130: 287160 287445 288164
 1131: 287243 287247 287445
 1132: 287551 288258 288599
 1133: 287796 288599 288633
 1134: 288004 288633 288743
 1135: 288428 288743 289028
 1136: 288552 289743 289947
 1137: 289027 289028 289743
 1138: 289275 289947 289966
 1139: 289495 289966 290425
 1140: 289850 290458 290569
 1141: 290113 290569 291068
 1142: 290207 291151 291410
 1143: 290302 290425 290458
 1144: 290490 291068 291151
 1145: 290988 292136 292177
 1146: 291286 291410 292083
 1147: 291784 292083 292136
 1148: 292092 292177 292407
 1149: 292444 292444 292896
 1150: 292487 292896 293416
 1151: 292946 293731 294265
 1152: 293410 293416 293731
 1153: 293662 294265 294355
 1154: 293792 294355 294877
 1155: 293930 294877 294902
 1156: 294401 296406 296415
 1157: 294635 294902 295743
 1158: 294955 295885 296271
 1159: 294963 297299 297305
 1160: 295082 296461 297299
 1161: 295220 296415 296448
 1162: 295308 295743 295885
 1163: 295336 296372 296406
 1164: 295717 296271 296372
 1165: 296132 296448 296461
 1166: 296291 297982 298038
 1167: 296385 297305 297534
 1168: 296696 297534 297982
 1169: 297033 298038 298172
 1170: 297355 298172 298240
 1171: 297785 298933 299121
 1172: 298164 298240 298863
 1173: 298524 298863 298933
 1174: 299020 299121 299270
 1175: 299230 299270 299775
 1176: 299605 299775 300241
 1177: 299640 300241 300471
 1178: 300127 300471 301272
 1179: 300489 301702 301883
 1180: 300934 301354 301702
 1181: 301228 301272 301354
 1182: 301382 301883 301924
 1183: 301611 301924 302078
 1184: 301848 302078 302876
 1185: 302257 304586 304704
 1186: 302302 303414 303421
 1187: 302657 303421 303590
 1188: 302663 302876 303173
 1189: 302788 303665 304586
 1190: 302874 303173 303414
 1191: 302992 303590 303665
 1192: 303178 304809 304891
 1193: 303605 304911 304931
 1194: 303823 305032 305163
 1195: 303867 304891 304911
 1196: 303936 305163 305261
 1197: 304205 304931 305032
 1198: 304434 305519 306456
 1199: 304625 305480 305519
 1200: 304693 304704 304787
 1201: 304722 304787 304809
 1202: 305164 305261 305352
 1203: 305202 305352 305480
 1204: 305303 306613 306786
 1205: 305754 306786 306833
 1206: 305756 306456 306597
 1207: 305906 306833 306834
 1208: 306131 306597 306613
 1209: 306494 306834 307345
 1210: 306862 307475 307532
 1211: 306971 307532 307593
 1212: 307218 307345 307475
 1213: 307381 307593 307672
 1214: 307760 307760 308004
 1215: 308206 308206 308390
 1216: 308664 308664 308720
 1217: 308725 308725 308874
 1218: 309086 309086 309688
 1219: 309436 309688 310414
 1220: 309701 310805 310874
 1221: 309852 310414 310805
 1222: 310225 310874 310876
 1223: 310682 310876 311285
 1224: 311063 311589 311731
 1225: 311106 311285 311589
 1226: 311335 312043 312692
 1227: 311524 311795 312043
 1228: 311557 311731 311795
 1229: 312013 313191 313211
 1230: 312222 312723 313191
 1231: 312582 312692 312723
 1232: 312961 313229 313231
 1233: 313031 313231 313595
 1234: 313055 313211 313229
 1235: 313259 313595 313693
 1236: 313483 313693 313828
 1237: 313541 314615 314674
 1238: 313701 313828 314510
 1239: 313898 314510 314563
 1240: 314236 314674 314961
 1241: 314529 314563 314615
 1242: 314924 314961 315446
 1243: 314971 316976 317255
 1244: 315309 315446 316406
 1245: 315650 316406 316495
 1246: 316057 316699 316804
 1247: 316274 316865 316972
 1248: 316400 316972 316976
 1249: 316428 316495 316699
 1250: 316639 316804 316865
 1251: 317080 317255 317272
 1252: 317171 317272 318146
 1253: 317207 318614 318650
 1254: 317224 318325 318614
 1255: 317519 318650 318858
 1256: 317996 318146 318325
 1257: 318421 318858 318891
 1258: 318495 318972 319092
 1259: 318797 318891 318972
 1260: 319275 319275 319932
 1261: 319737 319932 320414
 1262: 320085 320594 321184
 1263: 320258 320414 320594
 1264: 320728 321188 321227
 1265: 320855 321184 321188
 1266: 321291 321291 321557
 1267: 321411 321732 321989
 1268: 321481 321557 321732
 1269: 321761 321989 322108
 1270: 322152 322152 322174
 1271: 322596 322596 323180
 1272: 322763 323180 323183
 1273: 323005 323183 323439
 1274: 323349 323439 323834
 1275: 323504 323982 324390
 1276: 323693 323834 323982
 1277: 323901 324510 325198
 1278: 324200 324390 324510
 1279: 324215 325406 325663
 1280: 324300 325271 325406
 1281: 324754 325786 326407
 1282: 324966 325198 325271
 1283: 325017 325663 325686
 1284: 325249 325686 325786
 1285: 325619 326407 326611
 1286: 326029 326611 326994
 1287: 326523 326994 327470
 1288: 326709 327470 327788
 1289: 327029 329169 329177
 1290: 327310 328259 328269
 1291: 327664 328109 328259
 1292: 327760 329181 329242
 1293: 327772 327788 328109
 1294: 328219 328269 329169
 1295: 328387 329177 329181
 1296: 328557 329330 329361
 1297: 328613 329361 329880
 1298: 328811 329242 329330
 1299: 328976 329880 329978
 1300: 329417 329978 330767
 1301: 329474 331345 331395
 1302: 329827 330773 330795
 1303: 330257 330767 330773
 1304: 330545 330834 331195
 1305: 330617 330795 330834
 1306: 330845 331395 331547
 1307: 330888 331195 331345
 1308: 331379 331547 332291
 1309: 331602 332967 333059
 1310: 331685 332787 332967
 1311: 332157 332291 332688
 1312: 332174 333059 333879
 1313: 332310 334233 334254
 1314: 332447 332688 332787
 1315: 332595 333914 333978
 1316: 332935 334210 334233
 1317: 333365 333978 334210
 1318: 333622 334505 334542
 1319: 333857 333879 333914
 1320: 333969 334254 334438
 1321: 334086 334438 334505
 1322: 334322 334542 334940
 1323: 334490 334940 335073
 1324: 334707 335225 335402
 1325: 334874 335073 335218
 1326: 335160 335402 335905
 1327: 335215 335218 335225
 1328: 335385 335963 336007
 1329: 335406 336007 336240
 1330: 335902 335905 335963
 1331: 336289 336289 336347
 1332: 336666 336666 336704
 1333: 336699 336704 337070
 1334: 336879 337070 337337
 1335: 337061 337337 337385
 1336: 337139 337385 337400
 1337: 337274 337400 337429
 1338: 337737 337737 337758
 1339: 337781 337781 338029
 1340: 337979 338029 338093
 1341: 338461 338461 339006
 1342: 338815 339006 339901
 1343: 339104 340546 341216
 1344: 339334 340279 340448
 1345: 339668 339901 340279
 1346: 340150 341610 341611
 1347: 340215 340448 340546
 1348: 340257 341216 341362
 1349: 340753 341524 341610
 1350: 341121 341362 341524
 1351: 341137 341611 342060
 1352: 341618 342060 342650
 1353: 341880 343210 343234
 1354: 342337 342658 342960
 1355: 342462 342650 342658
 1356: 342482 343234 343906
 1357: 342623 342960 343096
 1358: 342769 343096 343210
 1359: 343170 344161 344444
 1360: 343414 344144 344161
 1361: 343518 343906 344144
 1362: 343977 345469 345534
 1363: 344064 344444 345196
 1364: 344332 345196 345362
 1365: 344555 345362 345469
 1366: 344819 345534 345674
 1367: 344904 345674 345685
 1368: 345297 345827 345891
 1369: 345487 345891 345895
 1370: 345643 345685 345827
 1371: 345651 345895 346241
 1372: 346077 347700 347714
 1373: 346130 346795 347559
 1374: 346212 346241 346795
 1375: 346663 347715 348069
 1376: 346854 349376 349465
 1377: 346909 347714 347715
 1378: 347135 347559 347700
 1379: 347287 348399 348406
 1380: 347515 348069 348167
 1381: 347649 348274 348399
 1382: 347766 349702 349794
 1383: 348005 348406 349376
 1384: 348074 348167 348274
 1385: 348436 349794 349806
 1386: 348683 349806 350095
 1387: 349087 349563 349702
 1388: 349108 350095 350270
 1389: 349355 349465 349563
 1390: 349768 350976 351163
 1391: 350200 350270 350976
 1392: 350455 351731 351742
 1393: 350711 351585 351731
 1394: 350843 351163 351585
 1395: 351322 352490 352983
 1396: 351608 351742 352490
 1397: 351962 352983 353071
 1398: 352297 353807 353921
 1399: 352713 353071 353071
 1400: 352738 354279 354293
 1401: 352869 354125 354279
 1402: 353019 353071 353807
 1403: 353466 353921 354079
 1404: 353962 354079 354125
 1405: 354239 354293 354553
 1406: 354634 354634 355032
 1407: 354650 355712 355786
 1408: 354849 355032 355156
 1409: 354982 355156 355275
 1410: 355164 355275 355712
 1411: 355357 355786 356425
 1412: 355585 356425 357270
 1413: 355960 357270 357303
 1414: 356102 357624 357760
 1415: 356571 357378 357510
 1416: 356644 357303 357378
 1417: 357085 357510 357624
 1418: 357224 357760 357953
 1419: 357621 358136 358827
 1420: 357706 358827 358909
 1421: 357751 357953 358136
 1422: 358138 359586 359672
 1423: 358270 359672 359723
 1424: 358605 358909 359090
 1425: 359025 359090 359586
 1426: 359406 359723 359776
 1427: 359895 359895 359902
 1428: 360057 360057 360568
 1429: 360231 361186 361331
 1430: 360390 360568 361010
 1431: 360863 361010 361186
 1432: 361109 361331 361550
 1433: 361567 361567 361623
 1434: 361871 361871 361932
 1435: 361893 361932 361999
 1436: 361926 361999 362642
 1437: 362297 362642 363347
 1438: 362427 363456 364398
 1439: 362435 363364 363438
 1440: 362706 363347 363364
 1441: 363191 364398 364696
 1442: 363234 363438 363456
 1443: 363497 364775 364802
 1444: 363838 365054 365268
 1445: 363850 365361 366330
 1446: 363934 365325 365361
 1447: 364168 364802 365054
 1448: 364568 364696 364775
 1449: 364787 366493 366739
 1450: 364836 366739 366812
 1451: 364932 366353 366493
 1452: 365242 365274 365325
 1453: 365246 365268 365274
 1454: 365718 366330 366353
 1455: 366127 366812 366817
 1456: 366569 366817 367118
 1457: 366967 367118 367300
 1458: 367338 367338 367985
 1459: 367531 368071 368086
 1460: 367633 368034 368071
 1461: 367847 367985 368034
 1462: 368038 368086 368559
 1463: 368058 368559 369272
 1464: 368201 369472 369565
 1465: 368500 369272 369472
 1466: 368982 369673 369877
 1467: 369258 369565 369673
 1468: 369622 369877 370106
 1469: 369858 370106 370218
 1470: 370152 370218 370601
 1471: 370234 370601 370785
 1472: 370275 371146 371272
 1473: 370499 370804 371135
 1474: 370643 371135 371146
 1475: 370769 370785 370804
 1476: 370893 371272 371550
 1477: 371328 371550 371600
 1478: 371620 371620 371897
 1479: 372031 372031 372070
 1480: 372226 372226 372677
 1481: 372356 373199 373786
 1482: 372463 372677 373071
 1483: 372936 373071 373199
 1484: 373125 373786 373849
 1485: 373434 374226 374398
 1486: 373790 373849 374214
 1487: 374012 374214 374226
 1488: 374385 374398 374471
 1489: 374696 374696 375554
 1490: 375062 375554 376394
 1491: 375328 376394 376500
 1492: 375609 377470 377591
 1493: 375918 376500 377335
 1494: 376076 377591 377628
 1495: 376087 377829 377895
 1496: 376519 377335 377470
 1497: 376552 378963 379029
 1498: 376602 378081 378963
 1499: 376614 377628 377666
 1500: 376830 377666 377829
 1501: 377054 379079 379097
 1502: 377267 377895 378081
 1503: 377739 379097 379127
 1504: 378134 379475 379518
 1505: 378241 379422 379475
 1506: 378463 379518 379699
 1507: 378717 379699 380438
 1508: 378794 379029 379079
 1509: 378873 379127 379422
 1510: 379158 380438 380610
 1511: 379248 380677 380864
 1512: 379481 380610 380677
 1513: 379738 380968 380996
 1514: 379869 380926 380968
 1515: 379893 381041 381125
 1516: 379984 380864 380926
 1517: 380406 380996 381041
 1518: 380602 381125 381217
 1519: 380997 382000 382180
 1520: 381175 381217 382000
 1521: 381530 382216 382798
 1522: 381907 382180 382216
 1523: 382313 382798 382905
 1524: 382488 382917 382968
 1525: 382679 382905 382917
 1526: 382757 382968 383377
 1527: 382936 383377 383436
 1528: 383343 383436 383687
 1529: 383439 383687 384484
 1530: 383646 384484 384647
 1531: 384033 384647 385006
 1532: 384402 385006 385027
 1533: 384508 385995 386067
 1534: 384712 385174 385937
 1535: 384872 385027 385173
 1536: 384877 385937 385967
 1537: 385162 385173 385174
 1538: 385290 386067 386319
 1539: 385629 386450 386541
 1540: 385809 385967 385995
 1541: 386074 386319 386450
 1542: 386387 386541 386823
 1543: 386458 386823 387271
 1544: 386841 387647 387686
 1545: 387101 387271 387532
 1546: 387389 387532 387647
 1547: 387780 387780 387797
 1548: 388239 388239 388917
 1549: 388465 390097 390215
 1550: 388466 390555 390663
 1551: 388514 388917 389900
 1552: 388919 390348 390555
 1553: 389309 389900 389955
 1554: 389337 390304 390348
 1555: 389675 390215 390304
 1556: 389937 389955 390097
 1557: 390405 391401 391435
 1558: 390456 390663 391361
 1559: 390753 392117 392151
 1560: 390960 391361 391401
 1561: 390986 392151 392276
 1562: 391193 391617 392117
 1563: 391349 391435 391617
 1564: 391765 392276 392502
 1565: 392097 392117 392117
 1566: 392369 392502 392508
 1567: 392793 392793 393198
 1568: 393008 393198 393473
 1569: 393221 393999 394381
 1570: 393267 393473 393999
 1571: 393720 394381 394512
 1572: 393878 394512 394736
 1573: 394264 395209 395258
 1574: 394725 394736 395209
 1575: 394869 395258 395338
 1576: 395113 395338 395340
 1577: 395279 395340 395905
 1578: 395367 396895 397440
 1579: 395487 395906 396803
 1580: 395694 395905 395906
 1581: 396116 397538 397753
 1582: 396450 397440 397487
 1583: 396608 396803 396895
 1584: 396770 397487 397538
 1585: 397065 398639 398796
 1586: 397490 398796 398873
 1587: 397510 397753 398544
 1588: 397680 399048 399188
 1589: 397973 398544 398639
 1590: 398064 399197 399253
 1591: 398365 398873 399048
 1592: 398474 399253 399312
 1593: 398763 400501 400646
 1594: 399054 399188 399197
 1595: 399257 399312 400249
 1596: 399621 400249 400501
 1597: 400101 400646 400649
 1598: 400574 400649 400770
 1599: 400824 400824 400829
 1600: 400836 400836 401016
 1601: 401183 401183 401966
 1602: 401478 402421 402422
 1603: 401501 401966 402023
 1604: 401775 402023 402322
 1605: 401874 402322 402421
 1606: 402130 402422 402490
 1607: 402333 402421 402421
 1608: 402703 402703 402888
 1609: 402768 402888 403551
 1610: 403173 403551 403765
 1611: 403335 403765 403767
 1612: 403730 403767 404021
 1613: 404201 404201 404653
 1614: 404483 404653 404947
 1615: 404489 404947 405094
 1616: 404758 405094 405211
 1617: 404992 405211 405788
 1618: 405213 405921 406172
 1619: 405246 406593 406651
 1620: 405321 405793 405921
 1621: 405685 406188 406322
 1622: 405719 405788 405793
 1623: 405918 406322 406466
 1624: 405980 406172 406188
 1625: 406047 406518 406593
 1626: 406082 406651 407184
 1627: 406321 406466 406518
 1628: 406695 407330 407436
 1629: 406995 407184 407330
 1630: 407428 407436 407630
 1631: 407882 407882 408090
 1632: 408044 408090 408120
 1633: 408313 408313 408705
 1634: 408760 408760 408923
 1635: 409142 409142 409703
 1636: 409578 409703 410152
 1637: 409933 410152 410599
 1638: 410248 410599 411428
 1639: 410623 412031 412073
 1640: 410945 412073 412203
 1641: 411292 411428 412031
 1642: 411466 412991 413066
 1643: 411755 412203 412991
 1644: 412053 413066 413072
 1645: 412260 413217 413356
 1646: 412658 413072 413217
 1647: 413094 413356 413698
 1648: 413445 413698 413989
 1649: 413891 413989 414174
 1650: 413901 414174 414234
 1651: 414223 414234 414470
 1652: 414299 414470 415007
 1653: 414717 415239 415436
 1654: 414952 415007 415239
 1655: 415224 415436 416106
 1656: 415462 416106 416231
 1657: 415878 416401 416817
 1658: 416086 416231 416401
 1659: 416550 416817 417630
 1660: 416846 417630 417961
 1661: 417086 417992 418007
 1662: 417421 417961 417970
 1663: 417678 417970 417992
 1664: 418062 418062 418079
 1665: 418550 418550 418933
 1666: 418584 419872 419901
 1667: 418927 418933 419502
 1668: 419417 419732 419804
 1669: 419422 419502 419732
 1670: 419479 419804 419836
 1671: 419763 419836 419872
 1672: 420162 420162 420380
 1673: 420372 420380 420568
 1674: 420780 420780 420916
 1675: 420895 420916 420976
 1676: 421243 421243 421544
 1677: 421645 421645 421987
 1678: 421679 421987 422038
 1679: 422052 422052 422571
 1680: 422416 422571 422685
 1681: 422731 422731 422805
 1682: 422904 422904 423384
 1683: 422915 423384 423394
 1684: 423336 423394 423689
 1685: 423727 423727 424652
 1686: 424022 424652 425257
 1687: 424298 425257 425293
 1688: 424677 425743 425879
 1689: 424980 425293 425480
 1690: 425143 425480 425743
 1691: 425637 425879 426829
 1692: 425913 427472 427597
 1693: 426111 426949 427426
 1694: 426168 426829 426949
 1695: 426398 427597 427649
 1696: 426833 427649 428401
 1697: 427155 428401 428526
 1698: 427361 427426 427472
 1699: 427634 428526 428565
 1700: 427985 428603 428639
 1701: 428093 428565 428603
 1702: 428436 428639 429078
 1703: 428779 429078 429403
 1704: 429152 430385 430604
 1705: 429163 430322 430385
 1706: 429230 429646 430322
 1707: 429281 429403 429646
 1708: 429684 430604 430809
 1709: 429840 431085 431233
 1710: 430163 430827 431085
 1711: 430547 430809 430827
 1712: 430982 431233 431742
 1713: 431350 432116 432621
 1714: 431392 432621 432623
 1715: 431662 431742 432116
 1716: 431971 432643 433097
 1717: 432013 432623 432643
 1718: 432278 433097 433110
 1719: 432654 433688 433765
 1720: 432688 433110 433114
 1721: 432865 433114 433688
 1722: 433260 433765 433944
 1723: 433706 433944 434084
 1724: 434185 434185 434578
 1725: 434446 434578 434979
 1726: 434937 434979 435292
 1727: 434999 435292 435851
 1728: 435353 435851 435861
 1729: 435421 436131 436157
 1730: 435495 435861 436043
 1731: 435787 436043 436131
 1732: 436007 436336 436639
 1733: 436045 436157 436336
 1734: 436266 436639 436797
 1735: 436392 436797 437113
 1736: 436695 437113 437210
 1737: 437053 437211 437424
 1738: 437087 437210 437211
 1739: 437586 437586 437955
 1740: 437994 437994 438487
 1741: 438311 438487 438765
 1742: 438718 438765 438803
 1743: 439044 439044 439280
 1744: 439356 439356 439622
 1745: 439516 439622 439637
 1746: 439752 439752 439881
 1747: 440025 440025 440034
 1748: 440313 440313 440605
 1749: 440757 440757 441357
 1750: 440983 441394 441478
 1751: 441250 441357 441394
 1752: 441626 441626 441736
 1753: 441855 441855 442424
 1754: 442287 442424 442790
 1755: 442713 442790 443015
 1756: 443203 443203 443395
 1757: 443444 443444 443750
 1758: 443570 443834 444576
 1759: 443730 443750 443834
 1760: 444195 444842 445082
 1761: 444523 444576 444842
 1762: 444798 445597 445672
 1763: 444957 445082 445597
 1764: 445370 445672 445678
 1765: 445446 445678 445750
 1766: 445622 445750 446157
 1767: 445792 446157 446738
 1768: 446263 446738 447432
 1769: 446729 447432 447438
 1770: 446858 449263 449280
 1771: 447103 448595 448734
 1772: 447240 447438 447605
 1773: 447258 448853 449024
 1774: 447314 448734 448853
 1775: 447518 447605 448537
 1776: 447520 448537 448561
 1777: 447743 449024 449049
 1778: 447878 449049 449263
 1779: 448220 448561 448595
 1780: 448709 449280 449332
 1781: 448900 449332 449836
 1782: 449163 449973 450228
 1783: 449384 449878 449973
 1784: 449647 449836 449878
 1785: 449786 450273 450291
 1786: 449866 450228 450273
 1787: 449880 451325 451384
 1788: 450252 450291 451013
 1789: 450736 451384 451805
 1790: 450948 451013 451325
 1791: 451399 452312 452391
 1792: 451621 451805 452312
 1793: 452114 452632 452679
 1794: 452174 452391 452632
 1795: 452584 452679 453297
 1796: 452838 453297 453400
 1797: 453055 453400 453566
 1798: 453520 453566 454407
 1799: 453774 455145 455187
 1800: 453901 455501 455517
 1801: 454025 455035 455145
 1802: 454305 454407 455007
 1803: 454733 455007 455035
 1804: 454905 455517 455553
 1805: 454988 455187 455501
 1806: 455089 455553 456308
 1807: 455191 456782 456889
 1808: 455401 456429 456430
 1809: 455585 456613 456782
 1810: 456017 456308 456429
 1811: 456339 456430 456613
 1812: 456536 456889 457458
 1813: 456742 457458 457703
 1814: 457223 457703 458300
 1815: 457616 459188 459370
 1816: 457972 458300 459188
 1817: 458289 459370 459427
 1818: 458446 459427 459644
 1819: 458737 459792 459814
 1820: 458895 459814 459902
 1821: 459112 459644 459674
 1822: 459522 459674 459792
 1823: 459608 459902 460408
 1824: 460024 460408 460709
 1825: 460418 460709 460861
 1826: 460786 461425 461728
 1827: 460822 460861 461425
 1828: 461080 461773 461779
 1829: 461309 461728 461773
 1830: 461514 461779 462018
 1831: 461863 462105 462314
 1832: 462004 462018 462105
 1833: 462204 462314 462789
 1834: 462617 462789 463173
 1835: 462748 463173 464012
 1836: 463115 464458 464565
 1837: 463449 464012 464423
 1838: 463618 464565 464709
 1839: 464019 465631 465679
 1840: 464212 464423 464458
 1841: 464647 464811 465631
 1842: 464661 464709 464811
 1843: 464790 465679 466054
 1844: 465005 466054 466225
 1845: 465019 466235 466351
 1846: 465502 466225 466235
 1847: 465987 466351 466943
 1848: 466019 466943 467064
 1849: 466445 467399 467583
 1850: 466624 468381 468404
 1851: 466644 467583 468381
 1852: 467052 467064 467399
 1853: 467378 468404 468444
 1854: 467654 468612 468742
 1855: 467819 468942 469227
 1856: 467843 468444 468490
 1857: 467876 470197 470218
 1858: 467950 468490 468612
 1859: 468262 468742 468868
 1860: 468285 468868 468942
 1861: 468498 469227 470154
 1862: 468690 470530 470540
 1863: 468823 470540 470591
 1864: 469209 470218 470261
 1865: 469381 470261 470274
 1866: 469500 470274 470526
 1867: 469614 470154 470197
 1868: 469661 470798 471023
 1869: 469768 470688 470789
 1870: 469937 470591 470688
 1871: 470231 470526 470530
 1872: 470607 470789 470798
 1873: 470840 471023 471042
 1874: 471332 471332 472139
 1875: 471574 472978 473882
 1876: 471949 472356 472958
 1877: 471971 472139 472181
 1878: 472127 472181 472356
 1879: 472421 473882 473941
 1880: 472637 472958 472978
 1881: 472748 474508 474526
 1882: 472907 474268 474305
 1883: 473272 474151 474268
 1884: 473439 474529 474800
 1885: 473471 474526 474529
 1886: 473719 474491 474508
 1887: 473752 473941 474102
 1888: 473908 474305 474388
 1889: 473984 474102 474151
 1890: 474299 474388 474491
 1891: 474463 475373 475381
 1892: 474739 474800 475373
 1893: 474998 475381 475866
 1894: 475341 475866 476624
 1895: 475819 476624 476637
 1896: 475841 476637 476694
 1897: 476239 476694 476879
 1898: 476555 476879 477043
 1899: 476945 477043 477484
 1900: 477183 477484 477607
 1901: 477506 477607 477735
 1902: 477757 477757 478017
 1903: 477869 478017 478121
 1904: 477994 478185 478688
 1905: 478053 478121 478185
 1906: 478062 478688 478757
 1907: 478194 478757 478881
 1908: 478606 478881 479095
 1909: 478826 479095 479368
 1910: 479274 479368 479484
 1911: 479592 479592 480136
 1912: 479880 480867 481091
 1913: 480033 480136 480867
 1914: 480515 481486 482227
 1915: 480605 481091 481099
 1916: 481073 481099 481486
 1917: 481282 482518 482580
 1918: 481554 482580 482784
 1919: 481684 482794 482936
 1920: 481697 482227 482518
 1921: 482037 483087 483990
 1922: 482451 482936 483087
 1923: 482760 482784 482794
 1924: 483127 483990 484005
 1925: 483211 484153 484578
 1926: 483440 484578 484752
 1927: 483727 484856 485731
 1928: 483848 484752 484828
 1929: 483972 484005 484153
 1930: 484459 485767 486126
 1931: 484785 484828 484856
 1932: 484915 485731 485767
 1933: 485091 486440 486503
 1934: 485450 486126 486310
 1935: 485753 486310 486440
 1936: 486251 486503 487022
 1937: 486647 487144 487559
 1938: 486766 487022 487144
 1939: 487007 487665 487708
 1940: 487243 487708 488030
 1941: 487547 487559 487665
 1942: 487777 488030 488497
 1943: 488262 488531 489016
 1944: 488297 488497 488531
 1945: 488754 489016 489676
 1946: 489080 489676 490198
 1947: 489559 490198 490546
 1948: 489879 490546 491149
 1949: 490241 491170 491196
 1950: 490705 491149 491170
 1951: 490758 491736 491762
 1952: 491070 491196 491736
 1953: 491446 493001 493079
 1954: 491602 491762 492451
 1955: 492022 492451 493001
 1956: 492467 493590 493689
 1957: 492826 493079 493590
 1958: 493146 493689 493928
 1959: 493176 493928 493949
 1960: 493632 493949 494211
 1961: 494011 494211 494619
 1962: 494282 494619 494770
 1963: 494523 494770 495303
 1964: 494538 495303 495328
 1965: 494810 495771 496079
 1966: 495081 495328 495771
 1967: 495524 496079 496870
 1968: 495800 497075 497341
 1969: 495817 497471 497567
 1970: 496256 497567 497578
 1971: 496582 497341 497471
 1972: 496747 496886 497075
 1973: 496809 497578 497672
 1974: 496842 496870 496886
 1975: 497184 497672 497681
 1976: 497264 499033 499042
 1977: 497537 499241 499302
 1978: 497619 497681 498629
 1979: 498064 498642 498793
 1980: 498185 498793 499033
 1981: 498264 499302 499383
 1982: 498309 498629 498642
 1983: 498787 499042 499241
 1984: 499130 499383 499590
 1985: 499385 499590 500017
 1986: 499820 500017 500417
 1987: 499989 500417 500453
 1988: 500259 500453 500715
 1989: 500347 500715 500860
 1990: 500672 500860 501113
 1991: 500967 501113 501162
 1992: 501121 501162 501835
 1993: 501380 502111 502169
 1994: 501466 501835 502106
 1995: 501801 502106 502111
 1996: 502225 502225 502581
 1997: 502327 502581 502691
 1998: 502765 502765 503543
 1999: 503057 503853 503946
 2000: 503135 504971 505041
 2001: 503201 504190 504971
 2002: 503334 503543 503853
 2003: 503450 503946 504190
 2004: 503919 505271 505352
 2005: 504128 505526 505533
 2006: 504264 505894 506833
 2007: 504466 505352 505526
 2008: 504543 505674 505868
 2009: 504572 505041 505271
 2010: 504741 505660 505674
 2011: 505114 506963 507009
 2012: 505395 505868 505894
 2013: 505460 507093 507262
 2014: 505517 505533 505660
 2015: 505521 507009 507093
 2016: 505929 506905 506963
 2017: 506080 506833 506905
 2018: 506388 507262 507357
 2019: 506835 507357 507376
 2020: 507309 507376 507616
 2021: 507382 507854 508186
 2022: 507546 507616 507854
 2023: 507949 508186 508449
 2024: 508189 508449 508830
 2025: 508595 508830 508876
 2026: 508893 508893 509152
 2027: 508898 509152 509550
 2028: 509154 510017 510506
 2029: 509456 509550 510017
 2030: 509885 510506 510979
 2031: 510336 510979 511043
 2032: 510714 511043 511513
 2033: 511095 511513 511680
 2034: 511467 511680 511964
 2035: 511932 511964 511999
 2036: 512420 512420 513034
 2037: 512878 513034 513260
 2038: 513194 513260 513678
 2039: 513589 513678 514286
 2040: 513883 514286 514776
 2041: 514351 515128 515897
 2042: 514434 514852 515118
 2043: 514609 514776 514852
 2044: 514653 515119 515128
 2045: 514808 515118 515119
 2046: 515093 515897 515924
 2047: 515406 515924 516039
 2048: 515617 516039 516100
 2049: 515969 516346 516814
 2050: 515994 516100 516346
 2051: 516426 517426 518180
 2052: 516784 516814 517426
 2053: 516951 518279 518505
 2054: 517203 518249 518279
 2055: 517437 518180 518249
 2056: 517803 518505 518560
 2057: 517946 519049 519054
 2058: 518123 518597 518792
 2059: 518414 518560 518597
 2060: 518712 518792 519049
 2061: 518909 519932 520079
 2062: 518965 519054 519932
 2063: 519215 520376 520447
 2064: 519422 520079 520117
 2065: 519776 520117 520376
 2066: 520199 520474 520483
 2067: 520447 520447 520474
 2068: 520625 520625 520883
 2069: 521085 521085 521117
 2070: 521565 521565 522039
 2071: 522046 522046 522350
 2072: 522445 522445 522890
 2073: 522743 522890 522985
 2074: 523188 523188 523215
 2075: 523487 523487 523794
 2076: 523527 523794 524301
 2077: 523857 525133 525163
 2078: 523867 524301 525133
 2079: 524233 525373 525406
 2080: 524419 525406 525413
 2081: 524871 525163 525191
 2082: 524881 525191 525373
 2083: 525275 526197 526369
 2084: 525393 525413 525678
 2085: 525514 525678 526189
 2086: 525564 526189 526197
 2087: 526010 526482 526891
 2088: 526237 526369 526482
 2089: 526264 526891 527444
 2090: 526600 527596 527753
 2091: 527018 527753 527852
 2092: 527344 527444 527596
 2093: 527818 527852 527933
 2094: 528149 528149 528159
 2095: 528204 528204 528850
 2096: 528268 529582 530334
 2097: 528397 528861 528961
 2098: 528607 528850 528861
 2099: 528870 528961 529471
 2100: 529249 529471 529582
 2101: 529677 531132 531176
 2102: 530165 530334 531068
 2103: 530544 531235 531721
 2104: 530665 531068 531132
 2105: 531055 531176 531235
 2106: 531290 531721 531907
 2107: 531626 531912 532410
 2108: 531684 531907 531912
 2109: 532084 532410 533066
 2110: 532237 533066 533196
 2111: 532646 534299 534383
 2112: 533111 533196 534027
 2113: 533403 534059 534299
 2114: 533468 534027 534059
 2115: 533474 534818 534837
 2116: 533915 534815 534818
 2117: 534290 534383 534807
 2118: 534601 534837 535216
 2119: 534748 534807 534815
 2120: 534911 535216 535651
 2121: 535304 536036 536375
 2122: 535651 535651 536036
 2123: 536114 536375 536388
 2124: 536156 536388 536473
 2125: 536453 536473 536808
 2126: 536773 536808 536831
 2127: 537188 537188 537344
 2128: 537436 537436 537591
 2129: 537899 537899 538111
 2130: 538164 538164 538475
 2131: 538424 538475 539000
 2132: 538830 539022 539187
 2133: 538968 539000 539022
 2134: 539360 539360 539659
 2135: 539513 539659 540116
 2136: 539837 540116 540136
 2137: 540295 540295 540546
 2138: 540573 540573 541072
 2139: 540653 541751 542178
 2140: 540939 542252 542293
 2141: 540958 541097 541751
 2142: 541045 541072 541097
 2143: 541439 542178 542209
 2144: 541582 542209 542252
 2145: 541734 542293 542355
 2146: 542062 542355 542361
 2147: 542179 542361 542715
 2148: 542228 542715 542756
 2149: 542683 542756 543129
 2150: 542726 543129 543797
 2151: 543094 543797 543892
 2152: 543553 543892 544122
 2153: 543988 544593 544803
 2154: 544109 544122 544554
 2155: 544277 544803 545565
 2156: 544553 544554 544593
 2157: 544641 545624 545987
 2158: 544812 546096 546416
 2159: 545168 545565 545624
 2160: 545247 545987 546096
 2161: 545606 546535 546548
 2162: 545990 546548 547341
 2163: 546032 547341 547432
 2164: 546083 546416 546535
 2165: 546267 547432 547470
 2166: 546753 548144 549032
 2167: 547069 547655 548041
 2168: 547164 547470 547655
 2169: 547491 549032 549361
 2170: 547501 548041 548144
 2171: 547719 549395 549500
 2172: 547993 549540 549542
 2173: 548439 549361 549395
 2174: 548795 549793 549880
 2175: 549109 549880 550589
 2176: 549446 549500 549540
 2177: 549454 549542 549793
 2178: 549803 550589 550643
 2179: 550288 550643 551016
 2180: 550623 551122 551609
 2181: 550946 551016 551122
 2182: 551409 551609 551857
 2183: 551894 551894 552001
 2184: 551992 552001 552028
 2185: 552219 552219 552433
 2186: 552641 552641 552802
 2187: 553011 553011 553442
 2188: 553026 553442 553616
 2189: 553492 553616 553725
 2190: 553787 553787 553969
 2191: 554282 554282 554578
 2192: 554370 555291 556263
 2193: 554437 554578 555190
 2194: 554591 556263 556361
 2195: 554866 555190 555291
 2196: 555064 556361 556454
 2197: 555443 556470 556581
 2198: 555812 556581 556985
 2199: 556191 557126 557192
 2200: 556259 556454 556470
 2201: 556323 557192 557238
 2202: 556446 556985 557126
 2203: 556668 558144 558302
 2204: 556921 558358 558403
 2205: 556933 557238 558122
 2206: 557404 558828 559617
 2207: 557586 558122 558144
 2208: 557598 558452 558525
 2209: 557764 558525 558632
 2210: 558039 558302 558337
 2211: 558043 558632 558775
 2212: 558079 558337 558358
 2213: 558324 558775 558828
 2214: 558371 558403 558452
 2215: 558842 559617 559912
 2216: 559120 560438 560527
 2217: 559398 559912 560031
 2218: 559583 560031 560438
 2219: 560051 561416 562131
 2220: 560481 560527 561416
 2221: 560828 562195 562256
 2222: 561029 562131 562195
 2223: 561479 562256 562285
 2224: 561887 562285 562955
 2225: 562144 562955 563088
 2226: 562418 563088 563244
 2227: 562478 563333 563343
 2228: 562908 563244 563333
 2229: 563122 563343 563675
 2230: 563144 563675 564259
 2231: 563277 564412 564490
 2232: 563425 564557 564713
 2233: 563441 564490 564557
 2234: 563772 564713 564858
 2235: 563983 564299 564412
 2236: 563987 564858 565710
 2237: 564188 564259 564299
 2238: 564655 565836 565896
 2239: 564814 565896 566344
 2240: 565084 566344 566427
 2241: 565145 566495 567307
 2242: 565325 565813 565836
 2243: 565682 565710 565813
 2244: 566111 567307 567361
 2245: 566199 566427 566495
 2246: 566457 567361 567661
 2247: 566710 567755 568032
 2248: 566845 567735 567755
 2249: 567088 568127 568151
 2250: 567343 568080 568127
 2251: 567573 567661 567735
 2252: 567588 568032 568080
 2253: 568054 568151 568182
 2254: 568139 568182 568898
 2255: 568498 568898 569359
 2256: 568541 569359 569489
 2257: 568943 569594 570092
 2258: 568986 570092 570164
 2259: 569321 569489 569594
 2260: 569654 570164 570493
 2261: 570079 570493 571156
 2262: 570226 571156 571328
 2263: 570228 571462 571538
 2264: 570678 571381 571462
 2265: 570930 571328 571381
 2266: 571132 571538 571937
 2267: 571598 571937 572468
 2268: 572014 572468 572896
 2269: 572215 572896 573757
 2270: 572273 573808 573877
 2271: 572631 573877 573958
 2272: 573114 574227 574275
 2273: 573440 573757 573808
 2274: 573462 573958 574079
 2275: 573463 574275 574466
 2276: 573551 574466 574608
 2277: 574001 574079 574227
 2278: 574108 574608 574658
 2279: 574129 574658 575448
 2280: 574328 575794 575882
 2281: 574591 575980 576139
 2282: 574849 575776 575794
 2283: 574970 575448 575684
 2284: 575132 575882 575980
 2285: 575309 575684 575776
 2286: 575694 576139 576872
 2287: 576017 577439 577538
 2288: 576314 576872 577102
 2289: 576710 577102 577439
 2290: 577024 577538 577596
 2291: 577200 577596 577606
 2292: 577525 577606 578159
 2293: 577665 578229 578772
 2294: 577744 578159 578229
 2295: 578235 579128 579177
 2296: 578671 578772 579128
 2297: 578853 579177 579345
 2298: 579339 579345 579562
 2299: 579710 579710 580020
 2300: 579838 580020 580220
 2301: 580209 580220 580290
 2302: 580294 580294 580657
 2303: 580677 580677 581053
 2304: 581024 581053 581259
 2305: 581227 581259 581496
 2306: 581406 581584 581933
 2307: 581472 581933 582683
 2308: 581480 581496 581584
 2309: 581920 582683 582848
 2310: 582288 583419 583535
 2311: 582656 583020 583284
 2312: 582843 583641 584508
 2313: 582845 582848 583020
 2314: 583200 583284 583419
 2315: 583523 583535 583641
 2316: 583946 584508 584797
 2317: 584445 584797 585169
 2318: 584836 585169 585916
 2319: 585229 586486 586769
 2320: 585393 585916 586486
 2321: 585795 586769 586979
 2322: 586275 586979 587227
 2323: 586626 587227 587266
 2324: 586801 588152 588645
 2325: 586878 587266 588152
 2326: 587101 588886 588953
 2327: 587452 588884 588886
 2328: 587949 588769 588770
 2329: 588035 588645 588769
 2330: 588263 588770 588884
 2331: 588601 590130 590150
 2332: 588708 590422 590523
 2333: 588870 588953 589845
 2334: 589092 589845 589959
 2335: 589331 590523 590620
 2336: 589486 590118 590130
 2337: 589718 590014 590118
 2338: 589829 589959 590014
 2339: 589953 590150 590422
 2340: 590329 590620 590990
 2341: 590662 590990 591193
 2342: 590810 591284 591364
 2343: 590823 591193 591284
 2344: 590864 591193 591193
 2345: 591133 591364 591712
 2346: 591472 592045 592533
 2347: 591592 591928 592045
 2348: 591678 591712 591928
 2349: 592079 592533 593092
 2350: 592439 593092 593385
 2351: 592738 593677 594542
 2352: 592761 593614 593677
 2353: 592876 594707 594750
 2354: 592937 593385 593614
 2355: 593421 595009 595064
 2356: 593659 594654 594707
 2357: 594071 595337 595385
 2358: 594170 594542 594654
 2359: 594636 594750 594937
 2360: 594696 594937 595009
 2361: 594909 595064 595337
 2362: 595069 595741 595916
 2363: 595148 595385 595741
 2364: 595603 595916 596211
 2365: 595993 596211 596543
 2366: 596264 596543 596794
 2367: 596583 596794 597004
 2368: 596709 597004 597285
 2369: 597112 597285 597779
 2370: 597452 597779 598178
 2371: 597905 598178 598796
 2372: 598379 598796 599370
 2373: 598383 599617 600447
 2374: 598809 599370 599580
 2375: 599084 599580 599612
 2376: 599292 599612 599617
 2377: 599680 600858 601036
 2378: 600004 601131 601234
 2379: 600120 600447 600858
 2380: 600571 601234 602156
 2381: 600667 602529 602588
 2382: 600865 601036 601131
 2383: 600884 602714 602793
 2384: 601237 602793 602987
 2385: 601252 602156 602529
 2386: 601563 602987 603079
 2387: 601836 602699 602714
 2388: 602171 602666 602699
 2389: 602532 602588 602666
 2390: 602782 603079 603741
 2391: 603031 604372 604384
 2392: 603159 603741 603742
 2393: 603487 604357 604372
 2394: 603594 603742 604357
 2395: 603828 604384 605185
 2396: 604282 605672 605731
 2397: 604564 605185 605373
 2398: 604812 605373 605672
 2399: 605291 607098 607101
 2400: 605516 605731 606056
 2401: 605813 606056 606970
 2402: 606276 606970 607038
 2403: 606599 607267 607494
 2404: 606949 607101 607267
 2405: 607011 607038 607098
 2406: 607334 607494 607520
 2407: 607395 607520 607800
 2408: 607846 607846 607970
 2409: 608252 608252 608914
 2410: 608588 608914 609077
 2411: 608706 609077 609378
 2412: 609179 609378 609598
 2413: 609623 609623 609981
 2414: 609826 609981 610384
 2415: 610151 610384 610396
 2416: 610569 610569 611182
 2417: 611036 611182 611700
 2418: 611231 612770 612865
 2419: 611412 611700 612373
 2420: 611890 612699 612770
 2421: 612037 612865 612885
 2422: 612094 612373 612699
 2423: 612348 613156 614012
 2424: 612447 614028 614316
 2425: 612516 612885 613156
 2426: 612818 614341 614369
 2427: 613046 614369 614545
 2428: 613135 614316 614341
 2429: 613633 614545 614582
 2430: 613731 614582 614643
 2431: 613955 614012 614028
 2432: 614403 614643 614908
 2433: 614802 614908 615004
 2434: 615286 615286 615410
 2435: 615476 615476 616237
 2436: 615802 617713 617759
 2437: 616066 617759 617851
 2438: 616114 616237 617122
 2439: 616508 617122 617378
 2440: 616689 617851 618010
 2441: 616775 618010 618050
 2442: 616927 617568 617713
 2443: 617187 617378 617568
 2444: 617677 619061 619403
 2445: 617715 618951 619061
 2446: 617799 619403 619409
 2447: 617905 618050 618951
 2448: 618360 619764 620631
 2449: 618538 619717 619764
 2450: 618627 619409 619622
 2451: 619030 619622 619717
 2452: 619238 620631 620955
 2453: 619540 621013 621131
 2454: 619729 620955 621013
 2455: 620134 621249 621361
 2456: 620296 621361 621602
 2457: 620652 621215 621249
 2458: 620960 622391 622431
 2459: 621019 621131 621215
 2460: 621396 621602 622391
 2461: 621784 622431 623121
 2462: 622144 623121 623185
 2463: 622641 624431 624441
 2464: 622643 624152 624159
 2465: 622900 623185 623991
 2466: 622945 623991 624129
 2467: 622954 624307 624317
 2468: 623284 624317 624431
 2469: 623296 624644 625440
 2470: 623306 624441 624644
 2471: 623698 624129 624152
 2472: 624109 624159 624307
 2473: 624598 625497 625840
 2474: 624965 625440 625497
 2475: 624984 625840 625892
 2476: 625130 625892 626216
 2477: 625339 626216 627016
 2478: 625742 627165 627414
 2479: 626067 627414 627812
 2480: 626450 627016 627165
 2481: 626948 627812 627859
 2482: 627192 627859 628703
 2483: 627376 628743 628838
 2484: 627695 629064 629082
 2485: 627790 629224 629347
 2486: 627906 629347 629665
 2487: 627909 628703 628743
 2488: 628147 629665 629672
 2489: 628395 628838 628902
 2490: 628436 629082 629224
 2491: 628789 628902 629064
 2492: 628966 630611 630693
 2493: 629162 630693 630728
 2494: 629433 629672 630611
 2495: 629921 630728 630877
 2496: 630027 631267 631540
 2497: 630112 631197 631267
 2498: 630608 630877 631108
 2499: 631034 631108 631197
SUM: 631540 602421 0.9539 824.07 583.10 2522
