    0:     1     1   645
    1:   285   645   731
    2:   517   731  1290
    3:  1231  1290  2105
    4:  1298  2105  2128
    5:  1686  2128  3049
    6:  2435  3049  3146
    7:  2971  3146  3345
    8:  3278  3345  3905
    9:  3981  3981  4722
   10:  4358  4749  5495
   11:  4392  4722  4749
   12:  5114  5495  6347
   13:  5730  6534  7160
   14:  5843  6347  6473
   15:  6322  6473  6534
   16:  6917  7160  7977
   17:  7623  7977  8063
   18:  7766  8239  8852
   19:  7834  8063  8239
   20:  8477  8889  9136
   21:  8719  8852  8889
   22:  9281  9281  9851
   23:  9427  9851  9972
   24: 10131 10131 10159
   25: 10370 10370 10679
   26: 10378 10679 10755
   27: 10807 10807 11414
   28: 11100 11414 11991
   29: 11708 11991 12137
   30: 12117 12137 12229
   31: 12683 12683 12792
   32: 13036 13036 13392
   33: 13371 13392 13426
   34: 13815 13815 13938
   35: 14524 14524 14613
   36: 14638 14638 14819
   37: 14870 14870 15503
   38: 15103 15503 15901
   39: 15152 16020 16155
   40: 15632 15901 16020
   41: 16153 16155 16555
   42: 16718 16718 17101
   43: 17187 17187 17310
   44: 17686 17686 17978
   45: 18203 18203 18427
   46: 18870 18870 19102
   47: 19286 19286 19369
   48: 19394 19394 19752
   49: 19414 19752 20485
   50: 19822 20893 21197
   51: 19964 20485 20524
   52: 20147 20524 20723
   53: 20598 20723 20781
   54: 20603 20781 20893
   55: 21210 21210 21536
   56: 21253 21536 21678
   57: 21477 21678 21984
   58: 22058 22058 22173
   59: 22777 22777 23262
   60: 23050 23262 23469
   61: 23541 23541 23933
   62: 23612 23933 23977
   63: 24076 24076 24104
   64: 24239 24239 24645
   65: 24973 24973 25090
   66: 25438 25438 26033
   67: 25784 26033 26731
   68: 26286 26920 27532
   69: 26604 26731 26920
   70: 27155 27532 27703
   71: 27399 27703 28260
   72: 27956 28260 28427
   73: 28410 28427 28535
   74: 28825 28825 28872
   75: 29546 29546 29901
   76: 29707 29901 30203
   77: 29840 30203 30510
   78: 30464 30510 30997
   79: 30878 30997 31745
   80: 31212 31745 32226
   81: 31823 32226 32689
   82: 32349 32689 32899
   83: 33051 33051 33145
   84: 33309 33309 33319
   85: 33347 33347 33628
   86: 33796 33796 34092
   87: 34453 34453 34487
   88: 34457 34487 34627
   89: 35104 35104 35182
   90: 35141 35182 35447
   91: 35503 35503 36064
   92: 35837 36064 36461
   93: 36270 36461 36845
   94: 36616 36845 36992
   95: 36863 36992 37770
   96: 37361 37770 38534
   97: 38095 38534 38756
   98: 38413 38756 39304
   99: 38968 39427 39449
  100: 39177 39304 39427
  101: 39817 39817 39927
  102: 39945 39945 40095
  103: 40113 40113 40666
  104: 40274 40666 40754
  105: 40829 40829 41005
  106: 41516 41516 41557
  107: 41914 41914 42053
  108: 42579 42579 42831
  109: 43061 43061 43300
  110: 43243 43300 43923
  111: 43438 43923 43987
  112: 43528 44459 44656
  113: 43735 43987 44351
  114: 43853 44656 44878
  115: 44090 44351 44459
  116: 44699 44878 45030
  117: 44937 45030 45844
  118: 45614 45844 46284
  119: 45736 47023 47457
  120: 46211 46284 46644
  121: 46498 46657 47023
  122: 46595 46644 46657
  123: 47282 47457 47556
  124: 47304 47556 48098
  125: 47580 48194 48577
  126: 47981 48098 48169
  127: 48119 48169 48194
  128: 48773 48773 48962
  129: 48925 48962 49394
  130: 49286 49394 49884
  131: 49637 49884 50109
  132: 50156 50156 50649
  133: 50366 50649 50841
  134: 50615 50841 50992
  135: 51151 51151 51674
  136: 51414 51674 52542
  137: 51804 52984 53027
  138: 51818 52594 52984
  139: 52193 52542 52594
  140: 52846 53027 53185
  141: 53247 53247 53427
  142: 53627 53627 53938
  143: 53909 53938 54717
  144: 54206 54770 55280
  145: 54546 54717 54770
  146: 55204 55280 55623
  147: 55663 55663 55747
  148: 55688 55934 56205
  149: 55690 55747 55934
  150: 56384 56384 57146
  151: 57008 57146 58090
  152: 57378 58158 58378
  153: 57413 58378 58996
  154: 58026 58090 58158
  155: 58727 58996 59240
  156: 59041 59240 59458
  157: 59186 59458 59916
  158: 59684 59916 60273
  159: 60360 60360 60870
  160: 61096 61096 61391
  161: 61833 61833 62336
  162: 61915 62336 62600
  163: 62311 62600 63053
  164: 62916 63053 63441
  165: 63384 63441 63644
  166: 63761 63761 64037
  167: 64332 64332 64791
  168: 64913 64913 65723
  169: 65613 65723 65939
  170: 66293 66293 66568
  171: 66505 66568 67109
  172: 66760 67109 67261
  173: 66953 67706 67734
  174: 66992 67261 67580
  175: 67045 67686 67706
  176: 67433 67580 67686
  177: 68105 68105 68727
  178: 68593 68727 68929
  179: 69173 69173 69207
  180: 69893 69893 69954
  181: 70040 70040 70105
  182: 70684 70684 71179
  183: 71032 71179 71503
  184: 71609 71609 71846
  185: 71781 71846 72125
  186: 71982 72192 72288
  187: 71987 72125 72192
  188: 72733 72733 72982
  189: 73196 73196 73413
  190: 73515 73515 74156
  191: 73578 74156 74413
  192: 74137 74413 74448
  193: 74569 74569 75152
  194: 74875 75152 75199
  195: 75520 75520 75538
  196: 76083 76083 76396
  197: 76709 76709 77265
  198: 76722 77750 77929
  199: 76908 77265 77441
  200: 77433 77441 77750
  201: 77783 77929 78598
  202: 78529 78598 79093
  203: 78964 79093 79609
  204: 79519 79609 80399
  205: 79549 80399 80431
  206: 80218 80431 80475
  207: 80304 80867 80988
  208: 80384 80988 81043
  209: 80412 80475 80867
  210: 80446 81043 81249
  211: 81111 81249 81350
  212: 81828 81828 81903
  213: 82136 82136 82388
  214: 82154 82388 82702
  215: 82727 82727 82792
  216: 82832 82832 83325
  217: 83354 83354 83450
  218: 83884 83884 84026
  219: 83980 84026 84197
  220: 84339 84339 84620
  221: 84802 84802 85006
  222: 85022 85022 85384
  223: 85031 85384 85717
  224: 85352 85717 86069
  225: 86042 86069 86494
  226: 86754 86754 87087
  227: 86958 87087 87186
  228: 87356 87356 87578
  229: 88018 88018 88146
  230: 88277 88277 88368
  231: 88489 88489 88648
  232: 89149 89149 89641
  233: 89617 89641 90032
  234: 89811 90183 90197
  235: 89841 90032 90183
  236: 90533 90533 90628
  237: 90619 90628 91069
  238: 90914 91069 91160
  239: 91379 91379 92076
  240: 91512 92443 92475
  241: 91736 93557 93878
  242: 91998 92134 92443
  243: 92025 92076 92134
  244: 92219 92475 92853
  245: 92549 92853 93165
  246: 92974 93165 93282
  247: 93046 93282 93557
  248: 93575 93878 94472
  249: 93605 94472 94717
  250: 93962 95283 95604
  251: 94493 94717 95283
  252: 95048 95660 96348
  253: 95513 95604 95660
  254: 96228 96348 96930
  255: 96950 96950 97060
  256: 97538 97538 97668
  257: 97734 97734 97861
  258: 98362 98362 98526
  259: 98377 98526 98727
  260: 98542 98727 99090
  261: 99071 99090 99418
  262: 99211 99418 99432
  263: 99390 99432 99523
  264: 99785 99785 100398
  265: 100432 100432 100708
  266: 100703 100708 101275
  267: 101009 101275 101743
  268: 101307 101743 101817
  269: 101488 101992 102139
  270: 101693 101817 101992
  271: 102057 102139 102432
  272: 102408 102432 103122
  273: 102555 103122 103564
  274: 102592 103601 103655
  275: 102897 103564 103601
  276: 103406 103655 103757
  277: 103451 103757 104510
  278: 104140 104510 105076
  279: 104712 105076 105222
  280: 105149 105222 105401
  281: 105489 105489 105810
  282: 105639 105810 105894
  283: 105679 105894 106157
  284: 106350 106350 106655
  285: 107066 107066 107193
  286: 107442 107442 107715
  287: 107614 107715 108246
  288: 107758 108246 108792
  289: 107968 108792 108976
  290: 108451 109058 109423
  291: 108836 108976 109058
  292: 109439 109439 109553
  293: 109583 109583 109732
  294: 110241 110241 110473
  295: 110371 110473 110967
  296: 110809 110967 111132
  297: 111116 111132 111291
  298: 111484 111484 111807
  299: 111774 111807 111883
  300: 112344 112344 112389
  301: 112761 112761 112840
  302: 113350 113350 113874
  303: 113527 113947 114065
  304: 113688 114306 114525
  305: 113854 113874 113947
  306: 114010 114065 114306
  307: 114149 114663 115029
  308: 114384 114525 114663
  309: 114939 115029 115207
  310: 115192 115207 115930
  311: 115683 115930 115938
  312: 116090 116090 116947
  313: 116622 116947 116977
  314: 117020 117020 117082
  315: 117338 117338 117533
  316: 117669 117669 118359
  317: 118087 118359 119113
  318: 118665 119316 119679
  319: 118821 119679 119872
  320: 119057 119113 119316
  321: 119694 119872 120335
  322: 119822 120375 120823
  323: 120228 120335 120375
  324: 120541 120823 121069
  325: 121050 121069 121543
  326: 121199 121543 121965
  327: 121710 121965 122374
  328: 122012 122374 122726
  329: 122598 122726 123269
  330: 122967 123270 123998
  331: 123139 123269 123270
  332: 123283 124167 124578
  333: 123408 124692 124755
  334: 123847 123998 124167
  335: 124563 124578 124692
  336: 125170 125170 125331
  337: 125491 125491 125669
  338: 126123 126123 126134
  339: 126474 126474 127183
  340: 126666 127183 127297
  341: 126682 127297 127605
  342: 127045 127605 127852
  343: 127196 127852 128038
  344: 127269 128038 128134
  345: 127888 128134 128529
  346: 128034 128732 129062
  347: 128429 128529 128732
  348: 129064 129064 129702
  349: 129329 130011 130344
  350: 129384 130344 130469
  351: 129636 129702 129892
  352: 129722 129892 130011
  353: 130373 130469 131119
  354: 130927 131157 131816
  355: 131093 131119 131157
  356: 131458 131816 131910
  357: 131798 131910 132640
  358: 132509 132640 132956
  359: 133157 133157 133769
  360: 133639 133769 134414
  361: 134116 134414 134563
  362: 134677 134677 135351
  363: 134848 135351 135783
  364: 135495 135783 135797
  365: 135519 135797 136151
  366: 136189 136189 136757
  367: 136806 136806 137167
  368: 136909 137167 137851
  369: 137636 137851 138037
  370: 137660 138037 138724
  371: 138317 138864 139052
  372: 138644 138724 138864
  373: 139014 139052 139186
  374: 139757 139757 139784
  375: 140080 140080 140356
  376: 140118 140356 140921
  377: 140474 141556 141652
  378: 140651 140921 141556
  379: 140949 142270 142353
  380: 141165 141652 142021
  381: 141193 142021 142270
  382: 141794 142353 143115
  383: 141938 143115 143194
  384: 142354 143752 144382
  385: 142969 143194 143547
  386: 143235 143562 143656
  387: 143316 143656 143752
  388: 143338 143547 143562
  389: 143472 144382 144524
  390: 144193 144524 145115
  391: 144685 145115 145714
  392: 145196 145714 145834
  393: 145806 145834 146620
  394: 146434 146620 147325
  395: 146448 147325 147411
  396: 146932 147411 147481
  397: 147165 147481 147872
  398: 147855 147872 147929
  399: 148147 148147 148176
  400: 148648 148648 148913
  401: 148697 148913 149100
  402: 149379 149379 149528
  403: 149993 149993 150759
  404: 150575 150759 150818
  405: 151296 151296 151555
  406: 151753 151753 151874
  407: 152318 152318 152643
  408: 152882 152882 153157
  409: 153041 153157 153179
  410: 153628 153628 153986
  411: 154167 154167 154364
  412: 154385 154385 154783
  413: 155045 155045 155226
  414: 155448 155448 155507
  415: 155965 155965 156029
  416: 156327 156327 156875
  417: 156502 156875 157236
  418: 157200 157236 157577
  419: 157451 157821 158232
  420: 157491 157577 157821
  421: 157827 158232 158276
  422: 158515 158515 158976
  423: 159235 159235 159701
  424: 159814 159814 160310
  425: 160010 160310 160693
  426: 160315 160693 161119
  427: 161056 161233 161402
  428: 161068 161119 161233
  429: 161753 161753 161898
  430: 161858 161898 161948
  431: 162430 162430 162451
  432: 162700 162700 163072
  433: 162715 163713 163777
  434: 162754 163072 163713
  435: 162755 164057 164524
  436: 163245 163777 163936
  437: 163823 163936 164057
  438: 164314 164848 165150
  439: 164496 164524 164848
  440: 165176 165176 165402
  441: 165917 165917 166108
  442: 166283 166283 166944
  443: 166294 167049 167530
  444: 166928 166944 166991
  445: 166973 166991 167049
  446: 167373 167530 167849
  447: 167832 167849 167921
  448: 168449 168449 168711
  449: 168591 168711 168952
  450: 169335 169335 170018
  451: 170072 170072 170527
  452: 170555 170555 170662
  453: 170720 170720 171174
  454: 171085 171174 171338
  455: 171633 171633 171702
  456: 172362 172362 172686
  457: 172894 172894 173152
  458: 173415 173415 173680
  459: 174141 174141 174325
  460: 174633 174633 175147
  461: 175030 175147 175310
  462: 175670 175670 175717
  463: 175736 175736 176269
  464: 176320 176320 176718
  465: 176734 176734 177227
  466: 177088 177227 177463
  467: 177403 177463 177882
  468: 177622 177882 178407
  469: 177936 178407 178546
  470: 178017 178546 179175
  471: 178150 179175 179248
  472: 178804 180034 180649
  473: 179210 179248 179738
  474: 179671 179738 179797
  475: 179755 179797 180034
  476: 180160 180649 180894
  477: 180509 180894 181142
  478: 181101 181142 181302
  479: 181156 181302 181317
  480: 181783 181783 181840
  481: 182040 182040 182358
  482: 182164 182358 182814
  483: 182485 182898 183289
  484: 182791 182814 182898
  485: 182972 183328 183426
  486: 182974 183289 183328
  487: 183422 183426 183784
  488: 183654 183784 184518
  489: 183988 185045 185304
  490: 184477 184518 184936
  491: 184628 185371 186171
  492: 184781 184936 185045
  493: 185223 185304 185371
  494: 185391 186304 186907
  495: 185815 186171 186304
  496: 186035 187044 187153
  497: 186314 187153 187603
  498: 186821 186907 187044
  499: 187511 187603 187977
  500: 187999 187999 188075
  501: 188452 188452 188945
  502: 188889 188945 189397
  503: 189287 189397 190088
  504: 189546 190088 190172
  505: 190162 190172 191150
  506: 190566 191150 191174
  507: 190713 191174 191894
  508: 191233 191894 191937
  509: 191788 191937 192069
  510: 192128 192128 192740
  511: 192865 192865 193306
  512: 193028 193454 193995
  513: 193185 193306 193454
  514: 193304 193995 194220
  515: 194042 194220 194901
  516: 194262 194968 195257
  517: 194612 194901 194968
  518: 195207 195257 195846
  519: 195787 195846 195987
  520: 196523 196523 196978
  521: 196630 196978 197053
  522: 197096 197096 197278
  523: 197296 197296 197319
  524: 197392 197392 197700
  525: 197570 197700 198275
  526: 197807 198322 198637
  527: 198056 198275 198322
  528: 198489 198637 198958
  529: 198813 198958 199153
  530: 199318 199318 199638
  531: 199730 199730 200281
  532: 199736 200281 201231
  533: 200372 201867 202048
  534: 200388 201247 201867
  535: 201097 201231 201247
  536: 201261 202392 202863
  537: 201654 202059 202109
  538: 201976 202048 202059
  539: 202096 202109 202392
  540: 202697 202894 203174
  541: 202804 202863 202894
  542: 203269 203269 203346
  543: 203761 203761 204037
  544: 203776 204037 204147
  545: 204480 204480 205085
  546: 204862 205085 205291
  547: 205360 205360 205389
  548: 205741 205741 205745
  549: 205983 205983 205999
  550: 206086 206086 206347
  551: 206486 206486 206575
  552: 206755 206755 207054
  553: 206906 207054 207784
  554: 207545 207784 208210
  555: 207807 208210 208502
  556: 208380 208502 208663
  557: 208962 208962 209070
  558: 209691 209691 209738
  559: 210131 210131 210690
  560: 210524 210690 211155
  561: 211040 211327 211646
  562: 211053 211155 211327
  563: 211469 211646 212137
  564: 212122 212137 212489
  565: 212166 212858 213360
  566: 212278 212489 212775
  567: 212553 212775 212858
  568: 213043 213859 213922
  569: 213268 213360 213859
  570: 213970 213970 214051
  571: 214093 214093 214142
  572: 214203 214203 214444
  573: 214269 214444 215266
  574: 214551 215266 215823
  575: 214636 215950 216050
  576: 214789 215823 215950
  577: 215494 216456 216730
  578: 215613 216050 216456
  579: 216176 216730 216922
  580: 216459 217420 217702
  581: 216490 217301 217420
  582: 216794 216952 217301
  583: 216825 216922 216952
  584: 217562 217702 218171
  585: 217989 218171 218747
  586: 218736 218747 218929
  587: 219200 219200 219793
  588: 219709 219793 220358
  589: 219907 220688 221009
  590: 220196 220358 220688
  591: 220917 221009 221543
  592: 221054 221543 221854
  593: 221666 221854 222413
  594: 221966 222413 222638
  595: 222247 222789 223152
  596: 222532 222638 222789
  597: 222765 223152 223160
  598: 223386 223386 223821
  599: 224024 224024 224482
  600: 224546 224546 224935
  601: 225094 225094 225365
  602: 225214 225365 225706
  603: 225843 225843 226331
  604: 225890 226331 227068
  605: 226564 227068 227414
  606: 226926 227824 227825
  607: 226958 227414 227631
  608: 227531 227631 227824
  609: 227540 227825 228519
  610: 227861 228519 228740
  611: 228573 228740 229164
  612: 229177 229177 229727
  613: 229627 229727 230101
  614: 230088 230101 230283
  615: 230424 230424 230564
  616: 231081 231081 231214
  617: 231088 231214 231357
  618: 231488 231488 232299
  619: 232147 232299 232550
  620: 232862 232862 233043
  621: 232898 233043 233385
  622: 233377 233385 233730
  623: 233455 233730 234044
  624: 234169 234169 234458
  625: 234598 234598 234863
  626: 234976 234976 235117
  627: 235121 235121 235331
  628: 235709 235709 236193
  629: 236421 236421 236816
  630: 236608 236816 236819
  631: 237144 237144 237415
  632: 237579 237579 238177
  633: 237704 238177 238787
  634: 238134 238787 238856
  635: 238669 238856 239338
  636: 239288 239338 239572
  637: 240013 240013 240309
  638: 240654 240654 241049
  639: 241308 241308 242044
  640: 241450 242156 242405
  641: 241592 242044 242156
  642: 242319 242405 242466
  643: 242326 242466 242836
  644: 242462 242836 243040
  645: 242580 243125 243566
  646: 242848 243040 243125
  647: 243269 243566 244072
  648: 243719 244072 244282
  649: 243761 244282 244835
  650: 244344 244835 245429
  651: 244873 245526 245595
  652: 245273 245429 245526
  653: 245327 245595 245810
  654: 245887 245887 246443
  655: 246035 246443 246451
  656: 246329 246451 246999
  657: 246804 246999 247025
  658: 247385 247385 247666
  659: 247475 247666 247981
  660: 247927 247981 248662
  661: 248222 249341 249347
  662: 248337 248662 249341
  663: 249016 249347 249555
  664: 249531 249555 249761
  665: 250231 250231 250726
  666: 250781 250781 250955
  667: 250835 250955 251327
  668: 251071 251327 251451
  669: 251565 251565 251646
  670: 251633 252219 252441
  671: 251635 251646 252067
  672: 251822 252067 252219
  673: 252459 252459 253291
  674: 252670 253291 254235
  675: 253410 254235 254319
  676: 253597 254801 254824
  677: 254236 254319 254801
  678: 254490 255244 255906
  679: 254611 254824 255177
  680: 255151 255177 255244
  681: 255522 255906 256208
  682: 256075 256208 256321
  683: 256618 256618 257133
  684: 257153 257153 257485
  685: 257242 258124 258433
  686: 257426 257485 257749
  687: 257644 257749 258124
  688: 258213 258433 259097
  689: 258605 259097 259197
  690: 258690 259197 259666
  691: 259387 259666 259812
  692: 260057 260057 260474
  693: 260634 260634 261182
  694: 261038 261182 261880
  695: 261235 262368 262550
  696: 261256 262045 262052
  697: 261794 261880 262045
  698: 262040 262052 262368
  699: 262656 262656 262873
  700: 263279 263279 264175
  701: 263917 265017 265038
  702: 263964 264175 264972
  703: 264394 265038 265783
  704: 264608 264972 265017
  705: 265257 265810 266205
  706: 265714 265783 265810
  707: 266288 266288 266392
  708: 266721 266721 266752
  709: 267275 267275 267691
  710: 267626 267691 267807
  711: 267912 267912 268406
  712: 268485 268485 268882
  713: 268683 268882 268888
  714: 269091 269091 269098
  715: 269196 269196 269485
  716: 269218 269485 270100
  717: 269558 270100 270998
  718: 269660 270998 271062
  719: 270348 271062 271456
  720: 270445 271773 271815
  721: 271063 271456 271773
  722: 271497 271815 272006
  723: 271682 272402 273231
  724: 271778 272012 272402
  725: 271986 272006 272012
  726: 272730 273231 273734
  727: 272802 273734 273830
  728: 273374 273830 274225
  729: 274014 274225 274279
  730: 274352 274352 275038
  731: 274866 275038 275551
  732: 275606 275606 275946
  733: 276037 276037 276055
  734: 276166 276166 276536
  735: 276577 276577 276768
  736: 276784 276784 276856
  737: 276818 276856 277339
  738: 277543 277543 278108
  739: 277556 278111 278311
  740: 277766 278108 278111
  741: 278286 278311 278489
  742: 279005 279005 279523
  743: 279029 279523 279593
  744: 279145 279707 279986
  745: 279169 279593 279707
  746: 279830 280003 280154
  747: 279897 279986 280003
  748: 280543 280543 280595
  749: 281289 281289 281920
  750: 281409 282324 282428
  751: 281663 281920 282324
  752: 282352 282428 282586
  753: 282575 282586 283087
  754: 283083 283087 283659
  755: 283820 283820 284466
  756: 284278 284466 284748
  757: 284454 284748 284856
  758: 284806 284856 285159
  759: 285025 285217 285519
  760: 285141 285159 285217
  761: 285317 285820 286109
  762: 285351 285519 285820
  763: 286032 286109 286980
  764: 286778 286980 286985
  765: 287486 287486 288234
  766: 287821 288234 288363
  767: 288267 288363 288446
  768: 288770 288770 289297
  769: 288961 289297 289841
  770: 289118 289841 289953
  771: 289351 289953 290538
  772: 290039 290538 290814
  773: 290334 290814 290972
  774: 290946 291299 291925
  775: 290959 292156 292209
  776: 290971 290972 291107
  777: 290979 291107 291299
  778: 291415 291925 292156
  779: 292144 292209 292605
  780: 292762 292762 293102
  781: 293312 293312 293955
  782: 293464 293955 294012
  783: 293945 294012 294556
  784: 294114 294556 294579
  785: 294283 294938 295039
  786: 294386 294579 294938
  787: 294581 295450 295859
  788: 294646 295039 295258
  789: 294980 295859 296708
  790: 295240 295258 295450
  791: 295898 296723 297249
  792: 296438 296708 296723
  793: 296757 297249 297309
  794: 297365 297365 297460
  795: 298026 298026 298263
  796: 298263 298263 298283
  797: 298946 298946 299041
  798: 299657 299657 299690
  799: 299953 299953 300332
  800: 300291 300332 300780
  801: 300750 300780 300812
  802: 300871 300871 301155
  803: 301356 301356 301980
  804: 301755 301980 302136
  805: 301871 302136 302922
  806: 302290 303521 303768
  807: 302473 302922 303521
  808: 303167 304384 304772
  809: 303605 304772 304836
  810: 303659 303768 304201
  811: 303938 304201 304279
  812: 304001 304279 304384
  813: 304684 304836 305540
  814: 305313 305799 305815
  815: 305468 305540 305799
  816: 306167 306167 306681
  817: 306829 306829 307556
  818: 307351 307556 307992
  819: 307610 307992 308292
  820: 308079 308335 308650
  821: 308163 308292 308335
  822: 308566 308650 308795
  823: 308917 308917 309023
  824: 308941 309023 309431
  825: 309091 309431 309480
  826: 309483 309483 309953
  827: 309854 309953 309987
  828: 310499 310499 310700
  829: 310980 310980 311272
  830: 311517 311517 311669
  831: 312261 312261 312464
  832: 312765 312765 312992
  833: 313323 313323 313827
  834: 313628 313827 314107
  835: 314079 314107 314163
  836: 314525 314525 315205
  837: 314692 315227 315787
  838: 314748 315205 315227
  839: 315196 315787 315814
  840: 315758 315814 316508
  841: 315917 316600 317034
  842: 316198 316508 316600
  843: 316861 317034 317071
  844: 316949 317071 317361
  845: 317652 317652 317959
  846: 317936 317959 318055
  847: 318299 318299 319176
  848: 318904 319176 319353
  849: 319223 319353 319367
  850: 319464 319464 319651
  851: 319653 319653 320542
  852: 320212 320807 320984
  853: 320252 320542 320639
  854: 320380 320639 320807
  855: 321077 321077 321522
  856: 321417 321522 322301
  857: 321565 322361 323110
  858: 322204 322301 322361
  859: 322256 323110 323249
  860: 322713 323249 324211
  861: 323317 324951 325194
  862: 324022 324211 324494
  863: 324056 324675 324951
  864: 324447 324494 324675
  865: 325172 325194 325339
  866: 325549 325549 326176
  867: 326123 326176 326208
  868: 326645 326645 327215
  869: 326700 327215 327263
  870: 327056 327263 328128
  871: 327650 328128 329054
  872: 327761 329054 329114
  873: 328333 329419 330102
  874: 328388 329114 329270
  875: 329118 329270 329419
  876: 329750 330102 330880
  877: 330258 330880 330884
  878: 330313 330884 330944
  879: 330713 330944 331072
  880: 330861 331072 331168
  881: 331193 331193 331395
  882: 331733 331733 332224
  883: 332449 332449 332657
  884: 332474 332657 333047
  885: 332691 333224 333527
  886: 332718 333047 333100
  887: 333049 333100 333202
  888: 333105 333202 333224
  889: 333246 333874 333888
  890: 333277 333527 333874
  891: 333903 333903 334640
  892: 334611 334640 335012
  893: 335114 335114 335609
  894: 335293 335609 335796
  895: 335754 335796 336029
  896: 336284 336284 336661
  897: 336390 336697 337029
  898: 336594 336661 336697
  899: 337232 337232 337354
  900: 337328 337354 337520
  901: 337941 337941 337964
  902: 338109 338109 338205
  903: 338371 338371 338411
  904: 338721 338721 338960
  905: 339058 339058 339087
  906: 339585 339585 339809
  907: 339882 339882 340244
  908: 340483 340483 341062
  909: 340983 341062 341090
  910: 341189 341189 341432
  911: 341549 341549 342249
  912: 341808 342249 342610
  913: 342119 342610 342613
  914: 342660 342660 343014
  915: 343357 343357 343941
  916: 343663 343941 344043
  917: 343676 344043 344157
  918: 343684 344157 344423
  919: 344386 344423 344534
  920: 345067 345067 345159
  921: 345810 345810 346035
  922: 346315 346315 346538
  923: 346511 346538 346625
  924: 346855 346855 347309
  925: 347244 347309 347503
  926: 347406 347503 348239
  927: 347947 348239 348802
  928: 348415 349018 349227
  929: 348554 348802 349018
  930: 348858 349227 349249
  931: 349007 349249 349948
  932: 349656 349948 350547
  933: 349994 350826 351208
  934: 350433 350547 350719
  935: 350701 350719 350826
  936: 351283 351283 351811
  937: 351365 351811 351914
  938: 351919 351919 352000
  939: 352616 352616 352787
  940: 352843 352843 353092
  941: 353546 353546 353617
  942: 353884 353884 354023
  943: 353948 354023 354606
  944: 354547 354606 354801
  945: 354865 354865 354931
  946: 355156 355156 355576
  947: 355173 355576 355946
  948: 355805 356121 356165
  949: 355906 355946 356121
  950: 356554 356554 356573
  951: 357249 357249 357397
  952: 357882 357882 358487
  953: 357953 358498 359057
  954: 358259 358487 358498
  955: 358848 359057 359186
  956: 359205 359205 359215
  957: 359380 359380 359585
  958: 359668 359668 360276
  959: 359673 360388 360636
  960: 360117 360276 360388
  961: 360410 361355 361435
  962: 360454 360636 360867
  963: 360634 360867 361355
  964: 361302 361435 362043
  965: 361553 362043 362424
  966: 362205 362424 362918
  967: 362504 363366 363370
  968: 362729 362918 363151
  969: 362954 363151 363366
  970: 363345 363370 363997
  971: 363663 363997 364084
  972: 364272 364272 364932
  973: 364970 364970 365432
  974: 365707 365707 366446
  975: 365994 366607 366807
  976: 366272 366446 366607
  977: 366692 366807 366952
  978: 366836 366952 367324
  979: 367087 367456 368042
  980: 367222 367324 367456
  981: 367854 368042 368077
  982: 368556 368556 368749
  983: 369131 369131 369137
  984: 369685 369685 369854
  985: 370397 370397 370592
  986: 370514 370592 370704
  987: 370712 370712 371306
  988: 370740 371769 372080
  989: 370866 372115 372255
  990: 370966 371306 371722
  991: 371414 371722 371769
  992: 371662 372080 372115
  993: 372366 372366 372871
  994: 373089 373089 373339
  995: 373547 373547 373677
  996: 374258 374258 374567
  997: 374405 374567 374997
  998: 374929 374997 375077
  999: 375021 375077 375602
SUM: 375602 299588 0.7976 536.29 236.70 1821
