    0:     1     1     4
    1:     4     4    11
    2:     6    11    14
    3:    13    14    22
    4:    19    22    31
    5:    20    31    43
    6:    23    54    57
    7:    30    69    70
    8:    35    71    73
    9:    40    43    54
   10:    46    94    95
   11:    48    57    68
   12:    52    70    71
   13:    59    68    69
   14:    60    95   101
   15:    67    73    93
   16:    71    93    94
   17:    74   125   128
   18:    79   107   110
   19:    83   115   116
   20:    89   116   125
   21:    93    95    95
   22:    95   110   115
   23:    98   125   125
   24:   100   101   107
   25:   105   155   156
   26:   110   115   115
   27:   117   128   140
   28:   123   156   157
   29:   127   141   155
   30:   131   179   182
   31:   134   140   141
   32:   138   182   184
   33:   143   184   186
   34:   147   157   164
   35:   148   157   157
   36:   149   164   176
   37:   155   184   184
   38:   162   164   164
   39:   169   176   179
   40:   175   184   184
   41:   177   191   199
   42:   184   186   191
   43:   188   199   200
   44:   192   200   213
   45:   199   240   241
   46:   200   229   230
   47:   206   225   227
   48:   207   230   240
   49:   211   213   225
   50:   215   252   259
   51:   218   261   262
   52:   220   268   269
   53:   221   259   261
   54:   225   267   268
   55:   226   227   229
   56:   231   262   265
   57:   235   241   247
   58:   236   247   252
   59:   243   247   247
   60:   248   285   288
   61:   250   292   294
   62:   254   291   292
   63:   256   265   267
   64:   257   259   259
   65:   261   269   285
   66:   266   294   295
   67:   271   288   291
   68:   278   307   313
   69:   279   313   321
   70:   282   291   291
   71:   288   288   288
   72:   290   295   307
   73:   296   344   349
   74:   299   334   338
   75:   303   321   321
   76:   310   321   333
   77:   315   338   340
   78:   321   340   344
   79:   328   372   373
   80:   330   333   334
   81:   337   370   372
   82:   338   340   340
   83:   340   373   375
   84:   344   373   373
   85:   347   349   370
   86:   354   375   375
   87:   359   375   386
   88:   366   386   389
   89:   372   389   390
   90:   373   393   401
   91:   376   390   391
   92:   380   425   427
   93:   383   414   419
   94:   388   391   393
   95:   392   411   414
   96:   399   401   411
   97:   400   419   423
   98:   406   423   425
   99:   412   453   458
  100:   417   427   429
  101:   424   440   453
  102:   429   429   440
  103:   435   477   480
  104:   437   459   477
  105:   440   480   482
  106:   446   485   487
  107:   452   487   489
  108:   456   482   482
  109:   457   458   459
  110:   461   489   510
  111:   468   482   482
  112:   475   482   485
  113:   482   518   520
  114:   488   489   489
  115:   495   520   532
  116:   500   534   539
  117:   503   545   551
  118:   508   510   515
  119:   511   515   518
  120:   516   532   534
  121:   522   551   573
  122:   528   540   545
  123:   535   539   540
  124:   542   575   577
  125:   546   573   575
  126:   553   589   590
  127:   560   577   580
  128:   564   580   588
  129:   571   590   592
  130:   573   588   589
  131:   580   588   588
  132:   585   590   590
  133:   588   604   606
  134:   592   592   604
  135:   597   606   613
  136:   604   624   626
  137:   606   613   624
  138:   613   634   641
  139:   619   644   646
  140:   624   626   630
  141:   626   630   634
  142:   633   641   644
  143:   640   646   657
  144:   643   657   661
  145:   646   646   646
  146:   647   687   693
  147:   651   680   683
  148:   655   664   668
  149:   661   661   664
  150:   666   686   687
  151:   668   668   671
  152:   671   671   680
  153:   675   693   711
  154:   676   713   715
  155:   678   711   713
  156:   683   683   686
  157:   689   713   713
  158:   694   728   734
  159:   695   735   739
  160:   697   725   728
  161:   704   716   717
  162:   709   715   716
  163:   715   717   725
  164:   718   756   759
  165:   724   734   734
  166:   725   734   735
  167:   731   759   761
  168:   733   761   766
  169:   736   739   756
  170:   740   791   793
  171:   746   780   786
  172:   752   777   780
  173:   756   793   797
  174:   761   766   767
  175:   764   767   774
  176:   771   786   791
  177:   773   774   777
  178:   780   820   824
  179:   784   797   815
  180:   790   815   820
  181:   795   797   797
  182:   799   825   838
  183:   801   838   840
  184:   808   824   825
  185:   815   843   851
  186:   821   840   842
  187:   827   842   843
  188:   834   870   877
  189:   841   877   878
  190:   843   865   870
  191:   849   851   865
  192:   852   878   878
  193:   856   901   906
  194:   859   888   896
  195:   865   898   901
  196:   867   897   898
  197:   872   878   887
  198:   877   887   888
  199:   881   925   926
  200:   886   896   897
  201:   890   918   925
  202:   897   914   918
  203:   901   931   933
  204:   906   906   914
  205:   911   934   955
  206:   913   956   957
  207:   919   955   955
  208:   924   926   931
  209:   929   957   961
  210:   933   933   934
  211:   936   979   987
  212:   940   961   961
  213:   944   955   956
  214:   949   961   968
  215:   956   989   990
  216:   958   968   973
  217:   963   968   968
  218:   970   998  1014
  219:   971   973   979
  220:   975   987   989
  221:   982   987   987
  222:   983   994   998
  223:   984   993   994
  224:   988   990   993
  225:   995  1014  1016
  226:  1001  1016  1022
  227:  1004  1022  1024
  228:  1009  1029  1031
  229:  1016  1024  1028
  230:  1018  1063  1069
  231:  1023  1028  1029
  232:  1030  1031  1040
  233:  1036  1046  1052
  234:  1039  1040  1046
  235:  1042  1052  1058
  236:  1048  1058  1063
  237:  1052  1089  1091
  238:  1058  1069  1081
  239:  1063  1096  1098
  240:  1064  1098  1100
  241:  1071  1084  1088
  242:  1074  1088  1089
  243:  1076  1081  1084
  244:  1080  1091  1094
  245:  1084  1094  1096
  246:  1090  1111  1124
  247:  1093  1100  1108
  248:  1094  1124  1124
  249:  1096  1108  1111
  250:  1103  1140  1141
  251:  1109  1145  1147
  252:  1113  1125  1134
  253:  1118  1141  1145
  254:  1119  1134  1137
  255:  1120  1137  1138
  256:  1124  1124  1125
  257:  1131  1172  1176
  258:  1137  1138  1140
  259:  1141  1147  1159
  260:  1147  1167  1172
  261:  1149  1176  1177
  262:  1152  1159  1159
  263:  1157  1159  1166
  264:  1159  1195  1198
  265:  1160  1166  1167
  266:  1161  1198  1200
  267:  1168  1198  1198
  268:  1169  1176  1176
  269:  1171  1200  1203
  270:  1175  1177  1195
  271:  1181  1198  1198
  272:  1184  1219  1223
  273:  1186  1229  1234
  274:  1187  1228  1229
  275:  1190  1234  1235
  276:  1195  1203  1208
  277:  1201  1235  1236
  278:  1203  1223  1224
  279:  1205  1208  1219
  280:  1210  1236  1239
  281:  1215  1259  1261
  282:  1222  1224  1228
  283:  1228  1268  1270
  284:  1233  1247  1259
  285:  1237  1239  1245
  286:  1240  1245  1247
  287:  1245  1267  1268
  288:  1249  1261  1265
  289:  1256  1261  1261
  290:  1257  1280  1289
  291:  1263  1265  1267
  292:  1265  1270  1280
  293:  1272  1321  1323
  294:  1273  1289  1292
  295:  1275  1324  1325
  296:  1277  1294  1301
  297:  1280  1292  1294
  298:  1282  1292  1292
  299:  1283  1301  1301
  300:  1290  1326  1327
  301:  1291  1309  1312
  302:  1298  1301  1309
  303:  1303  1323  1324
  304:  1305  1312  1312
  305:  1312  1312  1321
  306:  1313  1325  1326
  307:  1319  1323  1323
  308:  1326  1327  1351
  309:  1332  1351  1360
  310:  1334  1367  1368
  311:  1337  1364  1367
  312:  1343  1363  1364
  313:  1347  1368  1370
  314:  1352  1370  1377
  315:  1358  1368  1368
  316:  1359  1360  1363
  317:  1361  1387  1398
  318:  1367  1398  1405
  319:  1374  1377  1380
  320:  1380  1380  1387
  321:  1386  1425  1426
  322:  1392  1413  1418
  323:  1393  1427  1429
  324:  1399  1418  1425
  325:  1402  1405  1413
  326:  1407  1426  1427
  327:  1414  1442  1449
  328:  1418  1426  1426
  329:  1419  1454  1459
  330:  1423  1429  1442
  331:  1426  1449  1449
  332:  1432  1442  1442
  333:  1434  1481  1483
  334:  1439  1449  1454
  335:  1443  1459  1473
  336:  1446  1449  1449
  337:  1451  1475  1478
  338:  1453  1473  1475
  339:  1456  1478  1481
  340:  1463  1511  1515
  341:  1467  1484  1488
  342:  1470  1507  1510
  343:  1476  1488  1502
  344:  1479  1483  1484
  345:  1486  1515  1517
  346:  1487  1502  1507
  347:  1493  1533  1541
  348:  1498  1517  1533
  349:  1501  1541  1542
  350:  1507  1542  1543
  351:  1510  1510  1511
  352:  1513  1517  1517
  353:  1516  1543  1547
  354:  1519  1566  1571
  355:  1526  1533  1533
  356:  1532  1543  1543
  357:  1539  1573  1576
  358:  1543  1565  1566
  359:  1547  1547  1560
  360:  1551  1588  1596
  361:  1553  1560  1565
  362:  1555  1600  1601
  363:  1561  1571  1573
  364:  1568  1596  1596
  365:  1575  1576  1585
  366:  1582  1586  1588
  367:  1584  1585  1586
  368:  1586  1596  1600
  369:  1590  1615  1618
  370:  1592  1613  1615
  371:  1593  1610  1613
  372:  1598  1601  1610
  373:  1605  1618  1626
  374:  1612  1626  1641
  375:  1617  1642  1644
  376:  1623  1626  1626
  377:  1630  1644  1645
  378:  1636  1645  1664
  379:  1640  1641  1642
  380:  1646  1674  1676
  381:  1649  1664  1668
  382:  1655  1686  1688
  383:  1662  1668  1674
  384:  1664  1685  1686
  385:  1665  1676  1678
  386:  1666  1688  1690
  387:  1667  1690  1692
  388:  1674  1681  1685
  389:  1678  1678  1681
  390:  1682  1692  1701
  391:  1685  1715  1717
  392:  1688  1701  1704
  393:  1693  1717  1721
  394:  1697  1704  1706
  395:  1700  1748  1752
  396:  1705  1706  1715
  397:  1711  1721  1742
  398:  1715  1747  1748
  399:  1722  1772  1773
  400:  1725  1752  1767
  401:  1732  1767  1769
  402:  1737  1742  1747
  403:  1740  1769  1771
  404:  1743  1752  1752
  405:  1750  1773  1782
  406:  1753  1797  1798
  407:  1758  1798  1800
  408:  1759  1809  1812
  409:  1763  1808  1809
  410:  1764  1771  1772
  411:  1768  1804  1805
  412:  1769  1790  1796
  413:  1771  1809  1809
  414:  1775  1782  1787
  415:  1777  1787  1790
  416:  1783  1800  1803
  417:  1786  1803  1804
  418:  1790  1796  1797
  419:  1791  1800  1800
  420:  1792  1831  1833
  421:  1796  1805  1808
  422:  1800  1800  1800
  423:  1803  1826  1831
  424:  1809  1812  1818
  425:  1816  1818  1825
  426:  1819  1842  1845
  427:  1821  1833  1833
  428:  1823  1825  1826
  429:  1828  1836  1842
  430:  1832  1833  1836
  431:  1834  1865  1876
  432:  1835  1845  1850
  433:  1839  1862  1865
  434:  1842  1842  1842
  435:  1847  1850  1851
  436:  1848  1851  1862
  437:  1850  1851  1851
  438:  1857  1896  1898
  439:  1862  1881  1896
  440:  1863  1898  1900
  441:  1870  1876  1878
  442:  1873  1878  1881
  443:  1878  1928  1929
  444:  1884  1922  1923
  445:  1888  1925  1928
  446:  1890  1896  1896
  447:  1897  1900  1903
  448:  1900  1903  1915
  449:  1905  1915  1922
  450:  1910  1923  1925
  451:  1915  1942  1946
  452:  1917  1925  1925
  453:  1923  1929  1930
  454:  1926  1946  1949
  455:  1927  1930  1940
  456:  1933  1946  1946
  457:  1937  1940  1942
  458:  1942  1949  1957
  459:  1947  1957  1965
  460:  1950  1965  1969
  461:  1956  1969  1984
  462:  1963  1984  1997
  463:  1970  2016  2017
  464:  1974  2017  2021
  465:  1980  1997  1997
  466:  1985  1997  1998
  467:  1986  1999  2002
  468:  1992  2021  2021
  469:  1994  2012  2016
  470:  1997  2002  2009
  471:  1998  1998  1999
  472:  1999  2009  2010
  473:  2003  2010  2011
  474:  2005  2051  2052
  475:  2007  2011  2012
  476:  2011  2021  2023
  477:  2014  2029  2045
  478:  2018  2023  2029
  479:  2024  2052  2052
  480:  2030  2045  2050
  481:  2033  2050  2051
  482:  2040  2072  2077
  483:  2043  2079  2080
  484:  2047  2052  2057
  485:  2051  2077  2079
  486:  2055  2057  2072
  487:  2060  2080  2081
  488:  2067  2097  2104
  489:  2069  2072  2072
  490:  2074  2083  2092
  491:  2080  2081  2083
  492:  2086  2104  2108
  493:  2092  2092  2097
  494:  2097  2129  2132
  495:  2099  2113  2122
  496:  2103  2108  2113
  497:  2108  2132  2136
  498:  2113  2122  2129
  499:  2115  2162  2163
  500:  2122  2161  2162
  501:  2125  2136  2139
  502:  2131  2139  2152
  503:  2138  2163  2166
  504:  2143  2166  2183
  505:  2147  2184  2187
  506:  2148  2152  2161
  507:  2150  2191  2193
  508:  2155  2187  2189
  509:  2160  2183  2184
  510:  2163  2193  2193
  511:  2169  2221  2222
  512:  2175  2204  2211
  513:  2179  2218  2221
  514:  2181  2193  2204
  515:  2187  2189  2191
  516:  2193  2215  2218
  517:  2199  2234  2245
  518:  2204  2211  2215
  519:  2211  2249  2251
  520:  2212  2246  2249
  521:  2213  2222  2222
  522:  2216  2245  2246
  523:  2220  2222  2234
  524:  2226  2278  2280
  525:  2233  2276  2277
  526:  2239  2270  2272
  527:  2241  2277  2278
  528:  2243  2251  2258
  529:  2244  2269  2270
  530:  2251  2258  2260
  531:  2254  2273  2276
  532:  2255  2260  2269
  533:  2258  2277  2277
  534:  2261  2294  2295
  535:  2265  2272  2273
  536:  2272  2280  2281
  537:  2278  2289  2294
  538:  2281  2281  2289
  539:  2284  2295  2299
  540:  2288  2299  2305
  541:  2289  2294  2294
  542:  2292  2327  2333
  543:  2294  2305  2309
  544:  2300  2326  2327
  545:  2303  2310  2326
  546:  2308  2309  2310
  547:  2312  2342  2349
  548:  2316  2327  2327
  549:  2318  2349  2349
  550:  2325  2357  2361
  551:  2328  2333  2335
  552:  2332  2335  2337
  553:  2334  2337  2342
  554:  2338  2349  2357
  555:  2339  2362  2364
  556:  2343  2361  2362
  557:  2349  2379  2380
  558:  2351  2380  2389
  559:  2355  2364  2375
  560:  2357  2362  2362
  561:  2364  2389  2393
  562:  2365  2411  2416
  563:  2368  2418  2419
  564:  2370  2375  2379
  565:  2374  2417  2418
  566:  2377  2379  2379
  567:  2383  2393  2404
  568:  2389  2419  2420
  569:  2391  2416  2417
  570:  2397  2404  2408
  571:  2403  2418  2418
  572:  2405  2408  2411
  573:  2409  2438  2439
  574:  2412  2420  2433
  575:  2417  2433  2436
  576:  2422  2449  2458
  577:  2428  2458  2459
  578:  2433  2439  2449
  579:  2435  2436  2438
  580:  2442  2480  2481
  581:  2445  2471  2473
  582:  2451  2467  2471
  583:  2453  2487  2488
  584:  2457  2473  2480
  585:  2458  2459  2467
  586:  2459  2488  2488
  587:  2462  2473  2473
  588:  2464  2516  2518
  589:  2465  2481  2483
  590:  2469  2471  2471
  591:  2471  2483  2487
  592:  2472  2506  2507
  593:  2476  2488  2500
  594:  2481  2507  2511
  595:  2485  2500  2506
  596:  2490  2518  2518
  597:  2492  2511  2515
  598:  2495  2511  2511
  599:  2500  2515  2516
  600:  2503  2545  2548
  601:  2505  2506  2506
  602:  2508  2542  2543
  603:  2514  2519  2533
  604:  2518  2518  2519
  605:  2525  2577  2578
  606:  2528  2543  2543
  607:  2530  2533  2542
  608:  2533  2544  2545
  609:  2536  2548  2559
  610:  2539  2543  2544
  611:  2541  2564  2566
  612:  2542  2559  2564
  613:  2548  2566  2566
  614:  2555  2605  2607
  615:  2557  2566  2569
  616:  2561  2569  2577
  617:  2562  2597  2601
  618:  2563  2578  2579
  619:  2569  2586  2597
  620:  2575  2579  2579
  621:  2577  2579  2586
  622:  2584  2601  2604
  623:  2591  2618  2626
  624:  2596  2626  2628
  625:  2601  2604  2605
  626:  2606  2607  2618
  627:  2608  2651  2653
  628:  2611  2628  2631
  629:  2618  2645  2650
  630:  2621  2631  2643
  631:  2627  2643  2645
  632:  2631  2653  2658
  633:  2633  2650  2651
  634:  2640  2687  2688
  635:  2642  2653  2653
  636:  2647  2683  2687
  637:  2654  2658  2674
  638:  2661  2674  2682
  639:  2662  2682  2683
  640:  2669  2711  2717
  641:  2676  2698  2703
  642:  2677  2710  2711
  643:  2684  2688  2698
  644:  2689  2703  2710
  645:  2695  2736  2741
  646:  2699  2730  2733
  647:  2705  2728  2730
  648:  2710  2722  2728
  649:  2714  2717  2722
  650:  2721  2735  2736
  651:  2727  2753  2755
  652:  2730  2755  2761
  653:  2731  2733  2735
  654:  2733  2752  2753
  655:  2734  2748  2751
  656:  2738  2741  2748
  657:  2740  2751  2752
  658:  2746  2763  2766
  659:  2748  2755  2755
  660:  2749  2761  2763
  661:  2752  2761  2761
  662:  2756  2766  2766
  663:  2761  2773  2780
  664:  2763  2780  2781
  665:  2764  2766  2773
  666:  2766  2784  2787
  667:  2767  2781  2784
  668:  2771  2773  2773
  669:  2774  2822  2823
  670:  2776  2796  2797
  671:  2778  2780  2780
  672:  2782  2787  2796
  673:  2786  2823  2824
  674:  2791  2797  2819
  675:  2796  2819  2822
  676:  2801  2843  2845
  677:  2806  2838  2841
  678:  2807  2841  2843
  679:  2814  2824  2834
  680:  2820  2847  2848
  681:  2822  2836  2838
  682:  2825  2834  2834
  683:  2826  2848  2851
  684:  2832  2834  2836
  685:  2836  2845  2847
  686:  2840  2863  2865
  687:  2846  2851  2859
  688:  2847  2868  2871
  689:  2854  2861  2863
  690:  2856  2859  2861
  691:  2860  2865  2868
  692:  2861  2898  2904
  693:  2863  2894  2898
  694:  2866  2883  2894
  695:  2871  2871  2879
  696:  2878  2879  2883
  697:  2885  2920  2925
  698:  2889  2906  2907
  699:  2894  2925  2926
  700:  2898  2929  2933
  701:  2899  2904  2906
  702:  2904  2917  2920
  703:  2906  2907  2917
  704:  2909  2926  2927
  705:  2913  2927  2929
  706:  2914  2957  2959
  707:  2921  2935  2953
  708:  2924  2953  2957
  709:  2929  2933  2935
  710:  2936  2959  2975
  711:  2942  2975  2977
  712:  2947  2978  2981
  713:  2949  2953  2953
  714:  2955  2983  2986
  715:  2962  3002  3003
  716:  2968  3004  3015
  717:  2971  2986  3002
  718:  2974  2977  2978
  719:  2980  2981  2983
  720:  2983  3003  3004
  721:  2987  3015  3032
  722:  2991  3002  3002
  723:  2998  3036  3044
  724:  3003  3034  3035
  725:  3010  3033  3034
  726:  3012  3035  3036
  727:  3014  3015  3015
  728:  3018  3032  3033
  729:  3021  3061  3062
  730:  3026  3064  3065
  731:  3032  3046  3061
  732:  3035  3062  3064
  733:  3042  3044  3046
  734:  3048  3088  3094
  735:  3052  3065  3070
  736:  3055  3070  3072
  737:  3060  3094  3097
  738:  3065  3086  3088
  739:  3071  3072  3077
  740:  3073  3088  3088
  741:  3074  3097  3098
  742:  3076  3077  3086
  743:  3078  3097  3097
  744:  3084  3120  3121
  745:  3086  3098  3119
  746:  3090  3121  3122
  747:  3095  3122  3127
  748:  3102  3122  3122
  749:  3103  3127  3138
  750:  3105  3153  3156
  751:  3106  3138  3138
  752:  3111  3152  3153
  753:  3112  3119  3120
  754:  3113  3139  3145
  755:  3118  3138  3139
  756:  3121  3156  3158
  757:  3128  3153  3153
  758:  3135  3145  3152
  759:  3136  3181  3187
  760:  3140  3173  3174
  761:  3142  3174  3180
  762:  3146  3180  3181
  763:  3149  3165  3166
  764:  3153  3162  3165
  765:  3158  3158  3162
  766:  3159  3180  3180
  767:  3164  3166  3173
  768:  3170  3200  3202
  769:  3174  3211  3214
  770:  3178  3198  3200
  771:  3184  3187  3198
  772:  3187  3204  3206
  773:  3190  3202  3204
  774:  3196  3239  3245
  775:  3198  3204  3204
  776:  3200  3206  3211
  777:  3202  3214  3214
  778:  3206  3214  3216
  779:  3212  3216  3223
  780:  3214  3223  3232
  781:  3220  3232  3239
  782:  3224  3271  3272
  783:  3230  3257  3259
  784:  3234  3251  3252
  785:  3237  3272  3272
  786:  3242  3245  3245
  787:  3245  3245  3251
  788:  3251  3252  3257
  789:  3253  3259  3271
  790:  3259  3272  3274
  791:  3260  3274  3285
  792:  3262  3300  3302
  793:  3263  3294  3295
  794:  3270  3302  3305
  795:  3274  3285  3294
  796:  3277  3285  3285
  797:  3282  3295  3296
  798:  3285  3296  3300
  799:  3291  3325  3327
  800:  3295  3327  3329
  801:  3298  3322  3324
  802:  3299  3324  3325
  803:  3302  3324  3324
  804:  3304  3305  3318
  805:  3311  3321  3322
  806:  3313  3325  3325
  807:  3315  3318  3321
  808:  3317  3341  3346
  809:  3324  3336  3341
  810:  3329  3329  3336
  811:  3336  3378  3380
  812:  3337  3373  3374
  813:  3342  3372  3373
  814:  3346  3346  3351
  815:  3349  3351  3371
  816:  3354  3374  3376
  817:  3356  3371  3372
  818:  3357  3373  3373
  819:  3362  3372  3372
  820:  3368  3406  3410
  821:  3371  3381  3406
  822:  3376  3376  3378
  823:  3380  3380  3381
  824:  3386  3430  3437
  825:  3390  3410  3419
  826:  3397  3419  3427
  827:  3399  3406  3406
  828:  3401  3437  3440
  829:  3408  3437  3437
  830:  3410  3427  3428
  831:  3416  3462  3466
  832:  3423  3454  3455
  833:  3426  3428  3430
  834:  3427  3466  3467
  835:  3431  3458  3462
  836:  3435  3440  3450
  837:  3442  3456  3458
  838:  3443  3496  3497
  839:  3444  3467  3469
  840:  3448  3450  3454
  841:  3449  3488  3494
  842:  3450  3455  3456
  843:  3456  3467  3467
  844:  3459  3494  3496
  845:  3462  3497  3498
  846:  3467  3469  3487
  847:  3474  3516  3523
  848:  3478  3508  3516
  849:  3479  3523  3527
  850:  3484  3487  3488
  851:  3490  3498  3507
  852:  3497  3507  3508
  853:  3499  3527  3528
  854:  3500  3553  3555
  855:  3502  3549  3550
  856:  3504  3552  3553
  857:  3508  3516  3516
  858:  3509  3528  3543
  859:  3515  3523  3523
  860:  3516  3543  3543
  861:  3519  3543  3549
  862:  3525  3550  3551
  863:  3529  3570  3572
  864:  3533  3574  3576
  865:  3536  3543  3543
  866:  3542  3551  3552
  867:  3546  3578  3580
  868:  3551  3555  3563
  869:  3554  3567  3570
  870:  3561  3572  3574
  871:  3563  3563  3567
  872:  3567  3576  3578
  873:  3572  3583  3600
  874:  3577  3600  3604
  875:  3578  3580  3583
  876:  3582  3604  3607
  877:  3589  3626  3627
  878:  3592  3627  3629
  879:  3598  3607  3615
  880:  3603  3623  3626
  881:  3607  3620  3621
  882:  3614  3615  3616
  883:  3615  3616  3620
  884:  3619  3621  3623
  885:  3622  3629  3640
  886:  3628  3642  3651
  887:  3629  3640  3642
  888:  3635  3640  3640
  889:  3639  3680  3681
  890:  3645  3651  3680
  891:  3652  3702  3703
  892:  3654  3692  3695
  893:  3661  3681  3688
  894:  3662  3698  3702
  895:  3666  3703  3703
  896:  3667  3695  3698
  897:  3670  3690  3692
  898:  3674  3710  3711
  899:  3678  3708  3710
  900:  3682  3688  3690
  901:  3688  3702  3702
  902:  3690  3698  3698
  903:  3694  3703  3708
  904:  3698  3703  3703
  905:  3702  3727  3731
  906:  3705  3711  3712
  907:  3707  3717  3720
  908:  3708  3741  3742
  909:  3710  3715  3717
  910:  3711  3712  3715
  911:  3712  3720  3724
  912:  3719  3720  3720
  913:  3723  3724  3727
  914:  3728  3731  3741
  915:  3734  3742  3757
  916:  3740  3741  3741
  917:  3742  3766  3771
  918:  3748  3757  3761
  919:  3749  3787  3789
  920:  3754  3786  3787
  921:  3758  3763  3766
  922:  3760  3761  3763
  923:  3765  3781  3783
  924:  3767  3774  3781
  925:  3769  3771  3774
  926:  3770  3771  3771
  927:  3777  3783  3786
  928:  3782  3789  3800
  929:  3786  3800  3801
  930:  3793  3820  3821
  931:  3800  3801  3820
  932:  3806  3825  3833
  933:  3811  3821  3823
  934:  3816  3838  3840
  935:  3817  3823  3825
  936:  3823  3833  3834
  937:  3826  3834  3838
  938:  3830  3850  3851
  939:  3833  3834  3834
  940:  3835  3840  3849
  941:  3836  3851  3865
  942:  3837  3849  3850
  943:  3838  3865  3870
  944:  3845  3865  3865
  945:  3851  3894  3895
  946:  3854  3885  3888
  947:  3860  3884  3885
  948:  3863  3899  3900
  949:  3865  3878  3884
  950:  3867  3870  3878
  951:  3872  3923  3924
  952:  3878  3900  3900
  953:  3879  3895  3899
  954:  3882  3885  3885
  955:  3884  3888  3894
  956:  3888  3900  3915
  957:  3892  3917  3918
  958:  3897  3916  3917
  959:  3901  3915  3916
  960:  3904  3919  3923
  961:  3910  3918  3919
  962:  3914  3930  3941
  963:  3919  3924  3930
  964:  3923  3941  3942
  965:  3929  3941  3941
  966:  3936  3942  3956
  967:  3943  3959  3962
  968:  3944  3978  3982
  969:  3946  3976  3978
  970:  3950  3962  3964
  971:  3951  3964  3976
  972:  3956  3956  3959
  973:  3958  3987  3988
  974:  3965  3982  3983
  975:  3969  4019  4021
  976:  3971  3984  3987
  977:  3974  4015  4019
  978:  3977  3982  3982
  979:  3979  3988  3993
  980:  3980  3983  3984
  981:  3987  4002  4006
  982:  3992  3993  4000
  983:  3999  4000  4002
  984:  4000  4021  4022
  985:  4003  4006  4015
  986:  4008  4041  4047
  987:  4014  4022  4024
  988:  4017  4024  4033
  989:  4019  4038  4041
  990:  4020  4047  4049
  991:  4025  4041  4041
  992:  4030  4033  4038
  993:  4037  4049  4054
  994:  4042  4047  4047
  995:  4048  4054  4070
  996:  4055  4070  4079
  997:  4056  4079  4081
  998:  4057  4070  4070
  999:  4059  4081  4084
SUM: 4084 4083 0.9998 22.79 18.70 53
