    0:     1     1   454
    1:   317   454   686
    2:   798   798  1147
    3:  1265  1265  1270
    4:  1431  1431  1635
    5:  1452  1635  2164
    6:  1751  2164  2963
    7:  2212  3584  3630
    8:  2264  3072  3125
    9:  2316  3125  3343
   10:  2492  3389  3584
   11:  2803  2963  3072
   12:  2863  3630  3758
   13:  3265  3343  3389
   14:  3331  4611  4630
   15:  3530  3772  4611
   16:  3702  3758  3772
   17:  3980  5179  5515
   18:  4164  4829  5028
   19:  4489  4630  4818
   20:  4508  4818  4829
   21:  4868  5028  5174
   22:  5122  5174  5179
   23:  5516  5516  5822
   24:  5665  5882  6102
   25:  5690  5822  5859
   26:  5734  5859  5882
   27:  5913  6102  6786
   28:  6260  6786  6832
   29:  6560  7401  7824
   30:  6589  6832  6996
   31:  6939  7256  7400
   32:  6956  6996  7256
   33:  7312  7400  7401
   34:  7689  7864  8294
   35:  7744  7827  7864
   36:  7773  7824  7827
   37:  7990  8443  8777
   38:  8228  8294  8434
   39:  8319  8777  8986
   40:  8379  8434  8443
   41:  8593  8986  9553
   42:  9047  9948 10132
   43:  9257  9553  9948
   44:  9734 10900 10938
   45:  9950 10938 10947
   46:  9962 10132 10784
   47: 10171 10808 10900
   48: 10369 10784 10788
   49: 10602 10788 10808
   50: 10851 10947 11512
   51: 11325 11512 11532
   52: 11530 11532 11707
   53: 11593 11707 12213
   54: 11897 12213 12791
   55: 12230 13366 13639
   56: 12503 12791 13006
   57: 12973 13006 13366
   58: 13416 14181 14230
   59: 13447 13639 13751
   60: 13640 13751 14095
   61: 14068 14095 14181
   62: 14385 14385 14472
   63: 14621 14621 14864
   64: 14825 14864 15773
   65: 14918 15781 15806
   66: 15178 16118 16580
   67: 15412 15773 15781
   68: 15671 15806 16118
   69: 16083 16580 16585
   70: 16537 16585 16948
   71: 16967 16967 17003
   72: 17262 17262 17607
   73: 17719 17719 18043
   74: 17801 18118 18543
   75: 17961 18043 18118
   76: 18198 18543 19343
   77: 18680 19343 19410
   78: 18906 19631 19739
   79: 18978 19739 20163
   80: 19168 19410 19631
   81: 19554 20163 20203
   82: 19787 20203 20864
   83: 20206 21600 21609
   84: 20626 20864 21286
   85: 20685 21371 21372
   86: 20764 21569 21600
   87: 20868 21286 21371
   88: 21258 22185 22529
   89: 21372 21372 21569
   90: 21422 21609 22047
   91: 21672 22047 22075
   92: 22036 22075 22185
   93: 22380 22529 22588
   94: 22833 22833 23486
   95: 22857 23962 24416
   96: 22941 23486 23499
   97: 23038 23584 23855
   98: 23071 24416 24671
   99: 23383 23499 23584
  100: 23732 23855 23962
  101: 24061 24671 25495
  102: 24422 25495 25505
  103: 24726 25536 25868
  104: 25222 25505 25536
  105: 25449 25868 26279
  106: 25643 26578 27201
  107: 25979 26279 26302
  108: 26191 26302 26548
  109: 26341 26562 26578
  110: 26441 26548 26562
  111: 26752 27602 27789
  112: 26838 27201 27338
  113: 26841 27789 27918
  114: 27268 27338 27525
  115: 27342 27525 27602
  116: 27530 28056 28763
  117: 27737 27918 28056
  118: 28075 29508 29547
  119: 28379 28763 28900
  120: 28810 28900 29508
  121: 29193 29547 29775
  122: 29204 29775 29964
  123: 29389 29964 29970
  124: 29792 29970 30196
  125: 30182 31594 31642
  126: 30194 30196 30463
  127: 30382 30463 30671
  128: 30495 30671 30856
  129: 30714 31254 31566
  130: 30722 30856 31061
  131: 31041 31061 31254
  132: 31239 31572 31594
  133: 31487 31566 31572
  134: 31528 31642 31742
  135: 31902 31902 32741
  136: 31988 33115 33170
  137: 32088 33262 33493
  138: 32568 32741 33115
  139: 32889 33572 34066
  140: 33012 33170 33262
  141: 33399 33493 33572
  142: 33815 34066 34680
  143: 34051 34680 34772
  144: 34319 35612 35623
  145: 34391 34772 35266
  146: 34642 35266 35497
  147: 35118 35497 35612
  148: 35539 35623 36085
  149: 36029 36085 36560
  150: 36308 36560 36756
  151: 36744 36756 36758
  152: 36868 36868 37525
  153: 37332 37525 37660
  154: 37655 37660 38022
  155: 38144 38144 38469
  156: 38643 38643 38785
  157: 38728 38785 38862
  158: 39182 39182 39369
  159: 39629 39629 39827
  160: 39907 39907 40313
  161: 39909 40313 40334
  162: 40322 40334 41229
  163: 40804 41241 41514
  164: 41007 41229 41241
  165: 41306 41514 41810
  166: 41643 41810 42305
  167: 41993 42461 42757
  168: 42266 42305 42461
  169: 42333 43482 43485
  170: 42433 43554 43705
  171: 42480 42757 43482
  172: 42914 43485 43554
  173: 42930 44299 44847
  174: 43385 44865 44996
  175: 43498 43705 44060
  176: 43982 44060 44299
  177: 44247 44847 44865
  178: 44341 45327 45427
  179: 44575 44996 45327
  180: 44795 45833 45855
  181: 45077 45657 45806
  182: 45347 45427 45657
  183: 45369 45806 45833
  184: 45817 45855 45966
  185: 45961 45966 46046
  186: 46108 46108 46391
  187: 46257 46391 46608
  188: 46581 46608 46776
  189: 47053 47053 47280
  190: 47183 47610 47669
  191: 47198 47280 47610
  192: 47399 48000 48061
  193: 47413 48061 48090
  194: 47443 47669 47996
  195: 47538 47996 48000
  196: 47821 48090 48254
  197: 48131 48599 49409
  198: 48143 48254 48344
  199: 48244 48344 48599
  200: 48667 49688 49925
  201: 48678 49409 49441
  202: 49116 49441 49620
  203: 49270 49925 49959
  204: 49598 49620 49688
  205: 49641 50265 50353
  206: 49854 51092 51154
  207: 49929 49959 50265
  208: 50270 50353 51092
  209: 50481 51923 52324
  210: 50821 51285 51651
  211: 50945 51154 51285
  212: 51131 52324 52450
  213: 51311 51701 51869
  214: 51579 51651 51701
  215: 51739 51869 51880
  216: 51768 51880 51923
  217: 52032 52480 52574
  218: 52365 52450 52480
  219: 52595 52595 53204
  220: 52643 53490 53516
  221: 52765 53320 53490
  222: 53099 53204 53276
  223: 53276 53276 53320
  224: 53565 53565 53796
  225: 53614 53796 54316
  226: 53812 54316 54403
  227: 54067 54813 54825
  228: 54176 54825 54929
  229: 54260 54403 54813
  230: 54480 55306 55319
  231: 54552 54929 55303
  232: 54969 55319 55505
  233: 55186 55303 55306
  234: 55444 55505 55728
  235: 55858 55858 56143
  236: 56082 56143 56682
  237: 56151 56702 56767
  238: 56387 56767 57142
  239: 56623 56682 56702
  240: 56761 57142 57220
  241: 56918 57220 57322
  242: 57378 57378 57532
  243: 57600 57600 58288
  244: 57951 58288 58762
  245: 58400 58762 59232
  246: 58452 59295 59331
  247: 58774 59331 60225
  248: 59135 59232 59295
  249: 59356 60892 60924
  250: 59846 60225 60892
  251: 60273 60924 61114
  252: 60446 61561 61788
  253: 60721 61114 61506
  254: 60965 62588 62758
  255: 61404 61506 61561
  256: 61703 61788 62588
  257: 61924 62758 63253
  258: 61936 63546 63706
  259: 62266 63427 63546
  260: 62517 63253 63295
  261: 62954 63337 63427
  262: 63257 63295 63337
  263: 63531 63706 64264
  264: 63832 64584 64962
  265: 64117 64362 64518
  266: 64250 64264 64362
  267: 64258 64535 64584
  268: 64469 64518 64535
  269: 64688 64962 65042
  270: 64984 65042 65638
  271: 65325 65638 65764
  272: 65582 65764 65831
  273: 65938 65938 66352
  274: 65945 66372 66516
  275: 66079 66352 66372
  276: 66548 66548 66780
  277: 66612 66780 67184
  278: 66944 67184 67317
  279: 67383 67383 67795
  280: 67720 67795 67979
  281: 68146 68146 68638
  282: 68586 68638 68712
  283: 68866 68866 69431
  284: 69085 69718 69762
  285: 69195 69431 69704
  286: 69356 70597 70663
  287: 69468 69762 70597
  288: 69483 70663 70699
  289: 69672 69704 69718
  290: 69830 70941 70990
  291: 70113 71180 71383
  292: 70509 70699 70941
  293: 70910 70990 71180
  294: 71099 71383 71811
  295: 71463 72169 72439
  296: 71531 71811 71912
  297: 71540 71912 72041
  298: 71821 72041 72169
  299: 72267 72439 72950
  300: 72540 72950 73310
  301: 72984 73706 73785
  302: 73060 73310 73508
  303: 73301 74129 74831
  304: 73355 73508 73706
  305: 73560 74000 74091
  306: 73609 73785 74000
  307: 73884 74091 74129
  308: 74119 75061 75373
  309: 74206 74831 74893
  310: 74576 74893 74970
  311: 74722 75051 75061
  312: 74838 74970 75051
  313: 75227 75373 76159
  314: 75546 76159 76284
  315: 75728 76701 76769
  316: 76027 76284 76701
  317: 76346 76769 77334
  318: 76838 77334 77963
  319: 77261 77963 77994
  320: 77588 77994 78160
  321: 78013 78160 78656
  322: 78476 78656 79007
  323: 78751 79007 79012
  324: 78958 79012 79341
  325: 79235 79341 79912
  326: 79715 79912 80605
  327: 79955 81194 81259
  328: 80037 80651 81194
  329: 80534 80605 80651
  330: 81001 81259 81424
  331: 81497 81497 81671
  332: 81805 81805 81903
  333: 81949 81949 81980
  334: 82327 82327 82792
  335: 82674 82792 83069
  336: 82872 83159 83382
  337: 82956 83069 83159
  338: 83431 83431 83606
  339: 83792 83792 84146
  340: 84017 84146 84234
  341: 84279 84279 84412
  342: 84344 84412 84817
  343: 84648 84817 85105
  344: 84782 85197 85599
  345: 84832 85105 85197
  346: 85315 85599 86111
  347: 85684 86633 86731
  348: 86047 86111 86176
  349: 86140 86176 86633
  350: 86223 86751 87070
  351: 86673 86731 86751
  352: 86887 87070 87882
  353: 87331 87882 88193
  354: 87727 88330 88698
  355: 88101 88193 88330
  356: 88548 88698 89035
  357: 88876 89042 89285
  358: 89017 89035 89042
  359: 89177 89285 89813
  360: 89614 89813 89944
  361: 89993 89993 90413
  362: 90251 90413 90757
  363: 90464 90872 91241
  364: 90727 90757 90872
  365: 91092 91241 91692
  366: 91340 91692 91755
  367: 91469 91755 92050
  368: 91821 92479 92829
  369: 91976 92050 92479
  370: 92357 92829 92917
  371: 92728 93477 93514
  372: 92896 92917 93259
  373: 93237 93259 93477
  374: 93573 93573 94225
  375: 93660 94225 94768
  376: 93874 95152 95153
  377: 94069 95153 95167
  378: 94285 94768 95039
  379: 94381 95167 95182
  380: 94598 95039 95145
  381: 94927 95145 95152
  382: 95206 95206 95249
  383: 95636 95636 96292
  384: 95670 96292 96383
  385: 96051 96782 97043
  386: 96167 96383 96718
  387: 96412 96718 96782
  388: 96867 97563 97756
  389: 96963 97043 97291
  390: 97054 97405 97563
  391: 97121 97291 97319
  392: 97272 97319 97405
  393: 97552 97756 98318
  394: 97725 98318 98335
  395: 98075 98335 98362
  396: 98415 98415 98836
  397: 98772 98836 98956
  398: 98912 98956 99293
  399: 99164 99293 99520
  400: 99539 99539 99620
  401: 99631 99631 100346
  402: 100020 100640 100654
  403: 100298 100346 100640
  404: 100724 100724 100799
  405: 100861 100861 101577
  406: 100921 101577 101952
  407: 101245 101952 101967
  408: 101714 102108 102181
  409: 101796 101967 102108
  410: 102279 102279 102933
  411: 102313 103015 103150
  412: 102426 102933 103015
  413: 102871 103150 103289
  414: 103051 103289 103401
  415: 103481 103481 103766
  416: 103814 103814 103880
  417: 103863 103880 104280
  418: 104225 104280 104490
  419: 104294 104490 104568
  420: 104498 104568 104732
  421: 104805 104805 104921
  422: 105217 105217 105482
  423: 105695 105695 106194
  424: 105933 106741 106836
  425: 105958 106194 106514
  426: 106452 106836 106840
  427: 106499 106514 106741
  428: 106950 106950 107818
  429: 107313 108442 108538
  430: 107505 107818 108215
  431: 107694 108538 108751
  432: 108012 108215 108325
  433: 108262 108325 108442
  434: 108330 108751 109337
  435: 108800 109420 109429
  436: 108827 109337 109420
  437: 108866 109429 109763
  438: 109277 110495 110608
  439: 109600 109947 110343
  440: 109680 109763 109947
  441: 110053 110343 110495
  442: 110461 110608 111414
  443: 110645 111414 111535
  444: 111060 111535 112160
  445: 111554 112160 112279
  446: 111897 112388 112433
  447: 112031 112279 112388
  448: 112456 112456 112858
  449: 112799 112858 113075
  450: 113004 113075 113433
  451: 113272 113447 113596
  452: 113366 113433 113447
  453: 113540 113596 114051
  454: 113867 114854 115036
  455: 114024 114051 114854
  456: 114371 115807 115971
  457: 114854 115036 115519
  458: 115307 115519 115697
  459: 115425 115971 116646
  460: 115641 115697 115807
  461: 116118 117247 117262
  462: 116416 116934 117159
  463: 116639 116646 116934
  464: 117137 117159 117247
  465: 117356 117356 117644
  466: 117740 117740 118307
  467: 118179 118307 118326
  468: 118476 118476 119205
  469: 118961 119205 119227
  470: 119074 119227 119262
  471: 119108 119262 119900
  472: 119282 120567 120788
  473: 119501 120147 120567
  474: 119687 119900 120147
  475: 120184 120788 121560
  476: 120636 121560 121702
  477: 121101 121702 122149
  478: 121188 122259 122272
  479: 121664 122365 122479
  480: 121922 122149 122259
  481: 122213 122272 122365
  482: 122398 122479 122767
  483: 122520 122767 123273
  484: 122865 123958 124023
  485: 122974 123273 123322
  486: 123225 123322 123953
  487: 123646 124504 124660
  488: 123807 123953 123958
  489: 123862 124023 124504
  490: 124341 125393 125609
  491: 124593 124660 124671
  492: 124621 124671 125098
  493: 124805 125098 125303
  494: 125214 125303 125393
  495: 125416 125609 125839
  496: 125774 125839 126492
  497: 126086 128015 128020
  498: 126311 126492 126611
  499: 126338 127960 127965
  500: 126382 127549 127833
  501: 126413 126611 126890
  502: 126694 126890 127203
  503: 126917 127203 127221
  504: 127010 127221 127549
  505: 127302 127833 127960
  506: 127635 127965 128015
  507: 127642 128315 128657
  508: 127907 128020 128315
  509: 128386 128657 129031
  510: 128738 129031 129046
  511: 129081 129081 129138
  512: 129259 129259 129368
  513: 129514 129514 130009
  514: 129606 130009 130250
  515: 130082 130250 130545
  516: 130503 130545 130802
  517: 130935 130935 131326
  518: 131395 131395 131489
  519: 131542 131542 131745
  520: 131978 131978 132749
  521: 132107 132749 133090
  522: 132594 133124 133357
  523: 132726 133090 133124
  524: 133053 133357 133405
  525: 133481 133481 133619
  526: 133776 133776 133959
  527: 134169 134169 134571
  528: 134598 134598 135247
  529: 134976 135247 135501
  530: 135409 135501 136168
  531: 135568 136168 136184
  532: 135660 136619 136793
  533: 135984 136184 136413
  534: 136190 136793 137435
  535: 136375 136413 136616
  536: 136385 137450 137587
  537: 136519 136616 136619
  538: 136608 137435 137450
  539: 137083 137587 138096
  540: 137399 138100 138187
  541: 137896 138187 138320
  542: 137946 138414 139272
  543: 137966 138096 138100
  544: 138317 138320 138414
  545: 138450 139825 139873
  546: 138652 139272 139308
  547: 138723 139493 139698
  548: 138773 139308 139493
  549: 138818 139711 139773
  550: 139095 139773 139825
  551: 139500 139698 139711
  552: 139687 139873 140206
  553: 140122 140206 140679
  554: 140551 140679 140945
  555: 141030 141030 141358
  556: 141097 141358 141820
  557: 141433 141820 142539
  558: 141882 142906 143017
  559: 142199 142539 142906
  560: 142598 143017 143208
  561: 142607 143208 143908
  562: 143050 143908 143950
  563: 143447 144750 144774
  564: 143926 143950 144674
  565: 144176 145035 145246
  566: 144350 145246 145447
  567: 144395 144774 145035
  568: 144592 144674 144750
  569: 144732 145447 145506
  570: 145123 145506 145519
  571: 145496 145519 146197
  572: 145594 146358 146729
  573: 145671 147342 148087
  574: 145739 146214 146358
  575: 146089 146197 146214
  576: 146438 146893 147028
  577: 146509 146729 146893
  578: 146951 147028 147246
  579: 147237 147246 147342
  580: 147649 148087 148109
  581: 147827 148109 148209
  582: 148021 148209 148484
  583: 148472 148484 148819
  584: 148678 149406 149419
  585: 148698 148819 149406
  586: 148911 150001 150023
  587: 148970 149659 149859
  588: 149076 149419 149508
  589: 149437 149508 149583
  590: 149471 149583 149659
  591: 149614 149859 150001
  592: 149687 150023 150384
  593: 149863 150384 150781
  594: 150047 152612 152649
  595: 150484 150781 150944
  596: 150486 150944 150984
  597: 150671 150984 151143
  598: 151013 151143 151261
  599: 151103 151261 151437
  600: 151333 151437 151560
  601: 151482 151948 152612
  602: 151489 151560 151756
  603: 151747 151756 151948
  604: 152094 152913 153535
  605: 152382 152649 152813
  606: 152715 152813 152913
  607: 152981 153535 154108
  608: 153127 154108 154181
  609: 153550 154345 154405
  610: 153958 154181 154345
  611: 154387 154405 154562
  612: 154866 154866 155455
  613: 154973 155620 155868
  614: 155226 155455 155620
  615: 155598 155868 156194
  616: 155908 156194 157119
  617: 156338 157513 157708
  618: 156570 157234 157452
  619: 157001 157119 157234
  620: 157311 157452 157513
  621: 157773 157773 158118
  622: 157925 158118 158287
  623: 157977 158287 158428
  624: 158150 158428 158782
  625: 158281 158782 159572
  626: 158619 159610 159688
  627: 159111 159688 160202
  628: 159288 159572 159610
  629: 159429 160263 160429
  630: 159728 161073 161264
  631: 160146 160429 161073
  632: 160184 160202 160263
  633: 160612 161264 161777
  634: 160651 162826 162846
  635: 161002 162756 162826
  636: 161082 162714 162756
  637: 161577 161777 161854
  638: 161621 161988 162223
  639: 161654 161854 161883
  640: 161679 161883 161988
  641: 161979 162846 162856
  642: 162206 162223 162714
  643: 162390 162933 163093
  644: 162784 162856 162933
  645: 163122 163122 163545
  646: 163463 163545 163670
  647: 163768 163768 164015
  648: 163874 164015 164309
  649: 164026 164309 164484
  650: 164119 164484 164767
  651: 164616 164767 165106
  652: 164936 165106 165742
  653: 165343 165956 165996
  654: 165384 165742 165843
  655: 165468 165996 166592
  656: 165575 165843 165956
  657: 166007 166692 167129
  658: 166186 166606 166692
  659: 166428 166592 166606
  660: 166872 167129 167637
  661: 167141 167651 168074
  662: 167480 167637 167651
  663: 167647 168308 168396
  664: 167955 168074 168142
  665: 168049 168142 168308
  666: 168374 168396 169108
  667: 168452 169177 169218
  668: 168536 169438 170338
  669: 168548 169118 169177
  670: 168976 169108 169118
  671: 169169 169218 169438
  672: 169651 171043 171168
  673: 170023 170338 170988
  674: 170267 171168 171189
  675: 170502 170988 171043
  676: 170700 171343 171409
  677: 171175 171189 171343
  678: 171256 171409 171684
  679: 171742 171742 172237
  680: 172206 172237 172857
  681: 172500 172857 173275
  682: 172672 173341 173573
  683: 173108 173275 173341
  684: 173467 173573 173724
  685: 173850 173850 174169
  686: 173895 174169 174592
  687: 174220 174592 174692
  688: 174424 174692 175035
  689: 174613 175489 175535
  690: 174928 175035 175489
  691: 175066 176352 176404
  692: 175498 175535 176204
  693: 175551 176404 176405
  694: 175808 176204 176352
  695: 176213 176778 176822
  696: 176334 176405 176778
  697: 176346 176822 176966
  698: 176419 177265 177276
  699: 176470 176966 177246
  700: 176868 177246 177248
  701: 177090 177248 177265
  702: 177103 177276 178076
  703: 177574 178300 178413
  704: 177822 178106 178300
  705: 177988 178076 178106
  706: 178075 178413 178588
  707: 178154 179024 179341
  708: 178574 178588 178933
  709: 178608 178933 179024
  710: 178781 180449 180502
  711: 179181 179341 179892
  712: 179321 180368 180449
  713: 179410 179892 180052
  714: 179773 180502 181099
  715: 179922 180052 180145
  716: 179999 180145 180368
  717: 180205 181172 181347
  718: 180628 181159 181172
  719: 180936 181099 181159
  720: 181275 181347 182118
  721: 181511 182118 182215
  722: 181792 182215 182438
  723: 182240 182438 182666
  724: 182690 182690 183252
  725: 183071 183252 183971
  726: 183494 184089 184524
  727: 183913 183971 184089
  728: 184109 184968 185069
  729: 184389 184524 184968
  730: 184540 186455 187041
  731: 184862 185069 185509
  732: 185166 185513 185910
  733: 185487 185509 185513
  734: 185694 185910 186112
  735: 186094 186112 186276
  736: 186201 186276 186455
  737: 186677 187041 187123
  738: 187131 187131 187202
  739: 187223 187223 187264
  740: 187631 187631 187770
  741: 187660 187770 188053
  742: 187917 188053 188286
  743: 188315 188315 188325
  744: 188774 188774 189324
  745: 188789 189324 189459
  746: 188899 189459 189912
  747: 189241 189912 190067
  748: 189609 190067 190571
  749: 189752 190694 190745
  750: 190046 190745 190809
  751: 190171 191491 191524
  752: 190353 190571 190694
  753: 190645 190809 190995
  754: 190673 190995 191491
  755: 190716 191524 191594
  756: 191076 192471 192503
  757: 191346 192310 192412
  758: 191368 191684 192310
  759: 191441 191594 191684
  760: 191790 192412 192471
  761: 191884 193232 193278
  762: 192311 192503 193232
  763: 192687 193559 193761
  764: 192788 194242 194461
  765: 193160 193355 193559
  766: 193226 193278 193355
  767: 193525 193761 193854
  768: 193626 193854 194167
  769: 194013 194167 194242
  770: 194492 194492 195313
  771: 194560 195458 195495
  772: 194564 195495 195497
  773: 195023 196825 196834
  774: 195032 196791 196825
  775: 195042 195313 195458
  776: 195163 195497 195964
  777: 195482 196321 196791
  778: 195525 196043 196146
  779: 195870 195964 196043
  780: 196087 196146 196190
  781: 196129 196190 196321
  782: 196347 197419 197464
  783: 196381 196834 197419
  784: 196817 197609 197623
  785: 197268 197464 197609
  786: 197621 197623 198428
  787: 197876 198819 199106
  788: 198235 198428 198819
  789: 198622 199106 199126
  790: 198870 199129 199185
  791: 199097 199126 199129
  792: 199101 199185 199885
  793: 199521 200177 200279
  794: 199787 199885 200177
  795: 200250 200279 200760
  796: 200487 200760 201235
  797: 200691 201320 201570
  798: 200973 201570 201681
  799: 200990 201235 201320
  800: 201467 201681 202496
  801: 201527 202552 202736
  802: 201716 202496 202522
  803: 202072 202522 202552
  804: 202379 202736 203278
  805: 202532 203278 203318
  806: 202986 203318 203681
  807: 203196 203681 203724
  808: 203641 203724 204237
  809: 203889 204237 204332
  810: 204343 204343 204344
  811: 204540 204540 204581
  812: 205001 205001 205423
  813: 205273 205423 205739
  814: 205701 205739 205831
  815: 206152 206152 206382
  816: 206375 206382 207169
  817: 206777 207169 207972
  818: 207209 207972 208280
  819: 207528 208280 208319
  820: 208014 208319 208785
  821: 208460 208785 208850
  822: 208958 208958 209524
  823: 209402 209524 210096
  824: 209819 210239 210597
  825: 209974 210096 210239
  826: 210380 210597 210918
  827: 210444 210918 210946
  828: 210700 210946 211006
  829: 210813 211006 211310
  830: 210942 211310 211551
  831: 211033 211814 212346
  832: 211111 214409 214796
  833: 211378 211551 211660
  834: 211633 211660 211814
  835: 211884 212346 212570
  836: 211945 212637 212790
  837: 212128 213291 213715
  838: 212485 212790 212932
  839: 212489 212570 212637
  840: 212810 212932 212997
  841: 212957 213101 213132
  842: 212972 212997 213101
  843: 213068 213167 213291
  844: 213119 213132 213167
  845: 213577 213715 213955
  846: 213852 215769 216123
  847: 213886 214200 214303
  848: 213931 213955 214200
  849: 214296 214303 214409
  850: 214686 214880 215550
  851: 214729 214796 214880
  852: 215046 215664 215769
  853: 215060 215550 215664
  854: 215415 216123 216186
  855: 215865 216345 216503
  856: 216044 216186 216345
  857: 216449 216503 216538
  858: 216760 216760 217145
  859: 217227 217227 217948
  860: 217439 217948 218074
  861: 217482 218074 218200
  862: 217959 218200 219021
  863: 218302 219021 219132
  864: 218683 219132 219506
  865: 219007 219506 219633
  866: 219335 219633 219824
  867: 219561 220080 220270
  868: 219657 219824 220080
  869: 219978 220859 220883
  870: 220237 220270 220523
  871: 220367 220523 220859
  872: 220737 221962 221991
  873: 220872 220883 221422
  874: 220910 221560 221857
  875: 220956 221422 221560
  876: 220986 221857 221884
  877: 221227 221991 222050
  878: 221395 221884 221893
  879: 221425 221893 221962
  880: 221720 222432 223039
  881: 222044 222050 222286
  882: 222268 222286 222432
  883: 222538 223039 223107
  884: 222830 223107 223564
  885: 223104 223564 223642
  886: 223469 223642 224344
  887: 223963 224344 224680
  888: 224404 224680 224893
  889: 224824 224893 225593
  890: 225058 225605 225621
  891: 225290 225621 226025
  892: 225346 225593 225605
  893: 225617 226025 226102
  894: 225677 226102 226256
  895: 225954 226256 226364
  896: 226112 226364 226873
  897: 226594 227175 227435
  898: 226748 226873 227175
  899: 226952 227435 227565
  900: 227298 227565 227627
  901: 227300 227627 228161
  902: 227684 228476 228730
  903: 228133 228161 228389
  904: 228260 228389 228476
  905: 228566 228730 228999
  906: 228902 228999 229643
  907: 229029 229714 230350
  908: 229044 230358 230362
  909: 229163 229643 229714
  910: 229365 230350 230358
  911: 229797 230362 230438
  912: 230212 230438 230671
  913: 230367 230671 230824
  914: 230817 230824 230954
  915: 230833 231204 231607
  916: 230939 230954 231204
  917: 231254 232183 232259
  918: 231432 231607 232183
  919: 231664 232277 232369
  920: 232114 232259 232277
  921: 232500 232500 233382
  922: 232723 233382 233801
  923: 232729 234058 234189
  924: 233130 234189 234273
  925: 233457 233801 233838
  926: 233472 233838 234058
  927: 233772 234273 234970
  928: 234207 234970 235022
  929: 234306 235022 235163
  930: 234366 235669 235703
  931: 234682 235163 235599
  932: 235027 235599 235669
  933: 235299 235703 235885
  934: 235574 235885 235924
  935: 235648 235924 236365
  936: 235749 236576 236848
  937: 235965 236371 236576
  938: 236207 236365 236371
  939: 236656 236848 237482
  940: 236960 237482 237747
  941: 237404 237747 237834
  942: 237871 237871 238022
  943: 238121 238121 238436
  944: 238322 238436 238538
  945: 238610 238610 238788
  946: 239077 239077 239390
  947: 239507 239507 239922
  948: 239745 239922 240141
  949: 240083 240141 240519
  950: 240292 240519 241316
  951: 240532 241406 241700
  952: 240907 241316 241406
  953: 241043 242610 242788
  954: 241224 242788 242851
  955: 241486 241700 242051
  956: 241850 242051 242610
  957: 242157 243096 243450
  958: 242609 242851 242906
  959: 242842 242906 243096
  960: 243252 243450 244067
  961: 243669 244759 244779
  962: 243798 244083 244718
  963: 243990 244718 244759
  964: 244042 244067 244083
  965: 244426 244779 245011
  966: 244870 245341 245513
  967: 244944 245011 245125
  968: 245028 245125 245341
  969: 245466 245513 245793
  970: 245764 245793 245921
  971: 246017 246017 246094
  972: 246426 246426 246630
  973: 246921 246921 247523
  974: 247041 247668 248079
  975: 247058 248329 248473
  976: 247310 247523 247668
  977: 247721 249324 249395
  978: 248004 248079 248329
  979: 248255 248980 249304
  980: 248390 248473 248681
  981: 248489 248681 248792
  982: 248751 248792 248980
  983: 249152 249304 249324
  984: 249538 249538 249622
  985: 249651 249651 249960
  986: 249693 249960 250322
  987: 250042 250322 250494
  988: 250470 250494 250709
  989: 250785 250785 251375
  990: 250859 251930 251940
  991: 250941 251375 251930
  992: 251209 253376 253386
  993: 251419 252134 252501
  994: 251518 253121 253322
  995: 251907 251940 252134
  996: 252006 253322 253376
  997: 252322 253043 253121
  998: 252486 252501 252833
  999: 252695 254198 254271
 1000: 252754 252833 253043
 1001: 252992 254136 254171
 1002: 253182 254171 254198
 1003: 253237 253386 254136
 1004: 253671 255034 255079
 1005: 253841 254271 254356
 1006: 254045 254356 254844
 1007: 254383 255197 255339
 1008: 254631 256142 256186
 1009: 254657 254844 255034
 1010: 254670 255079 255169
 1011: 254754 255339 256060
 1012: 255160 255169 255197
 1013: 255635 256060 256142
 1014: 255756 256448 256457
 1015: 255880 256186 256448
 1016: 255889 256487 256814
 1017: 256172 256457 256487
 1018: 256625 256814 256863
 1019: 256945 256945 257043
 1020: 257155 257155 257361
 1021: 257553 257553 257704
 1022: 257798 257798 258155
 1023: 258187 258187 258701
 1024: 258474 258701 258857
 1025: 258817 258857 259088
 1026: 259149 259149 259405
 1027: 259563 259563 259942
 1028: 259894 259942 260244
 1029: 260205 260244 260370
 1030: 260281 260370 260402
 1031: 260415 260415 261118
 1032: 260716 261881 262631
 1033: 261002 261118 261457
 1034: 261259 261457 261752
 1035: 261403 262631 262732
 1036: 261502 261752 261881
 1037: 261887 262732 262979
 1038: 262167 262979 263119
 1039: 262506 264561 264578
 1040: 262697 263119 263301
 1041: 263067 264648 264666
 1042: 263180 263301 263502
 1043: 263444 263502 263824
 1044: 263619 263824 264561
 1045: 264018 264666 265121
 1046: 264032 264578 264648
 1047: 264370 265401 265782
 1048: 264822 265219 265401
 1049: 264894 265121 265205
 1050: 265128 265205 265219
 1051: 265307 265782 265817
 1052: 265567 265817 266355
 1053: 265746 266355 266401
 1054: 266086 266420 266445
 1055: 266197 266401 266420
 1056: 266401 266445 267370
 1057: 266459 267689 267698
 1058: 266726 267447 267689
 1059: 266990 267370 267447
 1060: 267390 267892 268395
 1061: 267587 267698 267892
 1062: 267785 268420 268650
 1063: 268017 268395 268420
 1064: 268180 268662 269188
 1065: 268542 269231 269458
 1066: 268565 268650 268662
 1067: 268797 269188 269231
 1068: 268905 269458 269488
 1069: 269232 269488 269561
 1070: 269665 269665 269684
 1071: 270148 270148 270751
 1072: 270570 270751 270945
 1073: 271028 271028 271328
 1074: 271392 271392 271456
 1075: 271527 271527 271613
 1076: 271915 271915 272050
 1077: 272097 272097 272590
 1078: 272467 272590 273247
 1079: 272706 275175 275295
 1080: 272927 273247 273873
 1081: 273360 273999 274158
 1082: 273505 273873 273999
 1083: 273535 274158 274176
 1084: 273614 274376 274649
 1085: 273818 275324 275397
 1086: 274115 274176 274309
 1087: 274266 274309 274376
 1088: 274495 274649 275145
 1089: 274908 275145 275175
 1090: 275241 275295 275324
 1091: 275602 275602 276020
 1092: 275985 276020 276376
 1093: 276294 276376 276799
 1094: 276754 276799 277210
 1095: 277044 277210 277475
 1096: 277196 277475 277558
 1097: 277624 277624 277774
 1098: 278014 278014 278334
 1099: 278068 278334 278356
 1100: 278385 278385 278807
 1101: 278868 278868 279154
 1102: 279315 279315 279353
 1103: 279652 279652 279736
 1104: 279897 279897 280045
 1105: 280168 280168 280511
 1106: 280468 280511 280619
 1107: 280769 280769 280872
 1108: 280946 280946 281091
 1109: 281386 281386 281438
 1110: 281548 281548 281734
 1111: 281868 281868 282037
 1112: 282323 282323 282456
 1113: 282438 282456 282649
 1114: 282646 282649 283002
 1115: 282961 283002 283287
 1116: 283389 283389 283933
 1117: 283532 283933 284088
 1118: 283966 284088 284298
 1119: 284019 284610 284900
 1120: 284251 284298 284610
 1121: 284511 284900 285193
 1122: 284969 285193 285251
 1123: 285187 285251 285399
 1124: 285362 285399 285445
 1125: 285637 285637 285994
 1126: 286028 286028 286511
 1127: 286182 286511 287012
 1128: 286528 287012 287167
 1129: 286721 287167 287594
 1130: 287160 287594 287688
 1131: 287243 288267 288407
 1132: 287551 287688 288123
 1133: 287796 288123 288157
 1134: 288004 288157 288267
 1135: 288428 288428 288573
 1136: 288552 288573 289084
 1137: 289027 289084 289288
 1138: 289275 289288 289511
 1139: 289495 289511 289970
 1140: 289850 289970 290114
 1141: 290113 290114 290613
 1142: 290207 290696 290955
 1143: 290302 290955 291001
 1144: 290490 290613 290696
 1145: 290988 291001 291626
 1146: 291286 291626 291720
 1147: 291784 291784 291837
 1148: 292092 292092 292363
 1149: 292444 292444 292896
 1150: 292487 292896 293416
 1151: 292946 293416 293635
 1152: 293410 293635 294169
 1153: 293662 294272 294819
 1154: 293792 294169 294247
 1155: 293930 294247 294272
 1156: 294401 296016 296025
 1157: 294635 294819 295113
 1158: 294955 295233 295881
 1159: 294963 295113 295227
 1160: 295082 295227 295233
 1161: 295220 296025 296058
 1162: 295308 296058 296621
 1163: 295336 295982 296016
 1164: 295717 295881 295982
 1165: 296132 297208 297363
 1166: 296291 296648 297152
 1167: 296385 296621 296648
 1168: 296696 297152 297208
 1169: 297033 297363 297398
 1170: 297355 297398 297466
 1171: 297785 297785 298150
 1172: 298164 298164 298422
 1173: 298524 298524 298594
 1174: 299020 299020 299357
 1175: 299230 299357 299862
 1176: 299605 299862 300328
 1177: 299640 300328 300558
 1178: 300127 300748 301359
 1179: 300489 300558 300748
 1180: 300934 301441 301789
 1181: 301228 301359 301441
 1182: 301382 301789 302011
 1183: 301611 302011 302165
 1184: 301848 302165 302963
 1185: 302257 302963 302977
 1186: 302302 304018 304020
 1187: 302657 304493 304893
 1188: 302663 303095 303524
 1189: 302788 302977 303095
 1190: 302874 303688 304013
 1191: 302992 304893 304968
 1192: 303178 303524 303648
 1193: 303605 303648 303688
 1194: 303823 304020 304120
 1195: 303867 304120 304372
 1196: 303936 304013 304018
 1197: 304205 304372 304493
 1198: 304434 306120 306261
 1199: 304625 304968 304980
 1200: 304693 305690 305712
 1201: 304722 304980 305690
 1202: 305164 306639 307031
 1203: 305202 307150 307159
 1204: 305303 305712 305837
 1205: 305754 305837 305884
 1206: 305756 305884 306120
 1207: 305906 306418 306639
 1208: 306131 306261 306418
 1209: 306494 307138 307150
 1210: 306862 307031 307077
 1211: 306971 307077 307138
 1212: 307218 307218 307357
 1213: 307381 307381 307578
 1214: 307760 307760 308004
 1215: 308206 308206 308390
 1216: 308664 308664 308720
 1217: 308725 308725 308874
 1218: 309086 309086 309688
 1219: 309436 309688 310414
 1220: 309701 310734 310736
 1221: 309852 310736 310805
 1222: 310225 310414 310734
 1223: 310682 310805 311143
 1224: 311063 311447 311589
 1225: 311106 311143 311447
 1226: 311335 311901 312550
 1227: 311524 311653 311901
 1228: 311557 311589 311653
 1229: 312013 313049 313069
 1230: 312222 312550 313049
 1231: 312582 313686 314063
 1232: 312961 313087 313089
 1233: 313031 313089 313453
 1234: 313055 313069 313087
 1235: 313259 313453 313551
 1236: 313483 313551 313686
 1237: 313541 314063 314204
 1238: 313701 314315 314368
 1239: 313898 314204 314315
 1240: 314236 314368 314819
 1241: 314529 314819 315165
 1242: 314924 315885 315996
 1243: 314971 315165 315885
 1244: 315309 316867 316956
 1245: 315650 315996 316867
 1246: 316057 317249 317354
 1247: 316274 317452 317522
 1248: 316400 317522 317526
 1249: 316428 316956 317249
 1250: 316639 317354 317415
 1251: 317080 317660 317822
 1252: 317171 317822 318696
 1253: 317207 317416 317452
 1254: 317224 317415 317416
 1255: 317519 317526 317660
 1256: 317996 318696 318875
 1257: 318421 318875 319441
 1258: 318495 319522 319642
 1259: 318797 319441 319522
 1260: 319275 319642 320299
 1261: 319737 320371 320781
 1262: 320085 320299 320371
 1263: 320258 320781 320961
 1264: 320728 320961 321508
 1265: 320855 321508 321547
 1266: 321291 321599 321774
 1267: 321411 321811 321930
 1268: 321481 321547 321599
 1269: 321761 321774 321811
 1270: 322152 322152 322249
 1271: 322596 322596 323180
 1272: 322763 323180 323183
 1273: 323005 323183 323439
 1274: 323349 323439 323834
 1275: 323504 324142 324710
 1276: 323693 323834 323982
 1277: 323901 323982 324142
 1278: 324200 324813 325036
 1279: 324215 324710 324813
 1280: 324300 325236 325516
 1281: 324754 325749 325953
 1282: 324966 325516 325651
 1283: 325017 325036 325236
 1284: 325249 325953 326574
 1285: 325619 325651 325749
 1286: 326029 326574 326608
 1287: 326523 326608 327084
 1288: 326709 327177 327588
 1289: 327029 327084 327177
 1290: 327310 327588 328069
 1291: 327664 328069 328079
 1292: 327760 328229 328896
 1293: 327772 328079 328229
 1294: 328219 328957 328969
 1295: 328387 328896 328957
 1296: 328557 329130 329161
 1297: 328613 329161 329680
 1298: 328811 328969 329130
 1299: 328976 329743 329904
 1300: 329417 330687 330693
 1301: 329474 329680 329743
 1302: 329827 329904 330665
 1303: 330257 330665 330687
 1304: 330545 330760 331121
 1305: 330617 330693 330760
 1306: 330845 331271 331473
 1307: 330888 331121 331271
 1308: 331379 331473 332217
 1309: 331602 333145 333237
 1310: 331685 332965 333145
 1311: 332157 332269 332718
 1312: 332174 332217 332269
 1313: 332310 332718 332792
 1314: 332447 332792 332965
 1315: 332595 333726 333958
 1316: 332935 333237 333703
 1317: 333365 333703 333726
 1318: 333622 334613 334650
 1319: 333857 333958 334022
 1320: 333969 334022 334546
 1321: 334086 334546 334613
 1322: 334322 334915 335048
 1323: 334490 334650 334915
 1324: 334707 335333 335510
 1325: 334874 335048 335326
 1326: 335160 335955 336013
 1327: 335215 335326 335333
 1328: 335385 335678 335911
 1329: 335406 335510 335678
 1330: 335902 335911 335955
 1331: 336289 336289 336682
 1332: 336666 336682 336720
 1333: 336699 336720 337086
 1334: 336879 337086 337353
 1335: 337061 337353 337401
 1336: 337139 337401 337416
 1337: 337274 337416 337445
 1338: 337737 337737 337758
 1339: 337781 337781 338029
 1340: 337979 338029 338093
 1341: 338461 338461 339006
 1342: 338815 339006 339901
 1343: 339104 339901 339926
 1344: 339334 340337 340514
 1345: 339668 339926 340329
 1346: 340150 340329 340337
 1347: 340215 340514 340612
 1348: 340257 340612 341136
 1349: 340753 341298 341384
 1350: 341121 341136 341298
 1351: 341137 341384 341834
 1352: 341618 341834 342424
 1353: 341880 342984 343008
 1354: 342337 342424 342734
 1355: 342462 343008 343584
 1356: 342482 343584 343680
 1357: 342623 342734 342870
 1358: 342769 342870 342984
 1359: 343170 343935 344218
 1360: 343414 343918 343935
 1361: 343518 343680 343918
 1362: 343977 344218 344632
 1363: 344064 344804 344970
 1364: 344332 344697 344804
 1365: 344555 344632 344697
 1366: 344819 344970 345448
 1367: 344904 345448 345459
 1368: 345297 345459 345665
 1369: 345487 345665 345669
 1370: 345643 345669 345737
 1371: 345651 345737 346015
 1372: 346077 346077 346132
 1373: 346130 346132 346287
 1374: 346212 346287 347051
 1375: 346663 347051 347305
 1376: 346854 348836 349011
 1377: 346909 348670 348821
 1378: 347135 348821 348836
 1379: 347287 347305 347642
 1380: 347515 347642 347881
 1381: 347649 347881 348113
 1382: 347766 348238 348658
 1383: 348005 349011 349100
 1384: 348074 348113 348238
 1385: 348436 348658 348670
 1386: 348683 349565 350097
 1387: 349087 349100 349426
 1388: 349108 350097 350272
 1389: 349355 349426 349565
 1390: 349768 350272 350791
 1391: 350200 350791 350978
 1392: 350455 351929 351940
 1393: 350711 351685 351929
 1394: 350843 350978 351587
 1395: 351322 351587 351685
 1396: 351608 351940 352688
 1397: 351962 352729 353351
 1398: 352297 352688 352729
 1399: 352713 353351 353351
 1400: 352738 353351 353601
 1401: 352869 353601 353615
 1402: 353019 353815 354087
 1403: 353466 353615 353815
 1404: 353962 354087 354405
 1405: 354239 354405 354833
 1406: 354634 354833 355231
 1407: 354650 355231 355351
 1408: 354849 355425 355743
 1409: 354982 355743 355862
 1410: 355164 355351 355425
 1411: 355357 355862 356138
 1412: 355585 356950 356983
 1413: 355960 356493 356950
 1414: 356102 356138 356493
 1415: 356571 357091 357223
 1416: 356644 356983 357091
 1417: 357085 357223 357337
 1418: 357224 357337 357666
 1419: 357621 357666 358174
 1420: 357706 358174 358256
 1421: 357751 358536 359323
 1422: 358138 358256 358485
 1423: 358270 358485 358536
 1424: 358605 359323 359751
 1425: 359025 360064 360247
 1426: 359406 359751 360057
 1427: 359895 360057 360064
 1428: 360057 360820 360941
 1429: 360231 360247 360820
 1430: 360390 361207 361383
 1431: 360863 360941 361207
 1432: 361109 361383 361923
 1433: 361567 361973 361979
 1434: 361871 361979 362040
 1435: 361893 361923 361973
 1436: 361926 362040 362616
 1437: 362297 362744 363577
 1438: 362427 362616 362744
 1439: 362435 363594 363668
 1440: 362706 363577 363594
 1441: 363191 364224 364330
 1442: 363234 363668 363686
 1443: 363497 363686 364224
 1444: 363838 365296 365510
 1445: 363850 364330 364634
 1446: 363934 365567 365603
 1447: 364168 365116 365296
 1448: 364568 364634 365017
 1449: 364787 365017 365043
 1450: 364836 365043 365116
 1451: 364932 365603 366409
 1452: 365242 365516 365567
 1453: 365246 365510 365516
 1454: 365718 366409 366549
 1455: 366127 366549 367013
 1456: 366569 367013 367314
 1457: 366967 367314 367496
 1458: 367338 367496 368143
 1459: 367531 368229 368244
 1460: 367633 368192 368229
 1461: 367847 368143 368192
 1462: 368038 368790 369303
 1463: 368058 368297 368590
 1464: 368201 368244 368297
 1465: 368500 368590 368790
 1466: 368982 369303 369411
 1467: 369258 369411 369615
 1468: 369622 369622 369647
 1469: 369858 369858 369970
 1470: 370152 370152 370535
 1471: 370234 370535 370719
 1472: 370275 371080 371206
 1473: 370499 370719 371069
 1474: 370643 371069 371080
 1475: 370769 371534 371674
 1476: 370893 371206 371484
 1477: 371328 371484 371534
 1478: 371620 371674 372091
 1479: 372031 372091 372130
 1480: 372226 372226 372677
 1481: 372356 372677 372742
 1482: 372463 372742 373201
 1483: 372936 373201 373329
 1484: 373125 373329 373853
 1485: 373434 374230 374402
 1486: 373790 373853 374218
 1487: 374012 374218 374230
 1488: 374385 374402 374475
 1489: 374696 374696 375554
 1490: 375062 375554 376394
 1491: 375328 376394 376500
 1492: 375609 377042 377079
 1493: 375918 377200 377335
 1494: 376076 377004 377042
 1495: 376087 376500 376775
 1496: 376519 377079 377200
 1497: 376552 377337 377405
 1498: 376602 377405 377471
 1499: 376614 376775 377004
 1500: 376830 377471 378101
 1501: 377054 377335 377337
 1502: 377267 378101 378353
 1503: 377739 379514 379519
 1504: 378134 378353 378680
 1505: 378241 378680 378723
 1506: 378463 378723 378947
 1507: 378717 379567 379686
 1508: 378794 379519 379567
 1509: 378873 378947 379224
 1510: 379158 379224 379514
 1511: 379248 379925 380112
 1512: 379481 379686 379925
 1513: 379738 380216 380244
 1514: 379869 380174 380216
 1515: 379893 380244 380373
 1516: 379984 380112 380174
 1517: 380406 380406 380490
 1518: 380602 380602 380778
 1519: 380997 380997 381600
 1520: 381175 381600 381780
 1521: 381530 381780 382578
 1522: 381907 382748 383500
 1523: 382313 382578 382685
 1524: 382488 382697 382748
 1525: 382679 382685 382697
 1526: 382757 383644 384131
 1527: 382936 384166 384190
 1528: 383343 384190 384441
 1529: 383439 383500 383644
 1530: 383646 384695 385075
 1531: 384033 384131 384166
 1532: 384402 384441 384695
 1533: 384508 385075 385181
 1534: 384712 385281 385311
 1535: 384872 385915 386073
 1536: 384877 385181 385281
 1537: 385162 386073 386074
 1538: 385290 385311 385693
 1539: 385629 385693 385915
 1540: 385809 386324 386779
 1541: 386074 386074 386324
 1542: 386387 387535 388129
 1543: 386458 386779 387159
 1544: 386841 387159 387266
 1545: 387101 387266 387420
 1546: 387389 387420 387535
 1547: 387780 388129 388701
 1548: 388239 389789 390009
 1549: 388465 388701 388711
 1550: 388466 389681 389789
 1551: 388514 388711 389026
 1552: 388919 389026 389681
 1553: 389309 390927 390937
 1554: 389337 390009 390544
 1555: 389675 390544 390588
 1556: 389937 390588 390795
 1557: 390405 390795 390853
 1558: 390456 390853 390927
 1559: 390753 390937 391737
 1560: 390960 392723 392939
 1561: 390986 391838 392064
 1562: 391193 391737 391771
 1563: 391349 392064 392723
 1564: 391765 391771 391838
 1565: 392097 393582 393655
 1566: 392369 393452 393582
 1567: 392793 392939 393177
 1568: 393008 393177 393452
 1569: 393221 393655 394002
 1570: 393267 394830 395094
 1571: 393720 394002 394133
 1572: 393878 394133 394357
 1573: 394264 394357 394781
 1574: 394725 394781 394830
 1575: 394869 395094 395327
 1576: 395113 395327 395329
 1577: 395279 395329 395894
 1578: 395367 395895 396155
 1579: 395487 397326 397418
 1580: 395694 395894 395895
 1581: 396116 396155 396468
 1582: 396450 396468 396734
 1583: 396608 396734 397326
 1584: 396770 397906 398153
 1585: 397065 397418 397829
 1586: 397490 397829 397906
 1587: 397510 398900 398995
 1588: 397680 398153 398221
 1589: 397973 398286 398900
 1590: 398064 398221 398286
 1591: 398365 399223 399499
 1592: 398474 399648 399763
 1593: 398763 398995 399223
 1594: 399054 399499 399648
 1595: 399257 400717 400996
 1596: 399621 399763 400448
 1597: 400101 400448 400596
 1598: 400574 400596 400717
 1599: 400824 401090 401270
 1600: 400836 400996 401090
 1601: 401183 401270 401873
 1602: 401478 401930 402129
 1603: 401501 401873 401930
 1604: 401775 402199 402367
 1605: 401874 402129 402130
 1606: 402130 402130 402199
 1607: 402333 402367 402466
 1608: 402703 402703 402957
 1609: 402768 402957 403620
 1610: 403173 403620 403834
 1611: 403335 403834 403836
 1612: 403730 403836 404090
 1613: 404201 404201 404653
 1614: 404483 404917 405181
 1615: 404489 404653 404800
 1616: 404758 404800 404917
 1617: 404992 405181 405494
 1618: 405213 405627 405878
 1619: 405246 407357 407415
 1620: 405321 405494 405627
 1621: 405685 405878 406028
 1622: 405719 406232 406557
 1623: 405918 406557 407230
 1624: 405980 406028 406162
 1625: 406047 407282 407357
 1626: 406082 406162 406232
 1627: 406321 407230 407282
 1628: 406695 407415 407988
 1629: 406995 408002 408094
 1630: 407428 408156 408394
 1631: 407882 407988 408002
 1632: 408044 408094 408156
 1633: 408313 408394 408548
 1634: 408760 408760 408923
 1635: 409142 409142 409703
 1636: 409578 409703 410152
 1637: 409933 410152 410599
 1638: 410248 410599 411428
 1639: 410623 412031 412073
 1640: 410945 412073 412203
 1641: 411292 411428 412031
 1642: 411466 412910 412916
 1643: 411755 412916 412991
 1644: 412053 412203 412910
 1645: 412260 413217 413356
 1646: 412658 412991 413217
 1647: 413094 413356 413698
 1648: 413445 413698 413989
 1649: 413891 413989 414174
 1650: 413901 414174 414234
 1651: 414223 414234 414470
 1652: 414299 414470 415007
 1653: 414717 415239 415436
 1654: 414952 415007 415239
 1655: 415224 415436 416106
 1656: 415462 416106 416231
 1657: 415878 416401 416817
 1658: 416086 416231 416401
 1659: 416550 416817 417630
 1660: 416846 417630 417961
 1661: 417086 417992 418007
 1662: 417421 417961 417970
 1663: 417678 417970 417992
 1664: 418062 418062 418079
 1665: 418550 418550 418933
 1666: 418584 418933 419103
 1667: 418927 419103 419502
 1668: 419417 419732 419804
 1669: 419422 419502 419732
 1670: 419479 419804 419836
 1671: 419763 419836 419872
 1672: 420162 420162 420351
 1673: 420372 420372 420560
 1674: 420780 420780 420916
 1675: 420895 420916 420976
 1676: 421243 421243 421544
 1677: 421645 421645 421987
 1678: 421679 421987 422038
 1679: 422052 422052 422571
 1680: 422416 422571 422685
 1681: 422731 422731 422805
 1682: 422904 422904 423384
 1683: 422915 423384 423394
 1684: 423336 423394 423689
 1685: 423727 423727 424652
 1686: 424022 425221 425257
 1687: 424298 424652 425221
 1688: 424677 425743 425879
 1689: 424980 425257 425480
 1690: 425143 425480 425743
 1691: 425637 425879 426829
 1692: 425913 427576 427701
 1693: 426111 427001 427530
 1694: 426168 426829 426949
 1695: 426398 427701 427753
 1696: 426833 426949 427001
 1697: 427155 428415 428528
 1698: 427361 427530 427576
 1699: 427634 427753 428341
 1700: 427985 428379 428415
 1701: 428093 428341 428379
 1702: 428436 428528 429080
 1703: 428779 429080 429405
 1704: 429152 429405 429556
 1705: 429163 429556 429775
 1706: 429230 429775 429838
 1707: 429281 430325 430514
 1708: 429684 429838 430325
 1709: 429840 430601 430749
 1710: 430163 430514 430601
 1711: 430547 430749 431155
 1712: 430982 431155 431258
 1713: 431350 431350 431481
 1714: 431392 431481 431483
 1715: 431662 431662 432165
 1716: 431971 432165 432194
 1717: 432013 432194 432648
 1718: 432278 432648 433115
 1719: 432654 433119 433616
 1720: 432688 433115 433119
 1721: 432865 433616 433693
 1722: 433260 433693 433949
 1723: 433706 433949 434089
 1724: 434185 434185 434578
 1725: 434446 434578 434979
 1726: 434937 434979 435292
 1727: 434999 435292 435851
 1728: 435353 435851 435861
 1729: 435421 435861 435929
 1730: 435495 435955 436043
 1731: 435787 435929 435955
 1732: 436007 436043 436053
 1733: 436045 436053 436356
 1734: 436266 436356 436501
 1735: 436392 436501 436817
 1736: 436695 436817 436914
 1737: 437053 437053 437265
 1738: 437087 437265 437478
 1739: 437586 437586 438168
 1740: 437994 438168 438661
 1741: 438311 438661 438939
 1742: 438718 438939 438977
 1743: 439044 439044 439280
 1744: 439356 439356 439622
 1745: 439516 439622 439637
 1746: 439752 439752 439881
 1747: 440025 440025 440034
 1748: 440313 440313 440605
 1749: 440757 440757 441357
 1750: 440983 441394 441478
 1751: 441250 441357 441394
 1752: 441626 441626 441736
 1753: 441855 441855 442424
 1754: 442287 442424 442790
 1755: 442713 442790 443015
 1756: 443203 443203 443395
 1757: 443444 443444 443750
 1758: 443570 443834 444576
 1759: 443730 443750 443834
 1760: 444195 445117 445632
 1761: 444523 444576 444842
 1762: 444798 444842 445042
 1763: 444957 445042 445117
 1764: 445370 446084 446156
 1765: 445446 445677 446084
 1766: 445622 445632 445677
 1767: 445792 446156 446258
 1768: 446263 446263 446957
 1769: 446729 446957 446963
 1770: 446858 446963 446985
 1771: 447103 447103 447649
 1772: 447240 448178 448384
 1773: 447258 447768 447939
 1774: 447314 447649 447768
 1775: 447518 449292 449316
 1776: 447520 449258 449292
 1777: 447743 447939 447964
 1778: 447878 447964 448178
 1779: 448220 448384 449258
 1780: 448709 450252 450301
 1781: 448900 449316 449607
 1782: 449163 449839 450189
 1783: 449384 449607 449744
 1784: 449647 449744 449839
 1785: 449786 450234 450252
 1786: 449866 450189 450234
 1787: 449880 450301 450701
 1788: 450252 450701 451072
 1789: 450736 451384 451864
 1790: 450948 451072 451384
 1791: 451399 451864 452292
 1792: 451621 452292 452371
 1793: 452114 452691 452738
 1794: 452174 452371 452691
 1795: 452584 452738 453356
 1796: 452838 453419 453585
 1797: 453055 453356 453419
 1798: 453520 453585 454260
 1799: 453774 454350 454680
 1800: 453901 454260 454350
 1801: 454025 454680 454722
 1802: 454305 454722 454860
 1803: 454733 454860 454888
 1804: 454905 454905 455423
 1805: 454988 455423 455475
 1806: 455089 456057 456178
 1807: 455191 455475 455597
 1808: 455401 455704 456056
 1809: 455585 455597 455704
 1810: 456017 456056 456057
 1811: 456339 456339 456644
 1812: 456536 456644 456937
 1813: 456742 456937 457182
 1814: 457223 457223 457820
 1815: 457616 457820 458526
 1816: 457972 459058 459772
 1817: 458289 458526 458583
 1818: 458446 458583 458800
 1819: 458737 458800 458970
 1820: 458895 458970 459058
 1821: 459112 459980 460258
 1822: 459522 460281 460376
 1823: 459608 459772 459980
 1824: 460024 460258 460281
 1825: 460418 460418 460475
 1826: 460786 460786 461047
 1827: 460822 461047 461350
 1828: 461080 461698 461704
 1829: 461309 461350 461698
 1830: 461514 461704 461943
 1831: 461863 461943 462065
 1832: 462004 462065 462274
 1833: 462204 462274 462540
 1834: 462617 462617 463001
 1835: 462748 463001 463840
 1836: 463115 464286 464393
 1837: 463449 463840 464251
 1838: 463618 464393 464537
 1839: 464019 464537 465207
 1840: 464212 464251 464286
 1841: 464647 465207 465255
 1842: 464661 465975 466075
 1843: 464790 465255 465678
 1844: 465005 465678 465849
 1845: 465019 465859 465975
 1846: 465502 465849 465859
 1847: 465987 466646 466767
 1848: 466019 466075 466646
 1849: 466445 466925 467723
 1850: 466624 466767 466902
 1851: 466644 466902 466925
 1852: 467052 467723 467907
 1853: 467378 469276 469322
 1854: 467654 468139 468624
 1855: 467819 467907 468139
 1856: 467843 469154 469276
 1857: 467876 469359 469402
 1858: 467950 469080 469154
 1859: 468262 468624 468750
 1860: 468285 468750 468824
 1861: 468498 469458 469578
 1862: 468690 469029 469080
 1863: 468823 468824 469029
 1864: 469209 469322 469359
 1865: 469381 469402 469458
 1866: 469500 469578 469950
 1867: 469614 472259 472297
 1868: 469661 470213 470447
 1869: 469768 470112 470213
 1870: 469937 469950 470112
 1871: 470231 470447 470940
 1872: 470607 470940 471208
 1873: 470840 471208 471452
 1874: 471332 471452 472259
 1875: 471574 472297 472324
 1876: 471949 472702 473304
 1877: 471971 472324 472431
 1878: 472127 472479 472702
 1879: 472421 472431 472479
 1880: 472637 473304 473324
 1881: 472748 473324 473584
 1882: 472907 473587 473811
 1883: 473272 473811 473848
 1884: 473439 474420 474712
 1885: 473471 473584 473587
 1886: 473719 474403 474420
 1887: 473752 473848 474014
 1888: 473908 474063 474300
 1889: 473984 474014 474063
 1890: 474299 474300 474403
 1891: 474463 474712 475277
 1892: 474739 475277 475285
 1893: 474998 475285 475778
 1894: 475341 475778 476536
 1895: 475819 476536 476549
 1896: 475841 476549 476606
 1897: 476239 476606 476791
 1898: 476555 476791 476955
 1899: 476945 476955 477396
 1900: 477183 477396 477519
 1901: 477506 477519 477647
 1902: 477757 477757 478017
 1903: 477869 478017 478121
 1904: 477994 478619 478688
 1905: 478053 478121 478185
 1906: 478062 478185 478619
 1907: 478194 478688 478881
 1908: 478606 478940 479213
 1909: 478826 478881 478940
 1910: 479274 479274 479663
 1911: 479592 479663 480207
 1912: 479880 480207 480714
 1913: 480033 480722 480954
 1914: 480515 480954 481076
 1915: 480605 480714 480722
 1916: 481073 481076 481817
 1917: 481282 482001 482205
 1918: 481554 481849 482001
 1919: 481684 481817 481849
 1920: 481697 482205 482267
 1921: 482037 482267 482601
 1922: 482451 482601 483504
 1923: 482760 483645 483797
 1924: 483127 483819 484392
 1925: 483211 483797 483819
 1926: 483440 483504 483645
 1927: 483727 484392 484416
 1928: 483848 484811 485263
 1929: 483972 484416 484588
 1930: 484459 484588 484811
 1931: 484785 485263 485291
 1932: 484915 485394 486130
 1933: 485091 485291 485394
 1934: 485450 486130 486673
 1935: 485753 486673 486803
 1936: 486251 487299 487421
 1937: 486647 486803 486884
 1938: 486766 486884 487299
 1939: 487007 488064 488107
 1940: 487243 487421 487785
 1941: 487547 487785 488064
 1942: 487777 488107 488896
 1943: 488262 489627 489765
 1944: 488297 488896 488930
 1945: 488754 488930 489105
 1946: 489080 489105 489627
 1947: 489559 489765 489975
 1948: 489879 489975 490578
 1949: 490241 490578 490625
 1950: 490705 490705 490731
 1951: 490758 490758 491350
 1952: 491070 491350 491376
 1953: 491446 491446 491481
 1954: 491602 491602 492230
 1955: 492022 492230 492780
 1956: 492467 492780 493114
 1957: 492826 493114 493213
 1958: 493146 493213 493551
 1959: 493176 493551 493572
 1960: 493632 493632 493894
 1961: 494011 494011 494419
 1962: 494282 494419 494570
 1963: 494523 495078 495103
 1964: 494538 494570 495078
 1965: 494810 495571 495879
 1966: 495081 495103 495571
 1967: 495524 496199 496670
 1968: 495800 495973 496199
 1969: 495817 495879 495973
 1970: 496256 497271 497378
 1971: 496582 496670 497271
 1972: 496747 498016 498087
 1973: 496809 497378 497472
 1974: 496842 498265 498276
 1975: 497184 497472 497481
 1976: 497264 497481 498016
 1977: 497537 499041 499102
 1978: 497619 498276 498429
 1979: 498064 498087 498265
 1980: 498185 498442 498833
 1981: 498264 499102 499183
 1982: 498309 498429 498442
 1983: 498787 498833 499041
 1984: 499130 499183 499390
 1985: 499385 499390 499817
 1986: 499820 499820 500220
 1987: 499989 500220 500256
 1988: 500259 500259 500521
 1989: 500347 500521 500666
 1990: 500672 500672 500925
 1991: 500967 500967 501016
 1992: 501121 501121 501794
 1993: 501380 502070 502128
 1994: 501466 501794 502065
 1995: 501801 502065 502070
 1996: 502225 502225 502581
 1997: 502327 502581 502691
 1998: 502765 502765 503543
 1999: 503057 504184 504340
 2000: 503135 503543 503607
 2001: 503201 503607 503677
 2002: 503334 503677 504121
 2003: 503450 504365 504584
 2004: 503919 504121 504184
 2005: 504128 504340 504365
 2006: 504264 505733 505909
 2007: 504466 504700 505042
 2008: 504543 504584 504700
 2009: 504572 505190 505593
 2010: 504741 505042 505190
 2011: 505114 505649 505733
 2012: 505395 508742 508874
 2013: 505460 505909 506338
 2014: 505517 506338 506614
 2015: 505521 505593 505649
 2016: 505929 506795 507189
 2017: 506080 507189 507247
 2018: 506388 506614 506795
 2019: 506835 507247 507718
 2020: 507309 507720 507958
 2021: 507382 507958 508052
 2022: 507546 507718 507720
 2023: 507949 508052 508315
 2024: 508189 508315 508696
 2025: 508595 508696 508742
 2026: 508893 508893 509284
 2027: 508898 509284 509682
 2028: 509154 509682 509704
 2029: 509456 509704 510193
 2030: 509885 510193 510209
 2031: 510336 510336 510400
 2032: 510714 510714 511184
 2033: 511095 511184 511351
 2034: 511467 511467 511751
 2035: 511932 511932 511967
 2036: 512420 512420 513034
 2037: 512878 513034 513260
 2038: 513194 513260 513678
 2039: 513589 513678 514286
 2040: 513883 514286 514776
 2041: 514351 515870 515897
 2042: 514434 514852 515118
 2043: 514609 514776 514852
 2044: 514653 515119 515128
 2045: 514808 515118 515119
 2046: 515093 515128 515870
 2047: 515406 515897 516039
 2048: 515617 516039 516100
 2049: 515969 516100 516322
 2050: 515994 516322 516790
 2051: 516426 516934 517688
 2052: 516784 516790 516934
 2053: 516951 517787 518013
 2054: 517203 517757 517787
 2055: 517437 517688 517757
 2056: 517803 518013 518068
 2057: 517946 518068 518562
 2058: 518123 518562 518824
 2059: 518414 518824 519019
 2060: 518712 520026 520455
 2061: 518909 519019 519293
 2062: 518965 519293 519440
 2063: 519215 519625 519955
 2064: 519422 519440 519625
 2065: 519776 519955 520026
 2066: 520199 520455 520777
 2067: 520447 520777 520786
 2068: 520625 520786 521053
 2069: 521085 521085 521117
 2070: 521565 521565 522039
 2071: 522046 522046 522350
 2072: 522445 522445 522890
 2073: 522743 522890 522985
 2074: 523188 523188 523215
 2075: 523487 523487 523794
 2076: 523527 523794 524301
 2077: 523857 524867 525117
 2078: 523867 525145 525203
 2079: 524233 524301 524860
 2080: 524419 524860 524867
 2081: 524871 525117 525145
 2082: 524881 525203 525443
 2083: 525275 525443 525469
 2084: 525393 525469 525800
 2085: 525514 526303 526311
 2086: 525564 525800 526303
 2087: 526010 526769 527013
 2088: 526237 526460 526604
 2089: 526264 526311 526460
 2090: 526600 526604 526769
 2091: 527018 527018 527163
 2092: 527344 527344 527600
 2093: 527818 527818 527993
 2094: 528149 528149 528159
 2095: 528204 528204 528850
 2096: 528268 528861 528892
 2097: 528397 528892 529023
 2098: 528607 528850 528861
 2099: 528870 529023 529533
 2100: 529249 529533 529644
 2101: 529677 529677 529767
 2102: 530165 530165 530273
 2103: 530544 530544 530863
 2104: 530665 530863 531246
 2105: 531055 531246 531349
 2106: 531290 531349 531649
 2107: 531626 531649 532142
 2108: 531684 532142 532640
 2109: 532084 532640 532798
 2110: 532237 532798 532928
 2111: 532646 532928 533403
 2112: 533111 533727 533759
 2113: 533403 533403 533487
 2114: 533468 533487 533727
 2115: 533474 533759 534569
 2116: 533915 534569 534588
 2117: 534290 534588 534599
 2118: 534601 534601 534950
 2119: 534748 534950 535307
 2120: 534911 535375 536099
 2121: 535304 535307 535375
 2122: 535651 536099 536484
 2123: 536114 536887 536972
 2124: 536156 536552 536887
 2125: 536453 536484 536552
 2126: 536773 536972 537369
 2127: 537188 537369 537525
 2128: 537436 537525 537680
 2129: 537899 537899 538111
 2130: 538164 538164 538475
 2131: 538424 538475 539000
 2132: 538830 539022 539187
 2133: 538968 539000 539022
 2134: 539360 539360 539659
 2135: 539513 539659 540116
 2136: 539837 540116 540136
 2137: 540295 540295 540546
 2138: 540573 540573 541072
 2139: 540653 541209 541324
 2140: 540939 541097 541209
 2141: 540958 541324 541751
 2142: 541045 541072 541097
 2143: 541439 541751 542209
 2144: 541582 542209 542252
 2145: 541734 542252 542355
 2146: 542062 542355 542361
 2147: 542179 542674 542715
 2148: 542228 542361 542674
 2149: 542683 542715 543129
 2150: 542726 543702 543797
 2151: 543094 543129 543702
 2152: 543553 543797 543932
 2153: 543988 543988 544669
 2154: 544109 544879 544918
 2155: 544277 545009 545431
 2156: 544553 544669 544879
 2157: 544641 544918 545009
 2158: 544812 545962 546282
 2159: 545168 545431 545490
 2160: 545247 545490 545962
 2161: 545606 546401 546414
 2162: 545990 547116 547207
 2163: 546032 547078 547116
 2164: 546083 546282 546401
 2165: 546267 546414 547078
 2166: 546753 547207 547292
 2167: 547069 547900 548217
 2168: 547164 547292 547691
 2169: 547491 547691 547761
 2170: 547501 548217 548320
 2171: 547719 547761 547900
 2172: 547993 548320 548698
 2173: 548439 548698 548845
 2174: 548795 548845 549330
 2175: 549109 549330 550039
 2176: 549446 550093 550408
 2177: 549454 550466 550661
 2178: 549803 550039 550093
 2179: 550288 550408 550466
 2180: 550623 550661 551237
 2181: 550946 551237 551724
 2182: 551409 551724 551963
 2183: 551894 551963 552070
 2184: 551992 552070 552097
 2185: 552219 552219 552433
 2186: 552641 552641 552802
 2187: 553011 553011 553442
 2188: 553026 553442 553616
 2189: 553492 553616 553725
 2190: 553787 553787 553969
 2191: 554282 554282 554578
 2192: 554370 554578 554837
 2193: 554437 554935 555708
 2194: 554591 554837 554935
 2195: 554866 555708 555809
 2196: 555064 556574 556590
 2197: 555443 555809 556463
 2198: 555812 556590 557121
 2199: 556191 557262 557328
 2200: 556259 556463 556574
 2201: 556323 557328 557374
 2202: 556446 557121 557262
 2203: 556668 557977 558078
 2204: 556921 557374 557977
 2205: 556933 559288 559310
 2206: 557404 559310 559393
 2207: 557586 559098 559288
 2208: 557598 558134 558301
 2209: 557764 558301 558408
 2210: 558039 558078 558113
 2211: 558043 558408 558551
 2212: 558079 558113 558134
 2213: 558324 558551 558604
 2214: 558371 558604 558980
 2215: 558842 558980 559098
 2216: 559120 559393 560303
 2217: 559398 560477 560799
 2218: 559583 560303 560392
 2219: 560051 560392 560477
 2220: 560481 560799 561192
 2221: 560828 561971 562032
 2222: 561029 561192 561971
 2223: 561479 562032 562061
 2224: 561887 562061 562731
 2225: 562144 562731 562864
 2226: 562418 562864 563020
 2227: 562478 563109 563119
 2228: 562908 563020 563109
 2229: 563122 563122 563454
 2230: 563144 563807 564038
 2231: 563277 563740 563807
 2232: 563425 563454 563584
 2233: 563441 563584 563740
 2234: 563772 564597 565449
 2235: 563983 564038 564191
 2236: 563987 564304 564597
 2237: 564188 564191 564304
 2238: 564655 565667 566115
 2239: 564814 565584 565667
 2240: 565084 565449 565584
 2241: 565145 566274 566328
 2242: 565325 566115 566175
 2243: 565682 566175 566198
 2244: 566111 566198 566274
 2245: 566199 566328 567140
 2246: 566457 567568 567662
 2247: 566710 567172 567291
 2248: 566845 567291 567568
 2249: 567088 567140 567172
 2250: 567343 568081 568128
 2251: 567573 567662 567736
 2252: 567588 567736 568081
 2253: 568054 568128 568183
 2254: 568139 568183 568899
 2255: 568498 568899 569360
 2256: 568541 569360 569490
 2257: 568943 570021 570093
 2258: 568986 569595 570021
 2259: 569321 569490 569595
 2260: 569654 570813 571170
 2261: 570079 570093 570355
 2262: 570226 570355 570527
 2263: 570228 570527 570737
 2264: 570678 570737 570813
 2265: 570930 571288 571844
 2266: 571132 571170 571288
 2267: 571598 571844 571869
 2268: 572014 572014 572442
 2269: 572215 573264 573465
 2270: 572273 572442 573183
 2271: 572631 573183 573264
 2272: 573114 573787 573983
 2273: 573440 573465 573516
 2274: 573462 573516 573787
 2275: 573463 573983 574174
 2276: 573551 574174 574316
 2277: 574001 574722 574797
 2278: 574108 574316 574366
 2279: 574129 575584 575820
 2280: 574328 574366 574722
 2281: 574591 574797 575129
 2282: 574849 575129 575474
 2283: 574970 575492 575584
 2284: 575132 575862 576436
 2285: 575309 575474 575492
 2286: 575694 575820 575862
 2287: 576017 576436 576528
 2288: 576314 576528 576964
 2289: 576710 576964 577301
 2290: 577024 577301 577458
 2291: 577200 577458 577468
 2292: 577525 577525 578078
 2293: 577665 578148 578691
 2294: 577744 578078 578148
 2295: 578235 578691 578998
 2296: 578671 578998 579047
 2297: 578853 579047 579166
 2298: 579339 579339 579556
 2299: 579710 579710 580020
 2300: 579838 580020 580220
 2301: 580209 580220 580290
 2302: 580294 580294 580657
 2303: 580677 580677 581053
 2304: 581024 581053 581259
 2305: 581227 581259 581496
 2306: 581406 581584 581933
 2307: 581472 582518 582683
 2308: 581480 581496 581584
 2309: 581920 581933 582518
 2310: 582288 583419 583535
 2311: 582656 582683 583284
 2312: 582843 584305 584594
 2313: 582845 583641 584262
 2314: 583200 583284 583419
 2315: 583523 583535 583641
 2316: 583946 584262 584305
 2317: 584445 584594 584677
 2318: 584836 584836 585583
 2319: 585229 585583 585870
 2320: 585393 586080 586573
 2321: 585795 585870 586080
 2322: 586275 586573 587314
 2323: 586626 587314 587353
 2324: 586801 587438 587746
 2325: 586878 588104 588721
 2326: 587101 587353 587438
 2327: 587452 587746 587987
 2328: 587949 587987 588103
 2329: 588035 588103 588104
 2330: 588263 590015 590063
 2331: 588601 588721 588935
 2332: 588708 589354 589918
 2333: 588870 588935 589240
 2334: 589092 589240 589354
 2335: 589331 589918 590015
 2336: 589486 590309 590601
 2337: 589718 590601 590613
 2338: 589829 590613 590717
 2339: 589953 590063 590309
 2340: 590329 590750 590953
 2341: 590662 590717 590750
 2342: 590810 590953 590985
 2343: 590823 590985 591065
 2344: 590864 591065 591156
 2345: 591133 591156 591333
 2346: 591472 591472 592293
 2347: 591592 592293 592781
 2348: 591678 592852 592898
 2349: 592079 592781 592852
 2350: 592439 593132 593705
 2351: 592738 592924 593132
 2352: 592761 594036 594099
 2353: 592876 592898 592924
 2354: 592937 593756 594036
 2355: 593421 593705 593756
 2356: 593659 594121 594799
 2357: 594071 594099 594121
 2358: 594170 594799 594852
 2359: 594636 594852 595135
 2360: 594696 595135 595207
 2361: 594909 595402 595535
 2362: 595069 595227 595402
 2363: 595148 595207 595227
 2364: 595603 595603 595765
 2365: 595993 595993 596325
 2366: 596264 596325 596576
 2367: 596583 596583 596793
 2368: 596709 596793 597074
 2369: 597112 597112 597606
 2370: 597452 597606 598005
 2371: 597905 598005 598623
 2372: 598379 598632 599215
 2373: 598383 598623 598632
 2374: 598809 599215 599425
 2375: 599084 599425 599457
 2376: 599292 599457 599462
 2377: 599680 599680 599921
 2378: 600004 600004 600202
 2379: 600120 600202 600578
 2380: 600571 600578 601124
 2381: 600667 601124 601556
 2382: 600865 601958 602219
 2383: 600884 601615 601879
 2384: 601237 602219 602231
 2385: 601252 601556 601615
 2386: 601563 602231 602323
 2387: 601836 601879 601958
 2388: 602171 602323 602703
 2389: 602532 602703 602736
 2390: 602782 602782 603031
 2391: 603031 603031 603674
 2392: 603159 603701 604316
 2393: 603487 603674 603686
 2394: 603594 603686 603701
 2395: 603828 604316 604475
 2396: 604282 604475 605021
 2397: 604564 605080 605379
 2398: 604812 605021 605080
 2399: 605291 605379 605479
 2400: 605516 605516 606299
 2401: 605813 607205 607333
 2402: 606276 606299 607145
 2403: 606599 607630 607857
 2404: 606949 607333 607630
 2405: 607011 607145 607205
 2406: 607334 607857 607883
 2407: 607395 608039 608163
 2408: 607846 607883 608039
 2409: 608252 608252 609038
 2410: 608588 609038 609201
 2411: 608706 609201 609502
 2412: 609179 609502 609722
 2413: 609623 609722 610080
 2414: 609826 610080 610483
 2415: 610151 610483 610495
 2416: 610569 610569 611182
 2417: 611036 611182 611700
 2418: 611231 611700 611881
 2419: 611412 611881 612373
 2420: 611890 612940 613106
 2421: 612037 613169 613221
 2422: 612094 612446 612845
 2423: 612348 612373 612446
 2424: 612447 612887 612940
 2425: 612516 613477 614004
 2426: 612818 612845 612887
 2427: 613046 613106 613169
 2428: 613135 613221 613477
 2429: 613633 614229 614290
 2430: 613731 614004 614229
 2431: 613955 614290 614844
 2432: 614403 615098 615194
 2433: 614802 614844 615098
 2434: 615286 615286 615506
 2435: 615476 615506 616267
 2436: 615802 616423 616515
 2437: 616066 616267 616423
 2438: 616114 616896 617152
 2439: 616508 616515 616896
 2440: 616689 618319 619180
 2441: 616775 619180 619220
 2442: 616927 617152 617743
 2443: 617187 617861 617900
 2444: 617677 617743 617855
 2445: 617715 617900 618209
 2446: 617799 617855 617861
 2447: 617905 618209 618319
 2448: 618360 620027 620527
 2449: 618538 619220 619308
 2450: 618627 619355 619450
 2451: 619030 619308 619355
 2452: 619238 619450 619851
 2453: 619540 619909 620027
 2454: 619729 619851 619909
 2455: 620134 620527 621257
 2456: 620296 622535 622594
 2457: 620652 621257 621369
 2458: 620960 621403 621765
 2459: 621019 621369 621403
 2460: 621396 621765 621805
 2461: 621784 621805 622535
 2462: 622144 622594 622599
 2463: 622641 622641 622997
 2464: 622643 623121 623279
 2465: 622900 623309 623447
 2466: 622945 623279 623309
 2467: 622954 622997 623121
 2468: 623284 623590 624173
 2469: 623296 623447 623590
 2470: 623306 624452 624944
 2471: 623698 624297 624452
 2472: 624109 624173 624297
 2473: 624598 624944 625340
 2474: 624965 625716 626435
 2475: 624984 625340 625392
 2476: 625130 625392 625716
 2477: 625339 626435 626516
 2478: 625742 626665 626914
 2479: 626067 626914 627312
 2480: 626450 626516 626665
 2481: 626948 627312 627359
 2482: 627192 627359 628203
 2483: 627376 628243 628338
 2484: 627695 628338 628582
 2485: 627790 628724 628847
 2486: 627906 629379 630229
 2487: 627909 628203 628243
 2488: 628147 630232 630242
 2489: 628395 629130 629292
 2490: 628436 628582 628724
 2491: 628789 628847 629130
 2492: 628966 629344 629379
 2493: 629162 629292 629344
 2494: 629433 631235 631821
 2495: 629921 630525 630915
 2496: 630027 630229 630232
 2497: 630112 630242 630525
 2498: 630608 630915 631146
 2499: 631034 631146 631235
SUM: 631821 596488 0.9441 633.20 394.61 3347
