    0:     1     1    25
    1:     2    30    35
    2:     3    70    71
    3:     4    57    59
    4:     5    26    27
    5:     7    59    59
    6:     9    69    70
    7:    10    25    26
    8:    12    27    30
    9:    13    59    59
   10:    15    54    57
   11:    16    25    25
   12:    18    48    49
   13:    19    27    27
   14:    20    35    46
   15:    21    47    48
   16:    22    52    53
   17:    23    60    62
   18:    24    71    71
   19:    25    50    52
   20:    27    59    60
   21:    28    48    48
   22:    30    71    71
   23:    32    49    49
   24:    34    71    71
   25:    35    46    46
   26:    37    93    94
   27:    38    46    47
   28:    39    49    50
   29:    40    91    93
   30:    41    96    97
   31:    43    49    49
   32:    45    94    94
   33:    46    57    57
   34:    48    88    89
   35:    49    70    70
   36:    50    87    88
   37:    51    98    99
   38:    52    97    98
   39:    53    53    54
   40:    54    98    98
   41:    57    99   100
   42:    58    81    85
   43:    60    89    91
   44:    62    62    64
   45:    63   101   102
   46:    64    64    69
   47:    65    74    81
   48:    68    85    85
   49:    69   100   100
   50:    70    81    81
   51:    71    71    74
   52:    72    85    87
   53:    73    88    88
   54:    74   100   101
   55:    75   165   166
   56:    76   164   165
   57:    78    98    98
   58:    79    89    89
   59:    80   100   100
   60:    81   166   167
   61:    82    99    99
   62:    84    94    96
   63:    87   160   161
   64:    90   114   115
   65:    91   115   119
   66:    92   167   167
   67:    93   115   115
   68:    95   103   112
   69:    96   161   163
   70:    97   156   157
   71:    98   163   163
   72:    99   112   114
   73:   101   155   156
   74:   102   102   103
   75:   103   158   160
   76:   105   167   167
   77:   106   157   158
   78:   107   130   135
   79:   109   128   130
   80:   110   126   128
   81:   112   152   155
   82:   113   160   160
   83:   117   123   126
   84:   118   122   123
   85:   119   119   120
   86:   120   120   122
   87:   121   163   164
   88:   122   161   161
   89:   123   160   160
   90:   124   128   128
   91:   127   135   136
   92:   129   166   166
   93:   130   158   158
   94:   133   136   142
   95:   134   148   152
   96:   135   142   144
   97:   136   147   148
   98:   137   145   147
   99:   138   144   145
SUM: 167 166 0.9940 30.70 29.04 90
