    0:     1     1   645
    1:   285   645   731
    2:   517   731  1290
    3:  1231  1290  2105
    4:  1298  2105  2128
    5:  1686  2128  3049
    6:  2435  3049  3146
    7:  2971  3146  3345
    8:  3278  3345  3905
    9:  3981  3981  4722
   10:  4358  4722  5441
   11:  4392  5441  6187
   12:  5114  6187  6293
   13:  5730  6293  7106
   14:  5843  7106  7793
   15:  6322  7793  7854
   16:  6917  7854  8045
   17:  7623  8045  8131
   18:  7766  8131  8920
   19:  7834  8920  9533
   20:  8477  9533  9862
   21:  8719  9862 10109
   22:  9281 10109 10926
   23:  9427 10926 11047
   24: 10131 11047 11075
   25: 10370 11075 11384
   26: 10378 11384 11460
   27: 10807 11460 12067
   28: 11100 12067 12644
   29: 11708 12644 12790
   30: 12117 12790 12882
   31: 12683 12882 12991
   32: 13036 13036 13392
   33: 13371 13392 13426
   34: 13815 13815 13938
   35: 14524 14524 14613
   36: 14638 14638 14819
   37: 14870 14870 15503
   38: 15103 15503 15901
   39: 15152 15901 16155
   40: 15632 16155 16290
   41: 16153 16290 16555
   42: 16718 16718 17101
   43: 17187 17187 17310
   44: 17686 17686 17978
   45: 18203 18203 18427
   46: 18870 18870 19102
   47: 19286 19286 19369
   48: 19394 19394 19752
   49: 19414 19752 20485
   50: 19822 20485 20721
   51: 19964 20721 20996
   52: 20147 20996 21195
   53: 20598 21195 21253
   54: 20603 21253 21365
   55: 21210 21365 21387
   56: 21253 21387 21529
   57: 21477 21529 21835
   58: 22058 22058 22173
   59: 22777 22777 23262
   60: 23050 23262 23469
   61: 23541 23541 23933
   62: 23612 23933 23977
   63: 24076 24076 24104
   64: 24239 24239 24645
   65: 24973 24973 25090
   66: 25438 25438 26033
   67: 25784 26033 26731
   68: 26286 26731 27532
   69: 26604 27532 28144
   70: 27155 28144 28585
   71: 27399 28585 29142
   72: 27956 29142 29309
   73: 28410 29309 29417
   74: 28825 29417 29464
   75: 29546 29546 29901
   76: 29707 29901 30203
   77: 29840 30203 30510
   78: 30464 30510 30997
   79: 30878 30997 31745
   80: 31212 31745 32226
   81: 31823 32226 32689
   82: 32349 32689 32899
   83: 33051 33051 33145
   84: 33309 33309 33319
   85: 33347 33347 33628
   86: 33796 33796 34092
   87: 34453 34453 34487
   88: 34457 34487 34627
   89: 35104 35104 35182
   90: 35141 35182 35447
   91: 35503 35503 36064
   92: 35837 36064 36461
   93: 36270 36461 36845
   94: 36616 36845 36992
   95: 36863 36992 37770
   96: 37361 37770 38534
   97: 38095 38534 38756
   98: 38413 38756 39304
   99: 38968 39304 39449
  100: 39177 39449 39471
  101: 39817 39817 39905
  102: 39945 39945 40095
  103: 40113 40113 40666
  104: 40274 40666 40754
  105: 40829 40829 41005
  106: 41516 41516 41557
  107: 41914 41914 42053
  108: 42579 42579 42831
  109: 43061 43061 43300
  110: 43243 43300 43923
  111: 43438 43923 43987
  112: 43528 43987 44656
  113: 43735 44656 44961
  114: 43853 44961 45488
  115: 44090 45488 45907
  116: 44699 45907 46174
  117: 44937 46174 46988
  118: 45614 46988 47428
  119: 45736 47428 47855
  120: 46211 47855 48642
  121: 46498 48642 48995
  122: 46595 48995 49361
  123: 47282 49361 50260
  124: 47304 50260 50802
  125: 47580 50802 51089
  126: 47981 51089 51447
  127: 48119 51447 51472
  128: 48773 51472 51666
  129: 48925 51666 52098
  130: 49286 52098 52588
  131: 49637 52588 52813
  132: 50156 52813 53306
  133: 50366 53306 53498
  134: 50615 53498 53649
  135: 51151 53649 54172
  136: 51414 54172 55040
  137: 51804 55040 55421
  138: 51818 55421 55464
  139: 52193 55464 55854
  140: 52846 55854 56129
  141: 53247 56129 56309
  142: 53627 56309 56620
  143: 53909 56620 57399
  144: 54206 57399 57962
  145: 54546 57962 58472
  146: 55204 58472 58639
  147: 55663 58639 58723
  148: 55688 58723 59181
  149: 55690 59181 59452
  150: 56384 59452 59943
  151: 57008 59943 60887
  152: 57378 60887 61175
  153: 57413 61175 61793
  154: 58026 61793 62631
  155: 58727 62631 63225
  156: 59041 63225 63443
  157: 59186 63443 63901
  158: 59684 63901 64258
  159: 60360 64258 64768
  160: 61096 64768 65063
  161: 61833 65063 65566
  162: 61915 65566 65830
  163: 62311 65830 66283
  164: 62916 66283 66671
  165: 63384 66671 66874
  166: 63761 66874 67150
  167: 64332 67150 67609
  168: 64913 67609 68419
  169: 65613 68419 68635
  170: 66293 68635 68910
  171: 66505 68910 69451
  172: 66760 69451 69603
  173: 66953 69603 70076
  174: 66992 70076 70230
  175: 67045 70230 70356
  176: 67433 70356 70376
  177: 68105 70376 70950
  178: 68593 70950 71152
  179: 69173 71152 71186
  180: 69893 71186 71247
  181: 70040 71247 71312
  182: 70684 71312 71807
  183: 71032 71807 72131
  184: 71609 72131 72368
  185: 71781 72368 72647
  186: 71982 72647 72810
  187: 71987 72810 72906
  188: 72733 72906 73251
  189: 73196 73251 73468
  190: 73515 73515 74156
  191: 73578 74156 74413
  192: 74137 74413 74448
  193: 74569 74569 75152
  194: 74875 75152 75199
  195: 75520 75520 75538
  196: 76083 76083 76396
  197: 76709 76709 77265
  198: 76722 77265 77577
  199: 76908 77577 78065
  200: 77433 78065 78374
  201: 77783 78374 78864
  202: 78529 78864 79359
  203: 78964 79359 79875
  204: 79519 79875 80665
  205: 79549 80665 80697
  206: 80218 80697 80741
  207: 80304 80741 81254
  208: 80384 81254 81309
  209: 80412 81309 81485
  210: 80446 81485 81867
  211: 81111 81867 81968
  212: 81828 81968 82043
  213: 82136 82136 82388
  214: 82154 82388 82702
  215: 82727 82727 82792
  216: 82832 82832 83325
  217: 83354 83354 83450
  218: 83884 83884 84026
  219: 83980 84026 84197
  220: 84339 84339 84620
  221: 84802 84802 85006
  222: 85022 85022 85384
  223: 85031 85384 85717
  224: 85352 85717 86069
  225: 86042 86069 86494
  226: 86754 86754 87087
  227: 86958 87087 87186
  228: 87356 87356 87578
  229: 88018 88018 88146
  230: 88277 88277 88368
  231: 88489 88489 88648
  232: 89149 89149 89641
  233: 89617 89641 90032
  234: 89811 90032 90197
  235: 89841 90197 90211
  236: 90533 90533 90614
  237: 90619 90619 91060
  238: 90914 91060 91151
  239: 91379 91379 92076
  240: 91512 92076 92359
  241: 91736 92359 92772
  242: 91998 92772 93217
  243: 92025 93217 93526
  244: 92219 93526 93563
  245: 92549 93563 93875
  246: 92974 93875 93992
  247: 93046 93992 94267
  248: 93575 94267 94540
  249: 93605 94540 94785
  250: 93962 94785 95672
  251: 94493 95672 95993
  252: 95048 95993 96416
  253: 95513 96416 97104
  254: 96228 97104 97210
  255: 96950 97210 97320
  256: 97538 97538 97668
  257: 97734 97734 97861
  258: 98362 98362 98526
  259: 98377 98526 98727
  260: 98542 98727 99090
  261: 99071 99090 99418
  262: 99211 99418 99432
  263: 99390 99432 99523
  264: 99785 99785 100398
  265: 100432 100432 100708
  266: 100703 100708 101275
  267: 101009 101275 101743
  268: 101307 101743 101817
  269: 101488 101817 102139
  270: 101693 102139 102286
  271: 102057 102286 102432
  272: 102408 102432 103122
  273: 102555 103122 103564
  274: 102592 103564 103655
  275: 102897 103655 103709
  276: 103406 103709 103865
  277: 103451 103865 104618
  278: 104140 104618 105184
  279: 104712 105184 105330
  280: 105149 105330 105509
  281: 105489 105509 105830
  282: 105639 105830 105914
  283: 105679 105914 106177
  284: 106350 106350 106655
  285: 107066 107066 107193
  286: 107442 107442 107715
  287: 107614 107715 108246
  288: 107758 108246 108792
  289: 107968 108792 108976
  290: 108451 108976 109423
  291: 108836 109423 109788
  292: 109439 109788 110039
  293: 109583 110039 110188
  294: 110241 110241 110473
  295: 110371 110473 110967
  296: 110809 110967 111132
  297: 111116 111132 111291
  298: 111484 111484 111807
  299: 111774 111807 111883
  300: 112344 112344 112389
  301: 112761 112761 112840
  302: 113350 113350 113874
  303: 113527 113874 114065
  304: 113688 114065 114525
  305: 113854 114525 114867
  306: 114010 114867 114990
  307: 114149 114990 115713
  308: 114384 115713 116079
  309: 114939 116079 116267
  310: 115192 116267 116990
  311: 115683 116990 116998
  312: 116090 116998 117855
  313: 116622 117855 117885
  314: 117020 117885 117947
  315: 117338 117947 118142
  316: 117669 118142 118832
  317: 118087 118832 119586
  318: 118665 119586 120152
  319: 118821 120152 120345
  320: 119057 120345 120901
  321: 119694 120901 120994
  322: 119822 120994 121482
  323: 120228 121482 121930
  324: 120541 121930 122132
  325: 121050 122132 122606
  326: 121199 122606 123028
  327: 121710 123028 123437
  328: 122012 123437 123789
  329: 122598 123789 124332
  330: 122967 124332 125059
  331: 123139 125059 125787
  332: 123283 125787 125935
  333: 123408 125935 126112
  334: 123847 126112 126700
  335: 124563 126700 127225
  336: 125170 127225 127323
  337: 125491 127323 127501
  338: 126123 127501 127512
  339: 126474 127512 128221
  340: 126666 128221 128335
  341: 126682 128335 128643
  342: 127045 128643 128890
  343: 127196 128890 129076
  344: 127269 129076 129172
  345: 127888 129172 129567
  346: 128034 129567 130100
  347: 128429 130100 130430
  348: 129064 130430 130738
  349: 129329 130738 131000
  350: 129384 131000 131125
  351: 129636 131125 131702
  352: 129722 131702 131821
  353: 130373 131821 132013
  354: 130927 132013 132634
  355: 131093 132634 133293
  356: 131458 133293 134046
  357: 131798 134046 134776
  358: 132509 134776 135092
  359: 133157 135092 135704
  360: 133639 135704 136349
  361: 134116 136349 136498
  362: 134677 136498 137172
  363: 134848 137172 137604
  364: 135495 137604 137618
  365: 135519 137618 137972
  366: 136189 137972 138540
  367: 136806 138540 138901
  368: 136909 138901 139585
  369: 137636 139585 139771
  370: 137660 139771 140458
  371: 138317 140458 140786
  372: 138644 140786 140974
  373: 139014 140974 141028
  374: 139757 141028 141055
  375: 140080 141055 141331
  376: 140118 141331 141896
  377: 140474 141896 142627
  378: 140651 142627 142723
  379: 140949 142723 143328
  380: 141165 143328 143660
  381: 141193 143660 143909
  382: 141794 143909 144588
  383: 141938 144588 144667
  384: 142354 144667 145445
  385: 142969 145445 145870
  386: 143235 145870 145979
  387: 143316 145979 146075
  388: 143338 146075 146265
  389: 143472 146265 146847
  390: 144193 146847 147438
  391: 144685 147438 148037
  392: 145196 148037 148157
  393: 145806 148157 148943
  394: 146434 148943 149648
  395: 146448 149648 149734
  396: 146932 149734 149804
  397: 147165 149804 150195
  398: 147855 150195 150252
  399: 148147 150252 150281
  400: 148648 150281 150546
  401: 148697 150546 150733
  402: 149379 150733 150882
  403: 149993 150882 151648
  404: 150575 151648 151707
  405: 151296 151707 151966
  406: 151753 151966 152087
  407: 152318 152318 152643
  408: 152882 152882 153157
  409: 153041 153157 153179
  410: 153628 153628 153986
  411: 154167 154167 154364
  412: 154385 154385 154783
  413: 155045 155045 155226
  414: 155448 155448 155507
  415: 155965 155965 156029
  416: 156327 156327 156875
  417: 156502 156875 157236
  418: 157200 157236 157577
  419: 157451 157577 158232
  420: 157491 158232 158643
  421: 157827 158643 159010
  422: 158515 159010 159471
  423: 159235 159471 159937
  424: 159814 159937 160433
  425: 160010 160433 160816
  426: 160315 160816 161242
  427: 161056 161242 161525
  428: 161068 161525 161694
  429: 161753 161753 162067
  430: 161858 162067 162117
  431: 162430 162430 162451
  432: 162700 162700 163072
  433: 162715 163072 163777
  434: 162754 163777 163841
  435: 162755 163841 164092
  436: 163245 164092 164438
  437: 163823 164438 164559
  438: 164314 164559 164718
  439: 164496 164718 165020
  440: 165176 165176 165252
  441: 165917 165917 166108
  442: 166283 166283 166944
  443: 166294 166944 167414
  444: 166928 167414 167837
  445: 166973 167837 167895
  446: 167373 167895 168057
  447: 167832 168057 168129
  448: 168449 168449 168711
  449: 168591 168711 168952
  450: 169335 169335 170018
  451: 170072 170072 170527
  452: 170555 170555 170662
  453: 170720 170720 171174
  454: 171085 171174 171338
  455: 171633 171633 171702
  456: 172362 172362 172686
  457: 172894 172894 173152
  458: 173415 173415 173680
  459: 174141 174141 174325
  460: 174633 174633 175147
  461: 175030 175147 175310
  462: 175670 175670 175717
  463: 175736 175736 176269
  464: 176320 176320 176718
  465: 176734 176734 177227
  466: 177088 177227 177463
  467: 177403 177463 177882
  468: 177622 177882 178407
  469: 177936 178407 178546
  470: 178017 178546 179175
  471: 178150 179175 179248
  472: 178804 179248 180057
  473: 179210 180057 180376
  474: 179671 180376 180435
  475: 179755 180435 180672
  476: 180160 180672 181042
  477: 180509 181042 181290
  478: 181101 181290 181450
  479: 181156 181450 181465
  480: 181783 181783 181840
  481: 182040 182040 182358
  482: 182164 182358 182814
  483: 182485 182814 183121
  484: 182791 183121 183512
  485: 182972 183512 183844
  486: 182974 183844 183942
  487: 183422 183942 184398
  488: 183654 184398 185132
  489: 183988 185132 185918
  490: 184477 185918 186286
  491: 184628 186286 186651
  492: 184781 186651 187125
  493: 185223 187125 187451
  494: 185391 187451 187781
  495: 185815 187781 188384
  496: 186035 188384 189233
  497: 186314 189233 189683
  498: 186821 189683 190024
  499: 187511 190024 190739
  500: 187999 190739 190815
  501: 188452 190815 191308
  502: 188889 191308 191760
  503: 189287 191760 192451
  504: 189546 192451 192535
  505: 190162 192535 193513
  506: 190566 193513 193537
  507: 190713 193537 194257
  508: 191233 194257 194300
  509: 191788 194300 194432
  510: 192128 194432 195044
  511: 192865 195044 195485
  512: 193028 195485 195878
  513: 193185 195878 196419
  514: 193304 196419 197185
  515: 194042 197185 197866
  516: 194262 197866 198088
  517: 194612 198088 198377
  518: 195207 198377 199255
  519: 195787 199255 199396
  520: 196523 199396 199851
  521: 196630 199851 199926
  522: 197096 199926 200108
  523: 197296 200108 200131
  524: 197392 200131 200439
  525: 197570 200439 201014
  526: 197807 201014 201376
  527: 198056 201376 201691
  528: 198489 201691 201697
  529: 198813 201697 201892
  530: 199318 201892 202212
  531: 199730 202212 202763
  532: 199736 202763 203713
  533: 200372 203713 204498
  534: 200388 204498 204679
  535: 201097 204679 205299
  536: 201261 205299 205385
  537: 201654 205385 206139
  538: 201976 206139 206189
  539: 202096 206189 206422
  540: 202697 206422 206582
  541: 202804 206582 206862
  542: 203269 206862 207219
  543: 203761 207219 207495
  544: 203776 207495 207605
  545: 204480 207605 208210
  546: 204862 208210 208416
  547: 205360 208416 208445
  548: 205741 208445 208449
  549: 205983 208449 208465
  550: 206086 208465 208726
  551: 206486 208726 208815
  552: 206755 208815 209114
  553: 206906 209114 209844
  554: 207545 209844 210270
  555: 207807 210270 210562
  556: 208380 210562 210723
  557: 208962 210723 210831
  558: 209691 210831 210878
  559: 210131 210878 211437
  560: 210524 211437 211902
  561: 211040 211902 212393
  562: 211053 212393 212712
  563: 211469 212712 212884
  564: 212122 212884 213236
  565: 212166 213236 214107
  566: 212278 214107 214692
  567: 212553 214692 214775
  568: 213043 214775 214835
  569: 213268 214835 214898
  570: 213970 214898 215042
  571: 214093 215042 215091
  572: 214203 215091 215332
  573: 214269 215332 216154
  574: 214551 216154 216711
  575: 214636 216711 216938
  576: 214789 216938 217038
  577: 215494 217038 217618
  578: 215613 217618 217892
  579: 216176 217892 218358
  580: 216459 218358 219138
  581: 216490 219138 219420
  582: 216794 219420 219539
  583: 216825 219539 219888
  584: 217562 219888 220169
  585: 217989 220169 220745
  586: 218736 220745 220927
  587: 219200 220927 221520
  588: 219709 221520 222085
  589: 219907 222085 222736
  590: 220196 222736 223057
  591: 220917 223057 223270
  592: 221054 223270 223581
  593: 221666 223581 224140
  594: 221966 224140 224365
  595: 222247 224365 224577
  596: 222532 224577 224940
  597: 222765 224940 225311
  598: 223386 225311 225746
  599: 224024 225746 226204
  600: 224546 226204 226593
  601: 225094 226593 226864
  602: 225214 226864 227205
  603: 225843 227205 227693
  604: 225890 227693 228430
  605: 226564 228430 228776
  606: 226926 228776 229187
  607: 226958 229187 229381
  608: 227531 229381 229574
  609: 227540 229574 230267
  610: 227861 230267 230488
  611: 228573 230488 230912
  612: 229177 230912 231462
  613: 229627 231462 231836
  614: 230088 231836 232018
  615: 230424 232018 232158
  616: 231081 232158 232291
  617: 231088 232291 232434
  618: 231488 232434 233245
  619: 232147 233245 233496
  620: 232862 233496 233677
  621: 232898 233677 234019
  622: 233377 234019 234364
  623: 233455 234364 234678
  624: 234169 234678 234967
  625: 234598 234967 235232
  626: 234976 235232 235373
  627: 235121 235373 235583
  628: 235709 235709 236193
  629: 236421 236421 236816
  630: 236608 236816 236819
  631: 237144 237144 237415
  632: 237579 237579 238177
  633: 237704 238177 238787
  634: 238134 238787 238856
  635: 238669 238856 239338
  636: 239288 239338 239572
  637: 240013 240013 240309
  638: 240654 240654 241049
  639: 241308 241308 242044
  640: 241450 242044 242405
  641: 241592 242405 242654
  642: 242319 242654 242964
  643: 242326 242964 243334
  644: 242462 243334 243538
  645: 242580 243538 244064
  646: 242848 244064 244505
  647: 243269 244505 244570
  648: 243719 244570 244780
  649: 243761 244780 245333
  650: 244344 245333 245927
  651: 244873 245927 246093
  652: 245273 246093 246162
  653: 245327 246162 246446
  654: 245887 246446 247002
  655: 246035 247002 247010
  656: 246329 247010 247558
  657: 246804 247558 247584
  658: 247385 247584 247865
  659: 247475 247865 248180
  660: 247927 248180 248861
  661: 248222 248861 249546
  662: 248337 249546 249552
  663: 249016 249552 249754
  664: 249531 249754 249960
  665: 250231 250231 250726
  666: 250781 250781 250955
  667: 250835 250955 251327
  668: 251071 251327 251451
  669: 251565 251565 251646
  670: 251633 251646 252441
  671: 251635 252441 252815
  672: 251822 252815 252967
  673: 252459 252967 253577
  674: 252670 253577 254521
  675: 253410 254521 254605
  676: 253597 254605 255110
  677: 254236 255110 255133
  678: 254490 255133 255486
  679: 254611 255486 256215
  680: 255151 256215 256282
  681: 255522 256282 256642
  682: 256075 256642 256755
  683: 256618 256755 257270
  684: 257153 257270 257602
  685: 257242 257602 258022
  686: 257426 258022 258706
  687: 257644 258706 259081
  688: 258213 259081 259436
  689: 258605 259436 259536
  690: 258690 259536 260005
  691: 259387 260005 260151
  692: 260057 260151 260568
  693: 260634 260634 261182
  694: 261038 261182 261880
  695: 261235 261880 262550
  696: 261256 262550 263048
  697: 261794 263048 263055
  698: 262040 263055 263378
  699: 262656 263378 263777
  700: 263279 263777 264673
  701: 263917 264673 265536
  702: 263964 265536 265602
  703: 264394 265602 266281
  704: 264608 266281 267005
  705: 265257 267005 267307
  706: 265714 267307 267702
  707: 266288 267702 267993
  708: 266721 267993 268024
  709: 267275 268024 268440
  710: 267626 268440 268556
  711: 267912 268556 269050
  712: 268485 269050 269447
  713: 268683 269447 269453
  714: 269091 269453 269460
  715: 269196 269460 269749
  716: 269218 269749 270364
  717: 269558 270364 271262
  718: 269660 271262 271326
  719: 270348 271326 271720
  720: 270445 271720 272079
  721: 271063 272079 272121
  722: 271497 272121 272270
  723: 271682 272270 272703
  724: 271778 272703 273532
  725: 271986 273532 273922
  726: 272730 273922 273986
  727: 272802 273986 274082
  728: 273374 274082 274477
  729: 274014 274477 274531
  730: 274352 274531 275217
  731: 274866 275217 275730
  732: 275606 275730 276070
  733: 276037 276070 276088
  734: 276166 276166 276536
  735: 276577 276577 276768
  736: 276784 276784 276856
  737: 276818 276856 277339
  738: 277543 277543 278108
  739: 277556 278108 278305
  740: 277766 278305 278505
  741: 278286 278505 278527
  742: 279005 279005 279523
  743: 279029 279523 279593
  744: 279145 279593 279758
  745: 279169 279758 280037
  746: 279830 280037 280148
  747: 279897 280148 280299
  748: 280543 280543 280746
  749: 281289 281289 281920
  750: 281409 281920 282428
  751: 281663 282428 282532
  752: 282352 282532 282586
  753: 282575 282586 283087
  754: 283083 283087 283659
  755: 283820 283820 284466
  756: 284278 284466 284748
  757: 284454 284748 284856
  758: 284806 284856 285159
  759: 285025 285159 285519
  760: 285141 285519 285821
  761: 285317 285821 286109
  762: 285351 286109 286398
  763: 286032 286398 286980
  764: 286778 286980 286985
  765: 287486 287486 288234
  766: 287821 288234 288363
  767: 288267 288363 288446
  768: 288770 288770 289297
  769: 288961 289297 289841
  770: 289118 289841 289953
  771: 289351 289953 290538
  772: 290039 290538 290814
  773: 290334 290814 290972
  774: 290946 290972 291271
  775: 290959 291271 291555
  776: 290971 291555 292273
  777: 290979 292273 292465
  778: 291415 292465 293322
  779: 292144 293322 293665
  780: 292762 293665 294005
  781: 293312 294005 294648
  782: 293464 294648 294705
  783: 293945 294705 295249
  784: 294114 295249 295272
  785: 294283 295272 295732
  786: 294386 295732 295833
  787: 294581 295833 296316
  788: 294646 296316 296917
  789: 294980 296917 297165
  790: 295240 297165 297605
  791: 295898 297605 297706
  792: 296438 297706 298232
  793: 296757 298232 298818
  794: 297365 298818 298913
  795: 298026 298913 299150
  796: 298263 299150 299170
  797: 298946 299170 299265
  798: 299657 299657 299690
  799: 299953 299953 300332
  800: 300291 300332 300780
  801: 300750 300780 300812
  802: 300871 300871 301155
  803: 301356 301356 301980
  804: 301755 301980 302136
  805: 301871 302136 302922
  806: 302290 302922 303768
  807: 302473 303768 304015
  808: 303167 304015 304406
  809: 303605 304406 304470
  810: 303659 304470 304739
  811: 303938 304739 304817
  812: 304001 304817 304922
  813: 304684 304922 305174
  814: 305313 305313 305588
  815: 305468 305588 305604
  816: 306167 306167 306697
  817: 306829 306829 307556
  818: 307351 307556 307992
  819: 307610 307992 308292
  820: 308079 308292 308564
  821: 308163 308564 308879
  822: 308566 308879 309049
  823: 308917 309049 309155
  824: 308941 309155 309563
  825: 309091 309563 309612
  826: 309483 309612 310082
  827: 309854 310082 310116
  828: 310499 310499 310700
  829: 310980 310980 311272
  830: 311517 311517 311669
  831: 312261 312261 312464
  832: 312765 312765 312992
  833: 313323 313323 313827
  834: 313628 313827 314107
  835: 314079 314107 314163
  836: 314525 314525 315205
  837: 314692 315205 315787
  838: 314748 315787 316347
  839: 315196 316347 316934
  840: 315758 316934 317628
  841: 315917 317628 318154
  842: 316198 318154 318588
  843: 316861 318588 319059
  844: 316949 319059 319349
  845: 317652 319349 319656
  846: 317936 319656 319752
  847: 318299 319752 320629
  848: 318904 320629 320806
  849: 319223 320806 320820
  850: 319464 320820 321007
  851: 319653 321007 321896
  852: 320212 321896 322338
  853: 320252 322338 322683
  854: 320380 322683 322851
  855: 321077 322851 323119
  856: 321417 323119 323898
  857: 321565 323898 324587
  858: 322204 324587 325336
  859: 322256 325336 326224
  860: 322713 326224 327186
  861: 323317 327186 328169
  862: 324022 328169 328869
  863: 324056 328869 329326
  864: 324447 329326 329602
  865: 325172 329602 329976
  866: 325549 329976 330603
  867: 326123 330603 330635
  868: 326645 330635 331205
  869: 326700 331205 331253
  870: 327056 331253 332118
  871: 327650 332118 333044
  872: 327761 333044 333104
  873: 328333 333104 334092
  874: 328388 334092 334924
  875: 329118 334924 335073
  876: 329750 335073 335168
  877: 330258 335168 335172
  878: 330313 335172 335232
  879: 330713 335232 335360
  880: 330861 335360 335456
  881: 331193 335456 335658
  882: 331733 335658 336149
  883: 332449 336149 336357
  884: 332474 336357 336747
  885: 332691 336747 337227
  886: 332718 337227 337654
  887: 333049 337654 337756
  888: 333105 337756 337778
  889: 333246 337778 337836
  890: 333277 337836 337850
  891: 333903 337850 338573
  892: 334611 338573 338945
  893: 335114 338945 339440
  894: 335293 339440 339627
  895: 335754 339627 339860
  896: 336284 339860 340237
  897: 336390 340237 340605
  898: 336594 340605 340937
  899: 337232 340937 341147
  900: 337328 341147 341313
  901: 337941 341313 341336
  902: 338109 341336 341432
  903: 338371 341432 341472
  904: 338721 341472 341711
  905: 339058 341711 341740
  906: 339585 341740 341964
  907: 339882 341964 342326
  908: 340483 342326 342905
  909: 340983 342905 342933
  910: 341189 342933 343176
  911: 341549 343176 343876
  912: 341808 343876 344237
  913: 342119 344237 344240
  914: 342660 344240 344594
  915: 343357 344594 345178
  916: 343663 345178 345280
  917: 343676 345280 345394
  918: 343684 345394 345660
  919: 344386 345660 345771
  920: 345067 345771 345863
  921: 345810 345863 346088
  922: 346315 346315 346538
  923: 346511 346538 346625
  924: 346855 346855 347309
  925: 347244 347309 347503
  926: 347406 347503 348239
  927: 347947 348239 348802
  928: 348415 348802 349227
  929: 348554 349227 349436
  930: 348858 349436 349667
  931: 349007 349667 350366
  932: 349656 350366 350965
  933: 349994 350965 351626
  934: 350433 351626 352115
  935: 350701 352115 352222
  936: 351283 352222 352368
  937: 351365 352368 352471
  938: 351919 352471 352552
  939: 352616 352616 352787
  940: 352843 352843 353092
  941: 353546 353546 353617
  942: 353884 353884 354023
  943: 353948 354023 354606
  944: 354547 354606 354801
  945: 354865 354865 354931
  946: 355156 355156 355576
  947: 355173 355576 355946
  948: 355805 355946 356165
  949: 355906 356165 356209
  950: 356554 356554 356617
  951: 357249 357249 357397
  952: 357882 357882 358487
  953: 357953 358487 359035
  954: 358259 359035 359594
  955: 358848 359594 360282
  956: 359205 360282 360292
  957: 359380 360292 360497
  958: 359668 360497 361105
  959: 359673 361105 361241
  960: 360117 361241 361489
  961: 360410 361489 362040
  962: 360454 362040 362608
  963: 360634 362608 363096
  964: 361302 363096 363624
  965: 361553 363624 364005
  966: 362205 364005 364499
  967: 362504 364499 364951
  968: 362729 364951 365170
  969: 362954 365170 365385
  970: 363345 365385 366008
  971: 363663 366008 366095
  972: 364272 366095 366755
  973: 364970 366755 367217
  974: 365707 367217 367956
  975: 365994 367956 368317
  976: 366272 368317 368517
  977: 366692 368517 368862
  978: 366836 368862 369234
  979: 367087 369234 369952
  980: 367222 369952 370538
  981: 367854 370538 371159
  982: 368556 371159 371352
  983: 369131 371352 371358
  984: 369685 371358 371527
  985: 370397 371527 371722
  986: 370514 371722 371834
  987: 370712 371834 372428
  988: 370740 372428 373202
  989: 370866 373202 373377
  990: 370966 373377 373910
  991: 371414 373910 373957
  992: 371662 373957 374303
  993: 372366 374303 374668
  994: 373089 374668 374918
  995: 373547 374918 375048
  996: 374258 375048 375357
  997: 374405 375357 375787
  998: 374929 375787 375867
  999: 375021 375867 376392
SUM: 376392 340072 0.9035 1585.24 1245.17 5806
