    0:     1     1    25
    1:     2    25    31
    2:     3    31    61
    3:     4    61    69
    4:     5    69    83
    5:     7    83    97
    6:     9    97   104
    7:    10   104   126
    8:    12   126   128
    9:    13   128   145
   10:    15   145   147
   11:    16   147   161
   12:    18   161   169
   13:    19   169   175
   14:    20   175   178
   15:    21   178   180
   16:    22   180   185
   17:    23   185   192
   18:    24   192   197
   19:    25   197   210
   20:    27   210   216
   21:    28   216   226
   22:    30   226   243
   23:    32   243   259
   24:    34   259   275
   25:    35   275   294
   26:    37   294   298
   27:    38   298   303
   28:    39   303   306
   29:    40   306   313
   30:    41   313   317
   31:    43   317   327
   32:    45   327   334
   33:    46   334   347
   34:    48   347   355
   35:    49   355   372
   36:    50   372   388
   37:    51   388   399
   38:    52   399   400
   39:    53   400   414
   40:    54   414   428
   41:    57   428   430
   42:    58   430   445
   43:    60   445   451
   44:    62   451   464
   45:    63   464   488
   46:    64   488   517
   47:    65   517   525
   48:    68   525   529
   49:    69   529   544
   50:    70   544   563
   51:    71   563   570
   52:    72   570   583
   53:    73   583   584
   54:    74   584   597
   55:    75   597   626
   56:    76   626   627
   57:    78   627   652
   58:    79   652   661
   59:    80   661   672
   60:    81   672   701
   61:    82   701   729
   62:    84   729   732
   63:    87   732   751
   64:    90   751   763
   65:    91   763   767
   66:    92   767   781
   67:    93   781   799
   68:    95   799   802
   69:    96   802   819
   70:    97   819   825
   71:    98   825   831
   72:    99   831   846
   73:   101   846   854
   74:   102   854   873
   75:   103   873   896
   76:   105   896   903
   77:   106   903   912
   78:   107   912   933
   79:   109   933   938
   80:   110   938   940
   81:   112   940   951
   82:   113   951   956
   83:   117   956   970
   84:   118   970   973
   85:   119   973   976
   86:   120   976   978
   87:   121   978   992
   88:   122   992   995
   89:   123   995   996
   90:   124   996  1012
   91:   127  1012  1020
   92:   129  1020  1050
   93:   130  1050  1058
   94:   133  1058  1074
   95:   134  1074  1084
   96:   135  1084  1092
   97:   136  1092  1096
   98:   137  1096  1097
   99:   138  1097  1099
SUM: 1099 1098 0.9991 499.98 489.00 959
