    0:     1     1   394
    1:   170   917  1001
    2:   194   394   716
    3:   265   716   797
    4:   424  1201  1222
    5:   592  1001  1201
    6:   605   797   797
    7:   642  2541  2567
    8:   648   797   904
    9:   728  1408  1610
   10:   769  2623  2657
   11:   862   904   917
   12:   905  1323  1408
   13:  1034  1222  1260
   14:  1037  2866  2868
   15:  1093  1295  1323
   16:  1198  2903  2930
   17:  1200  1610  2541
   18:  1251  1260  1295
   19:  1266  2868  2883
   20:  1285  2584  2588
   21:  1487  2902  2903
   22:  1506  2824  2830
   23:  1551  2785  2824
   24:  1616  2613  2623
   25:  1640  3502  4487
   26:  1663  3491  3502
   27:  1687  3165  3212
   28:  1793  2588  2613
   29:  1822  3288  3311
   30:  1869  3311  3356
   31:  1918  2657  2730
   32:  1941  2952  3024
   33:  1963  3266  3275
   34:  1976  2930  2952
   35:  1987  2883  2902
   36:  2043  2567  2584
   37:  2160  3212  3266
   38:  2198  2730  2755
   39:  2204  3360  3491
   40:  2238  2830  2866
   41:  2645  3024  3138
   42:  2677  2755  2785
   43:  2707  4562  4590
   44:  2743  3138  3165
   45:  2930  3356  3360
   46:  2983  4831  4877
   47:  2989  3275  3288
   48:  3176  4783  4812
   49:  3235  4499  4562
   50:  3348  5045  5172
   51:  3397  4749  4783
   52:  3508  4715  4749
   53:  3513  4632  4651
   54:  3568  4590  4620
   55:  3581  5341  5362
   56:  3633  4620  4632
   57:  3687  5331  5335
   58:  3729  5300  5331
   59:  3996  5251  5295
   60:  4050  5362  5366
   61:  4133  4487  4499
   62:  4158  5223  5226
   63:  4280  4651  4685
   64:  4286  4812  4831
   65:  4312  5335  5341
   66:  4315  5226  5251
   67:  4329  5295  5300
   68:  4332  4685  4715
   69:  4799  4877  5045
   70:  4835  5448  6262
   71:  4880  5362  5362
   72:  4908  5373  5448
   73:  5010  5192  5223
   74:  5141  5172  5192
   75:  5203  6348  6444
   76:  5272  6325  6341
   77:  5305  5366  5373
   78:  5624  6262  6271
   79:  5632  7792  7821
   80:  5687  6502  6503
   81:  5892  6503  6677
   82:  5906  7821  7857
   83:  5943  6271  6325
   84:  5974  6461  6498
   85:  6090  6782  6832
   86:  6150  6341  6348
   87:  6221  6848  6968
   88:  6239  6444  6461
   89:  6309  6968  7791
   90:  6314  7857  7926
   91:  6349  6677  6782
   92:  6388  6832  6848
   93:  6451  6498  6502
   94:  6631  6782  6782
   95:  6678  8154  8182
   96:  6684  8051  8154
   97:  6705  8254  8261
   98:  6743  8182  8222
   99:  6888  8543  8544
  100:  6910  8302  8333
  101:  6941  8222  8254
  102:  6957  7926  7959
  103:  7051  8261  8302
  104:  7179  8482  8509
  105:  7252  8633  8744
  106:  7263  7974  8051
  107:  7302  8630  8633
  108:  7457  8544  8554
  109:  7574  8302  8302
  110:  7597  7959  7974
  111:  7671  8377  8426
  112:  7690  8584  8630
  113:  7705  8362  8377
  114:  7737  7791  7792
  115:  7777  8333  8362
  116:  7850  8509  8516
  117:  7859  8554  8570
  118:  8131  8570  8584
  119:  8165  8516  8543
  120:  8232  8744  8745
  121:  8347  8426  8482
  122:  8373  9571  9594
  123:  8444  8745  9571
  124:  8845  9751  9810
  125:  8940  9594  9670
  126:  9014  9708  9751
  127:  9228 10197 10261
  128:  9247 11336 11347
  129:  9296  9810  9981
  130:  9309 10261 10308
  131:  9324 10134 10197
  132:  9407  9670  9708
  133:  9478  9981 10047
  134:  9489 10308 10388
  135:  9532 10047 10134
  136:  9824 11429 11441
  137:  9870 11441 11493
  138:  9910 10388 11296
  139:  9953 11561 11629
  140: 10002 11367 11382
  141: 10086 11296 11334
  142: 10139 11728 11838
  143: 10413 11939 11959
  144: 10516 11629 11678
  145: 10544 12061 12137
  146: 10578 11697 11728
  147: 10671 13136 13146
  148: 10797 11509 11545
  149: 10882 12137 12173
  150: 10909 11334 11336
  151: 10995 11493 11509
  152: 11026 11347 11367
  153: 11088 11962 11974
  154: 11107 12173 13119
  155: 11120 11926 11930
  156: 11134 12060 12061
  157: 11265 11845 11903
  158: 11311 12019 12020
  159: 11352 11382 11429
  160: 11374 11959 11962
  161: 11384 11838 11845
  162: 11405 12020 12060
  163: 11486 13146 13179
  164: 11499 11545 11561
  165: 11500 11678 11697
  166: 11546 11903 11926
  167: 11655 11974 12019
  168: 11800 13410 13445
  169: 11860 13179 13193
  170: 11891 11930 11939
  171: 12009 13526 13626
  172: 12071 13731 13732
  173: 12087 13119 13136
  174: 12128 13733 13736
  175: 12148 13787 13795
  176: 12182 13445 13475
  177: 12209 13732 13733
  178: 12226 13945 14083
  179: 12313 13475 13484
  180: 12341 13795 13823
  181: 12484 13823 13886
  182: 12524 13626 13731
  183: 12588 13264 13387
  184: 12821 13193 13242
  185: 12854 13387 13410
  186: 12997 13242 13264
  187: 13123 13484 13526
  188: 13234 15045 15050
  189: 13277 15228 15233
  190: 13353 13736 13787
  191: 13513 14083 15045
  192: 13516 15198 15228
  193: 13591 15257 15282
  194: 13604 15315 15358
  195: 13676 15507 15517
  196: 13678 15503 15507
  197: 13700 15442 15491
  198: 13707 13886 13945
  199: 13806 15072 15084
  200: 14058 15110 15128
  201: 14090 15827 15852
  202: 14111 15138 15198
  203: 14130 15050 15057
  204: 14144 15632 15707
  205: 14162 15852 15855
  206: 14194 15128 15138
  207: 14327 15389 15425
  208: 14353 15491 15498
  209: 14429 15766 15822
  210: 14451 15909 15980
  211: 14581 15707 15766
  212: 14598 15282 15315
  213: 14728 15057 15072
  214: 14729 15855 15909
  215: 14737 15252 15257
  216: 14865 15358 15389
  217: 14901 15084 15088
  218: 14936 15517 15600
  219: 15033 15607 15632
  220: 15069 15088 15110
  221: 15159 15233 15252
  222: 15206 15980 16033
  223: 15291 16938 16948
  224: 15337 15498 15503
  225: 15370 15425 15442
  226: 15395 16033 16938
  227: 15465 15600 15607
  228: 15652 17346 17493
  229: 15718 15822 15827
  230: 15797 17493 17539
  231: 15798 17269 17317
  232: 15801 17198 17246
  233: 15857 17246 17269
  234: 16114 17096 17097
  235: 16115 17116 17198
  236: 16144 17539 17567
  237: 16207 17567 17639
  238: 16302 17046 17096
  239: 16473 17017 17027
  240: 16568 17097 17104
  241: 16634 17760 18663
  242: 16666 17027 17046
  243: 16732 17104 17116
  244: 16874 16948 17017
  245: 16878 17317 17346
  246: 17029 18663 18730
  247: 17302 17639 17760
  248: 17351 19100 19150
  249: 17382 19037 19100
  250: 17486 19008 19013
  251: 17607 18730 18731
  252: 17613 19013 19025
  253: 17769 19423 19457
  254: 17842 19373 19423
  255: 18180 18935 18997
  256: 18182 19188 19230
  257: 18215 19025 19037
  258: 18328 19493 19595
  259: 18408 19230 19280
  260: 18417 19338 19373
  261: 18427 19595 19634
  262: 18548 18731 18756
  263: 18720 18756 18935
  264: 18789 20589 20618
  265: 18888 18997 19008
  266: 18957 19150 19188
  267: 19000 19280 19338
  268: 19181 20684 20692
  269: 19232 20889 20916
  270: 19238 20692 20861
  271: 19399 19634 20498
  272: 19403 20618 20622
  273: 19455 19457 19493
  274: 19470 20533 20542
  275: 19517 20622 20684
  276: 19679 20981 20982
  277: 19704 20982 21067
  278: 19796 20542 20567
  279: 20065 20692 20692
  280: 20106 21067 21085
  281: 20189 21881 21902
  282: 20209 21942 21983
  283: 20303 20498 20533
  284: 20344 20567 20589
  285: 20432 20861 20889
  286: 20520 20916 20955
  287: 20594 21085 21134
  288: 20722 21983 22008
  289: 20790 21134 21881
  290: 20816 21914 21942
  291: 20844 22008 22058
  292: 20927 20955 20981
  293: 21082 22240 22255
  294: 21199 22668 22718
  295: 21288 22058 22091
  296: 21348 22234 22240
  297: 21369 22628 22668
  298: 21417 22806 22839
  299: 21642 22763 22774
  300: 21656 22408 22515
  301: 21695 22718 22743
  302: 21713 21913 21914
  303: 21786 21902 21913
  304: 21800 22091 22096
  305: 21803 22255 22349
  306: 21829 22096 22234
  307: 21910 22839 22840
  308: 22160 22349 22408
  309: 22192 22515 22628
  310: 22228 22840 23762
  311: 22502 22774 22806
  312: 22541 23919 23940
  313: 22638 22743 22763
  314: 22653 24370 24396
  315: 22770 23940 24083
  316: 22799 23872 23919
  317: 22819 24194 24258
  318: 22840 24554 24580
  319: 22905 24097 24138
  320: 22911 24277 24347
  321: 23082 24083 24097
  322: 23447 24258 24277
  323: 23479 24606 24673
  324: 23486 24403 24414
  325: 23579 24138 24194
  326: 23680 24396 24403
  327: 23719 23762 23872
  328: 23899 25542 25571
  329: 23902 24673 25530
  330: 24030 24419 24554
  331: 24077 25571 25573
  332: 24080 24414 24419
  333: 24166 25697 25715
  334: 24228 25692 25697
  335: 24319 24347 24370
  336: 24489 25989 26035
  337: 24491 24580 24606
  338: 24504 25715 25813
  339: 24644 25585 25692
  340: 24650 25813 25989
  341: 24750 26150 26253
  342: 24771 25573 25582
  343: 25058 25582 25585
  344: 25083 26419 27383
  345: 25104 25532 25542
  346: 25252 26106 26150
  347: 25273 26322 26332
  348: 25314 26332 26369
  349: 25329 26369 26419
  350: 25346 26267 26322
  351: 25422 25530 25532
  352: 25473 26095 26106
  353: 25820 26035 26093
  354: 25824 26253 26267
  355: 26017 27465 27496
  356: 26054 26093 26095
  357: 26295 27973 27998
  358: 26421 28296 28297
  359: 26539 27406 27465
  360: 26786 27383 27406
  361: 26804 28179 28183
  362: 26913 27659 27831
  363: 27009 27496 27548
  364: 27048 28264 28270
  365: 27062 27912 27973
  366: 27183 28065 28179
  367: 27277 27548 27659
  368: 27328 28050 28065
  369: 27574 27831 27912
  370: 27632 28228 28246
  371: 27719 28270 28296
  372: 27779 27998 28009
  373: 27843 29435 29443
  374: 27909 29443 29447
  375: 27957 29595 29629
  376: 27997 28009 28050
  377: 28032 29231 29262
  378: 28045 29156 29179
  379: 28080 29631 29651
  380: 28081 29629 29631
  381: 28096 29819 29893
  382: 28131 28246 28264
  383: 28140 28183 28228
  384: 28210 28297 29156
  385: 28251 29190 29231
  386: 28506 29179 29190
  387: 28513 29533 29595
  388: 28621 29651 29745
  389: 28783 29359 29430
  390: 28785 29430 29435
  391: 28962 29474 29533
  392: 28965 29292 29359
  393: 29042 29262 29292
  394: 29078 30056 31017
  395: 29194 29447 29474
  396: 29257 30023 30056
  397: 29275 29893 30023
  398: 29436 31238 31330
  399: 29563 31494 31495
  400: 29602 31207 31238
  401: 29680 31375 31377
  402: 29712 29745 29819
  403: 29882 31059 31116
  404: 29921 31717 31781
  405: 29968 31396 31448
  406: 29979 31361 31375
  407: 30156 31139 31190
  408: 30236 31495 31548
  409: 30275 31017 31042
  410: 30337 31190 31195
  411: 30380 31116 31139
  412: 30394 31594 31654
  413: 30400 31042 31059
  414: 30723 31834 31902
  415: 30784 31377 31396
  416: 30795 31195 31207
  417: 30907 31448 31494
  418: 31133 31654 31671
  419: 31204 31330 31361
  420: 31249 31902 32722
  421: 31374 31548 31594
  422: 31420 31671 31717
  423: 31536 32747 32758
  424: 31559 32822 32833
  425: 31572 31781 31834
  426: 31609 33205 33242
  427: 31888 33184 33205
  428: 31910 34588 34595
  429: 31983 32855 32884
  430: 32235 32758 32822
  431: 32312 32722 32747
  432: 32349 32983 33057
  433: 32418 32955 32982
  434: 32425 32833 32855
  435: 32516 33156 33184
  436: 32542 33153 33156
  437: 32553 33346 33400
  438: 32573 33544 33567
  439: 32732 33057 33143
  440: 32741 33629 34576
  441: 32772 33143 33153
  442: 32850 32884 32955
  443: 32856 33432 33544
  444: 32891 33242 33346
  445: 32903 32982 32983
  446: 33069 33400 33432
  447: 33114 34768 34816
  448: 33131 34576 34588
  449: 33204 34816 34836
  450: 33227 34857 34864
  451: 33368 34954 35106
  452: 33509 33567 33629
  453: 33539 34595 34618
  454: 33727 34677 34747
  455: 33793 36504 36517
  456: 33815 35437 35463
  457: 33875 35379 35437
  458: 33896 35160 35169
  459: 34020 35106 35158
  460: 34051 35463 35494
  461: 34312 34747 34768
  462: 34417 34864 34954
  463: 34471 35494 35500
  464: 34519 34652 34677
  465: 34542 35190 35283
  466: 34590 34618 34652
  467: 34619 34836 34857
  468: 34627 35169 35190
  469: 34666 35532 36503
  470: 34820 35500 35532
  471: 34825 36604 36606
  472: 35024 35158 35160
  473: 35026 36606 36651
  474: 35049 35283 35379
  475: 35170 37062 37083
  476: 35293 37218 37245
  477: 35432 36948 37037
  478: 35448 36817 36837
  479: 35504 37122 37144
  480: 35557 37245 37274
  481: 35597 37381 37457
  482: 35785 37192 37218
  483: 35812 36503 36504
  484: 35850 37152 37192
  485: 35854 36661 36749
  486: 35948 36570 36604
  487: 35987 37108 37122
  488: 36092 36837 36916
  489: 36222 37468 38441
  490: 36247 37083 37099
  491: 36321 36517 36570
  492: 36358 36916 36948
  493: 36438 37037 37062
  494: 36573 36651 36661
  495: 36595 36749 36817
  496: 36918 37144 37152
  497: 36947 37297 37381
  498: 36987 37099 37108
  499: 37192 37274 37297
  500: 37224 37457 37468
  501: 37231 38485 38489
  502: 37240 38652 38923
  503: 37334 38979 39300
  504: 37549 38950 38959
  505: 37721 38602 38652
  506: 37734 38923 38950
  507: 37763 38959 38979
  508: 38076 38561 38566
  509: 38212 38566 38592
  510: 38250 38592 38602
  511: 38262 38489 38501
  512: 38315 38441 38485
  513: 38367 38501 38561
  514: 38946 40481 40538
  515: 38996 39343 39414
  516: 39036 40751 40774
  517: 39045 39300 39343
  518: 39069 39414 39416
  519: 39220 41019 41028
  520: 39389 39416 40313
  521: 39673 40635 40640
  522: 39714 40640 40751
  523: 39755 40538 40625
  524: 39840 40313 40481
  525: 39905 41169 42039
  526: 39949 40939 40955
  527: 39962 41128 41169
  528: 40084 40800 40881
  529: 40091 41018 41019
  530: 40436 40774 40800
  531: 40555 40625 40625
  532: 40566 41028 41128
  533: 40596 40625 40635
  534: 40775 42149 42155
  535: 40794 40955 41018
  536: 40820 42155 42166
  537: 40839 40881 40939
  538: 40942 42527 42611
  539: 40952 42376 42384
  540: 41144 42634 42671
  541: 41198 42290 42326
  542: 41243 42622 42634
  543: 41272 42166 42216
  544: 41303 42342 42376
  545: 41308 42257 42290
  546: 41457 42671 42701
  547: 41469 42701 42731
  548: 41475 42442 42527
  549: 41561 42216 42234
  550: 41684 42384 42442
  551: 41748 42827 43682
  552: 41842 42234 42257
  553: 41950 42326 42328
  554: 41993 42108 42149
  555: 42019 42039 42108
  556: 42111 42611 42622
  557: 42181 42328 42342
  558: 42561 42731 42827
  559: 42660 43926 44079
  560: 42868 43682 43734
  561: 42909 44461 44465
  562: 43035 44157 44238
  563: 43099 44465 44560
  564: 43110 43734 43926
  565: 43124 44560 44617
  566: 43227 44400 44418
  567: 43489 44079 44130
  568: 43493 44302 44400
  569: 43629 44130 44157
  570: 43827 45552 45569
  571: 43905 44297 44302
  572: 44026 45569 45692
  573: 44027 44424 44461
  574: 44037 44418 44424
  575: 44054 44617 45502
  576: 44186 44238 44297
  577: 44338 46027 46079
  578: 44355 45797 45880
  579: 44413 45771 45787
  580: 44504 46079 46149
  581: 44531 45880 45890
  582: 44578 45692 45710
  583: 44767 45927 45958
  584: 44873 46355 47259
  585: 45083 46270 46328
  586: 45164 45958 46012
  587: 45253 46330 46355
  588: 45322 45890 45927
  589: 45325 45787 45797
  590: 45416 45502 45552
  591: 45431 45710 45771
  592: 45749 46194 46270
  593: 45807 47668 47673
  594: 45842 46328 46330
  595: 45853 47323 47332
  596: 45869 46012 46027
  597: 45930 47701 47719
  598: 45983 47259 47323
  599: 46032 47507 47514
  600: 46039 47666 47668
  601: 46052 46149 46194
  602: 46200 47857 47923
  603: 46269 47514 47597
  604: 46367 48194 48211
  605: 46371 48077 48090
  606: 46383 47597 47638
  607: 46517 48236 48237
  608: 46726 47338 47507
  609: 46760 48048 48077
  610: 46798 47673 47701
  611: 46800 48224 48236
  612: 46801 47719 47754
  613: 46853 47332 47338
  614: 47307 47923 48021
  615: 47322 47638 47666
  616: 47537 48090 48194
  617: 47578 48021 48048
  618: 47652 48237 49199
  619: 47665 49523 49528
  620: 47683 49320 49376
  621: 47696 47754 47857
  622: 47699 49258 49320
  623: 47759 49402 49474
  624: 47814 49528 49554
  625: 47906 48211 48224
  626: 47947 49817 49869
  627: 48363 49981 50102
  628: 48380 49199 49258
  629: 48582 50140 50154
  630: 48607 49474 49523
  631: 48807 49395 49402
  632: 48921 49869 49903
  633: 49072 49903 49981
  634: 49242 49376 49395
  635: 49368 51252 51253
  636: 49411 50131 50140
  637: 49509 49554 49648
  638: 49519 51339 51422
  639: 49635 49648 49817
  640: 49718 51599 51634
  641: 49792 51179 51233
  642: 49808 51681 51764
  643: 49810 51464 51545
  644: 49905 50102 50131
  645: 49942 50154 51139
  646: 49970 51422 51464
  647: 49990 51233 51239
  648: 49994 51239 51241
  649: 50180 52094 52098
  650: 50210 51840 51868
  651: 50216 51905 51909
  652: 50307 51909 51947
  653: 50328 51947 51970
  654: 50335 51139 51179
  655: 50384 51876 51905
  656: 50442 51241 51252
  657: 50592 51868 51876
  658: 50693 52017 52033
  659: 50705 51545 51599
  660: 50853 51634 51681
  661: 50899 51253 51318
  662: 51052 51777 51840
  663: 51077 52033 52072
  664: 51200 51318 51339
  665: 51370 52112 52945
  666: 51574 52098 52112
  667: 51758 51764 51777
  668: 51873 52945 52971
  669: 51921 51970 52017
  670: 51938 52072 52094
  671: 52016 53547 53554
  672: 52021 53116 53316
  673: 52071 53554 53619
  674: 52110 53316 53442
  675: 52134 53059 53074
  676: 52149 53541 53547
  677: 52194 54760 54796
  678: 52238 53495 53541
  679: 52592 52971 53059
  680: 52803 53677 53691
  681: 52841 53619 53677
  682: 52990 53074 53116
  683: 53044 53442 53452
  684: 53093 53737 53791
  685: 53149 53452 53495
  686: 53368 54856 54919
  687: 53412 53791 54760
  688: 53500 53691 53737
  689: 53635 54796 54843
  690: 53699 54843 54856
  691: 53734 55476 55499
  692: 53881 55545 55568
  693: 54006 54919 55049
  694: 54068 55499 55545
  695: 54130 55049 55247
  696: 54218 55636 55704
  697: 54253 55247 55297
  698: 54277 55571 55636
  699: 54294 55499 55499
  700: 54455 55427 55476
  701: 54500 55568 55571
  702: 54683 55636 55636
  703: 54825 55297 55347
  704: 54958 55404 55427
  705: 55050 56891 56933
  706: 55171 55717 56611
  707: 55184 55347 55404
  708: 55364 55704 55717
  709: 55631 57003 57004
  710: 55744 57004 57065
  711: 56042 56933 57003
  712: 56094 56765 56891
  713: 56096 57242 57306
  714: 56118 56670 56765
  715: 56175 56611 56670
  716: 56442 57475 57516
  717: 56709 57350 57414
  718: 56870 57306 57350
  719: 56920 57065 57242
  720: 56973 58621 58629
  721: 56982 58713 58740
  722: 57006 58708 58709
  723: 57281 58466 58621
  724: 57303 57414 57475
  725: 57385 57516 58466
  726: 57434 59065 59078
  727: 57487 59374 59413
  728: 57545 59078 59190
  729: 57568 59190 59207
  730: 57594 58757 58839
  731: 57698 58709 58713
  732: 57734 58839 59065
  733: 57747 58629 58633
  734: 57757 59232 59310
  735: 57850 58740 58757
  736: 58411 59413 60373
  737: 58481 58633 58708
  738: 58973 59207 59232
  739: 59030 59310 59374
  740: 59077 60856 60922
  741: 59118 60459 60469
  742: 59124 60749 60761
  743: 59134 60970 60976
  744: 59148 60738 60749
  745: 59187 60787 60820
  746: 59312 60485 60505
  747: 59417 60505 60542
  748: 59535 61270 61273
  749: 59573 61210 61270
  750: 59695 60442 60459
  751: 59716 61106 61154
  752: 59726 61154 61210
  753: 59732 60469 60482
  754: 59814 60950 60970
  755: 59820 60482 60485
  756: 59836 60820 60856
  757: 59858 60542 60629
  758: 60047 60670 60738
  759: 60225 60373 60442
  760: 60342 60629 60662
  761: 60404 60922 60950
  762: 60451 60662 60670
  763: 60569 62413 62431
  764: 60590 62343 62362
  765: 60605 61309 62219
  766: 60632 60761 60782
  767: 60777 60782 60787
  768: 60803 61280 61290
  769: 60866 61293 61309
  770: 60927 60976 60998
  771: 60934 60998 61106
  772: 60946 62470 62523
  773: 60948 62227 62245
  774: 61050 61290 61293
  775: 61064 62676 62703
  776: 61086 62897 62904
  777: 61096 62881 62896
  778: 61100 61273 61280
  779: 61450 62466 62470
  780: 61459 62245 62343
  781: 61491 62523 62597
  782: 61561 62362 62378
  783: 61711 63016 63072
  784: 61723 62597 62606
  785: 61872 62879 62881
  786: 61878 63110 63129
  787: 61925 62378 62413
  788: 61953 62660 62676
  789: 61982 62219 62227
  790: 62027 62606 62660
  791: 62094 62828 62879
  792: 62113 62896 62897
  793: 62156 62431 62452
  794: 62236 62597 62597
  795: 62302 62904 62952
  796: 62371 63072 63107
  797: 62388 64278 64321
  798: 62399 64186 64187
  799: 62408 62452 62466
  800: 62462 63129 63149
  801: 62531 63107 63110
  802: 62580 62952 63016
  803: 62602 63149 63156
  804: 62615 64321 64423
  805: 62658 62703 62828
  806: 62835 64247 64259
  807: 62997 64737 64743
  808: 63063 64259 64278
  809: 63089 63156 64126
  810: 63194 64165 64186
  811: 63266 64754 64802
  812: 63291 64903 64942
  813: 63428 64457 64476
  814: 63652 64236 64247
  815: 63813 64942 65039
  816: 63825 64476 64595
  817: 63979 64611 64737
  818: 64009 64187 64236
  819: 64080 64595 64611
  820: 64123 64126 64165
  821: 64136 64423 64457
  822: 64153 65080 66004
  823: 64459 64802 64903
  824: 64477 66176 66234
  825: 64602 65039 65080
  826: 64634 66385 66389
  827: 64716 64743 64754
  828: 64739 66389 66463
  829: 64757 66574 66601
  830: 64927 66103 66104
  831: 65045 66297 66340
  832: 65046 66340 66378
  833: 65140 66065 66103
  834: 65142 66155 66176
  835: 65208 66004 66051
  836: 65243 66840 66893
  837: 65269 66378 66385
  838: 65458 66051 66052
  839: 65535 66104 66154
  840: 65713 66463 66574
  841: 65773 66234 66297
  842: 65797 66154 66155
  843: 65867 66681 66745
  844: 65884 66767 66780
  845: 65926 66052 66065
  846: 66190 68082 68099
  847: 66240 66893 66946
  848: 66318 67957 68082
  849: 66328 66601 66643
  850: 66370 66643 66681
  851: 66483 66745 66767
  852: 66564 67904 67955
  853: 66584 68432 68454
  854: 66598 66780 66840
  855: 66711 67955 67957
  856: 66763 68099 68205
  857: 66804 68642 68656
  858: 66860 66946 67904
  859: 66923 68570 68614
  860: 67067 69829 69830
  861: 67209 68656 68698
  862: 67228 68209 68214
  863: 67354 68698 68753
  864: 67414 68753 68823
  865: 67476 68823 68853
  866: 67560 68214 68221
  867: 67677 68205 68209
  868: 67719 69831 69854
  869: 67906 68454 68481
  870: 68089 68481 68570
  871: 68177 68221 68286
  872: 68179 69937 69942
  873: 68195 68286 68432
  874: 68207 68614 68642
  875: 68233 68853 69829
  876: 68344 69942 69976
  877: 68477 69830 69831
  878: 68528 70463 70470
  879: 68691 69854 69869
  880: 68758 70194 70279
  881: 68759 70076 70096
  882: 68880 70631 70641
  883: 68950 69976 70059
  884: 69090 70330 70350
  885: 69228 70582 70583
  886: 69246 70350 70360
  887: 69260 70059 70076
  888: 69339 70096 70194
  889: 69464 70583 70628
  890: 69475 69869 69937
  891: 69598 70704 70737
  892: 69621 70360 70463
  893: 69809 70470 70582
  894: 69834 70628 70631
  895: 69955 70653 70704
  896: 69977 70641 70653
  897: 69989 70771 71653
  898: 70066 70582 70582
  899: 70092 70279 70315
  900: 70116 71653 71729
  901: 70137 70315 70330
  902: 70221 71918 72010
  903: 70327 71785 71918
  904: 70444 72096 72158
  905: 70454 70737 70754
  906: 70539 70754 70765
  907: 70677 70765 70771
  908: 70741 72341 72350
  909: 70832 72416 72450
  910: 70894 72057 72096
  911: 70995 72350 72416
  912: 71025 72450 72480
  913: 71191 72532 72570
  914: 71269 71729 71779
  915: 71316 72480 72522
  916: 71346 72293 72310
  917: 71389 72576 73557
  918: 71400 71779 71785
  919: 71430 72522 72522
  920: 71538 72037 72057
  921: 71686 72010 72037
  922: 71725 72179 72293
  923: 71762 72570 72576
  924: 71809 73607 73650
  925: 71950 73568 73583
  926: 72020 72158 72179
  927: 72167 72522 72532
  928: 72216 72310 72341
  929: 72409 73671 73683
  930: 72623 73920 73947
  931: 72628 73811 73824
  932: 72637 74044 74055
  933: 72661 73777 73811
  934: 72751 74150 74167
  935: 72767 73953 74018
  936: 72773 73583 73607
  937: 72958 74018 74044
  938: 73065 73824 73861
  939: 73114 73683 73777
  940: 73153 73861 73880
  941: 73175 73557 73568
  942: 73364 73650 73671
  943: 73606 73950 73953
  944: 73760 74404 74436
  945: 73817 74356 74367
  946: 73841 74055 74150
  947: 73848 73947 73950
  948: 73856 73880 73920
  949: 73936 74167 74356
  950: 74258 74367 74404
  951: 74281 74436 75250
  952: 74461 75336 75367
  953: 74523 75474 75850
  954: 74574 77035 77066
  955: 74745 76066 76088
  956: 74780 75330 75336
  957: 74975 75410 75474
  958: 74999 75850 76066
  959: 75088 75250 75330
  960: 75199 75367 75410
  961: 75455 77071 77075
  962: 75588 77075 77078
  963: 75633 76088 76114
  964: 75674 77078 77135
  965: 75775 77407 77434
  966: 76033 76114 77035
  967: 76082 77871 77899
  968: 76098 77066 77071
  969: 76157 77558 77722
  970: 76164 77442 77469
  971: 76234 77485 77492
  972: 76303 77553 77558
  973: 76412 77899 77905
  974: 76453 77469 77485
  975: 76455 77135 77218
  976: 76544 77913 78802
  977: 76565 77508 77549
  978: 76569 77722 77727
  979: 76615 77492 77508
  980: 76743 77218 77225
  981: 76916 77755 77809
  982: 76934 77292 77407
  983: 77016 77434 77442
  984: 77059 77225 77238
  985: 77068 77549 77553
  986: 77150 77727 77755
  987: 77173 77238 77292
  988: 77283 78928 78956
  989: 77372 78996 79035
  990: 77388 77905 77913
  991: 77590 78956 78996
  992: 77601 79240 79259
  993: 77623 77809 77871
  994: 77816 79412 79545
  995: 77899 78833 78928
  996: 77977 79259 79259
  997: 78009 78814 78833
  998: 78019 79545 79568
  999: 78066 79035 79144
 1000: 78233 78802 78802
 1001: 78307 78802 78806
 1002: 78332 79635 79697
 1003: 78445 79207 79240
 1004: 78512 78806 78814
 1005: 78587 79280 79285
 1006: 78808 79568 79631
 1007: 78882 79144 79207
 1008: 78889 79260 79280
 1009: 78919 79631 79635
 1010: 78931 79259 79260
 1011: 78980 79378 79412
 1012: 79104 79285 79317
 1013: 79205 79317 79378
 1014: 79542 79791 80696
 1015: 79590 79697 79791
 1016: 79597 80696 80709
 1017: 80291 80709 80992
 1018: 80796 81350 81388
 1019: 80927 80992 81201
 1020: 81045 81861 81938
 1021: 81051 81319 81350
 1022: 81077 81201 81319
 1023: 81089 81822 81861
 1024: 81105 81938 81959
 1025: 81123 81388 81822
 1026: 81339 82177 82182
 1027: 81578 82182 82231
 1028: 81596 81959 82177
 1029: 81626 83303 83311
 1030: 81742 82231 82284
 1031: 81759 82284 82363
 1032: 81938 83285 83303
 1033: 81961 82363 82384
 1034: 82269 82384 83195
 1035: 82320 83867 83876
 1036: 82381 83581 83678
 1037: 82435 83908 83950
 1038: 82460 83678 83768
 1039: 82480 83555 83581
 1040: 82492 83484 83555
 1041: 82623 83195 83196
 1042: 82636 83876 83885
 1043: 82779 83373 83484
 1044: 82829 83196 83285
 1045: 82897 83311 83373
 1046: 83281 83885 83901
 1047: 83294 83987 84001
 1048: 83336 83901 83908
 1049: 83688 85013 85192
 1050: 83715 83768 83867
 1051: 83721 83950 83987
 1052: 83746 84001 84034
 1053: 83760 84034 84057
 1054: 83774 85297 85326
 1055: 83782 85241 85293
 1056: 83832 84840 84872
 1057: 83949 84926 84941
 1058: 83953 84057 84840
 1059: 84061 84906 84910
 1060: 84172 85366 86030
 1061: 84192 85239 85241
 1062: 84208 86030 86135
 1063: 84273 85293 85294
 1064: 84500 85192 85239
 1065: 84512 84910 84926
 1066: 84543 84872 84906
 1067: 84555 85294 85297
 1068: 84569 84941 84994
 1069: 84635 84994 85013
 1070: 84985 85326 85366
 1071: 85268 86447 86473
 1072: 85447 86748 86760
 1073: 85552 86954 86961
 1074: 85767 86473 86512
 1075: 85785 86542 86710
 1076: 85846 86135 86447
 1077: 85872 86710 86748
 1078: 85940 86858 86870
 1079: 85976 86535 86542
 1080: 86021 86512 86535
 1081: 86145 86760 86789
 1082: 86259 86870 86953
 1083: 86300 86953 86954
 1084: 86325 87990 87991
 1085: 86352 88198 88253
 1086: 86447 88258 88260
 1087: 86554 88584 88602
 1088: 86558 88448 88490
 1089: 86626 86961 86991
 1090: 86628 86789 86806
 1091: 86722 88536 88567
 1092: 86745 86991 87981
 1093: 86777 86806 86858
 1094: 86940 88649 88709
 1095: 86980 88307 88311
 1096: 87004 88091 88198
 1097: 87014 88005 88035
 1098: 87029 88509 88536
 1099: 87030 88400 88448
 1100: 87095 88276 88307
 1101: 87200 88260 88275
 1102: 87272 88490 88490
 1103: 87473 88602 88649
 1104: 87475 88490 88503
 1105: 87559 88035 88045
 1106: 87590 88311 88363
 1107: 87672 88567 88584
 1108: 87710 87981 87990
 1109: 87758 88253 88258
 1110: 87863 88800 88865
 1111: 87936 87991 88005
 1112: 87945 88709 88732
 1113: 87952 88275 88276
 1114: 87981 88045 88091
 1115: 88094 88865 88878
 1116: 88139 88503 88509
 1117: 88156 89770 89832
 1118: 88160 89882 89896
 1119: 88264 89832 89845
 1120: 88347 88363 88400
 1121: 88360 88878 89770
 1122: 88487 88732 88800
 1123: 88560 89964 89973
 1124: 88699 89845 89859
 1125: 88751 90127 90355
 1126: 89145 89869 89882
 1127: 89219 89859 89869
 1128: 89380 90464 90482
 1129: 89420 89952 89964
 1130: 89559 89896 89952
 1131: 89567 89973 90055
 1132: 89665 90055 90077
 1133: 89700 90525 90542
 1134: 89746 89882 89882
 1135: 89901 91674 91692
 1136: 89961 90694 91597
 1137: 89972 90077 90127
 1138: 90120 90482 90525
 1139: 90186 90355 90464
 1140: 90339 91597 91651
 1141: 90366 90542 90623
 1142: 90384 90623 90694
 1143: 90673 91651 91661
 1144: 90754 91885 91958
 1145: 90781 92055 92070
 1146: 90848 91958 91980
 1147: 90970 91760 91885
 1148: 91070 91692 91742
 1149: 91078 91742 91760
 1150: 91105 92520 92545
 1151: 91134 92378 92421
 1152: 91135 91980 92034
 1153: 91154 92437 92442
 1154: 91174 92083 92378
 1155: 91240 91661 91674
 1156: 91415 92442 92455
 1157: 91702 92548 93416
 1158: 91834 92501 92520
 1159: 91852 92034 92055
 1160: 91884 92070 92083
 1161: 92099 92455 92501
 1162: 92222 93552 93565
 1163: 92306 92545 92548
 1164: 92341 92421 92437
 1165: 92366 93612 93656
 1166: 92382 93416 93449
 1167: 92417 93860 93971
 1168: 92452 93494 93552
 1169: 92635 93449 93494
 1170: 92772 94190 95056
 1171: 92779 93971 94031
 1172: 92797 93822 93860
 1173: 93040 93656 93731
 1174: 93044 93565 93612
 1175: 93273 95056 95085
 1176: 93295 94181 94190
 1177: 93442 93740 93822
 1178: 93504 94031 94145
 1179: 93675 93731 93740
 1180: 93686 95285 95286
 1181: 93763 95286 95319
 1182: 93837 95319 95347
 1183: 93919 94162 94181
 1184: 93938 94145 94162
 1185: 94034 95250 95285
 1186: 94280 95347 95485
 1187: 94302 95141 95210
 1188: 94303 95243 95250
 1189: 94373 95085 95102
 1190: 94430 95485 95595
 1191: 94440 95785 95821
 1192: 94485 96002 96017
 1193: 94513 96017 96979
 1194: 94647 95210 95243
 1195: 94694 95959 96002
 1196: 94741 95127 95141
 1197: 94763 95102 95127
 1198: 94804 95954 95959
 1199: 95093 95595 95687
 1200: 95210 95687 95732
 1201: 95391 95732 95785
 1202: 95403 97118 97125
 1203: 95606 97125 97128
 1204: 95643 97442 97500
 1205: 95664 95821 95954
 1206: 95672 97315 97325
 1207: 95765 97500 97522
 1208: 95798 96979 96983
 1209: 95865 97128 97145
 1210: 95885 97012 97013
 1211: 95898 97601 97662
 1212: 95911 97325 97377
 1213: 96032 97522 97549
 1214: 96064 97677 97737
 1215: 96085 97013 97097
 1216: 96134 97097 97118
 1217: 96304 97583 97595
 1218: 96334 97740 97786
 1219: 96459 97674 97677
 1220: 96494 96983 97012
 1221: 96571 97377 97442
 1222: 96612 97145 97315
 1223: 96616 97737 97740
 1224: 96652 97595 97601
 1225: 96930 97549 97583
 1226: 97021 97907 98721
 1227: 97051 97813 97828
 1228: 97112 98721 98721
 1229: 97159 97828 97866
 1230: 97349 97662 97674
 1231: 97353 98980 98987
 1232: 97513 97866 97907
 1233: 97516 98743 98798
 1234: 97630 97786 97813
 1235: 97839 98721 98743
 1236: 98025 98987 99167
 1237: 98103 98916 98927
 1238: 98320 99167 99286
 1239: 98330 98879 98916
 1240: 98362 100557 100576
 1241: 98605 99582 100526
 1242: 98625 98798 98879
 1243: 98823 99354 99387
 1244: 98865 98927 98980
 1245: 98959 100787 100827
 1246: 98968 99286 99354
 1247: 99075 99388 99582
 1248: 99171 99387 99388
 1249: 99189 100890 100977
 1250: 99270 100576 100625
 1251: 99352 100977 101051
 1252: 99452 100768 100787
 1253: 99646 101153 101155
 1254: 99647 102414 102451
 1255: 99648 100827 100841
 1256: 99661 101408 101449
 1257: 99702 100841 100874
 1258: 99726 100827 100827
 1259: 99743 101155 101181
 1260: 99848 101341 101395
 1261: 99853 101307 101341
 1262: 99942 101273 101298
 1263: 100095 100874 100890
 1264: 100170 100526 100557
 1265: 100365 100625 100768
 1266: 100385 101051 101064
 1267: 100542 101449 101451
 1268: 100721 101198 101273
 1269: 100803 101395 101400
 1270: 100948 101064 101153
 1271: 100974 101451 102414
 1272: 101055 101181 101198
 1273: 101096 101400 101408
 1274: 101102 102991 103026
 1275: 101180 101298 101307
 1276: 101240 103078 103111
 1277: 101332 102572 102647
 1278: 101390 102949 102975
 1279: 101472 102533 102572
 1280: 101554 102975 102991
 1281: 101601 103293 103303
 1282: 101616 102723 102747
 1283: 101779 102451 102494
 1284: 101791 102877 102948
 1285: 101793 103323 104240
 1286: 101813 102647 102723
 1287: 101815 103286 103293
 1288: 101819 102783 102845
 1289: 101953 102494 102533
 1290: 101959 102845 102877
 1291: 102232 103026 103029
 1292: 102248 103029 103078
 1293: 102408 103115 103135
 1294: 102430 102948 102949
 1295: 102613 103303 103322
 1296: 102624 102747 102783
 1297: 102757 104465 104566
 1298: 102856 103111 103115
 1299: 102898 103135 103286
 1300: 102921 104684 104690
 1301: 103092 104690 104736
 1302: 103207 103322 103323
 1303: 103245 105012 105070
 1304: 103280 104240 104465
 1305: 103562 104631 104684
 1306: 103656 105142 105181
 1307: 103662 105127 105142
 1308: 103737 105181 105200
 1309: 103815 105070 105123
 1310: 103870 104753 104793
 1311: 103997 104880 104899
 1312: 104220 104805 104880
 1313: 104306 104566 104599
 1314: 104349 104793 104805
 1315: 104425 105123 105127
 1316: 104473 105205 106034
 1317: 104558 104599 104631
 1318: 104617 104736 104753
 1319: 104728 104899 105012
 1320: 104779 106034 106118
 1321: 104830 106331 106338
 1322: 104858 106192 106297
 1323: 104864 106144 106174
 1324: 104868 105200 105205
 1325: 104991 106405 106509
 1326: 105108 106340 106364
 1327: 105171 106309 106331
 1328: 105220 106118 106144
 1329: 105345 106775 106806
 1330: 105477 106338 106340
 1331: 105602 106174 106192
 1332: 105670 106367 106384
 1333: 105761 107794 107819
 1334: 105762 106364 106367
 1335: 105955 106384 106405
 1336: 106047 106297 106309
 1337: 106301 106806 107700
 1338: 106433 107700 107725
 1339: 106460 106509 106775
 1340: 106461 107753 107792
 1341: 106513 108479 108492
 1342: 106580 107749 107753
 1343: 106602 107746 107749
 1344: 106632 107725 107746
 1345: 106970 107819 107838
 1346: 107025 108475 108479
 1347: 107071 107792 107794
 1348: 107097 107838 107844
 1349: 107119 107861 107992
 1350: 107197 107844 107861
 1351: 107330 107992 108031
 1352: 107399 108380 108475
 1353: 107434 108071 108111
 1354: 107574 108232 108363
 1355: 107603 108537 108547
 1356: 107724 108492 108504
 1357: 107810 108031 108071
 1358: 107985 108589 108621
 1359: 108032 109597 109612
 1360: 108033 108111 108132
 1361: 108070 108132 108212
 1362: 108092 108504 108537
 1363: 108171 108212 108232
 1364: 108173 108547 108589
 1365: 108326 109980 110052
 1366: 108333 108363 108380
 1367: 108335 109832 109879
 1368: 108374 109471 109514
 1369: 108406 108621 109471
 1370: 108452 109591 109597
 1371: 108622 109612 109663
 1372: 108799 109663 109668
 1373: 108814 110214 110227
 1374: 108920 109776 109801
 1375: 109069 109514 109591
 1376: 109198 109762 109776
 1377: 109245 110052 110058
 1378: 109249 110342 111279
 1379: 109341 110240 110342
 1380: 109513 109668 109762
 1381: 109517 109879 109980
 1382: 109557 110058 110142
 1383: 109565 110190 110199
 1384: 109740 109801 109832
 1385: 109926 111585 111612
 1386: 110010 110142 110190
 1387: 110088 111807 111833
 1388: 110096 110199 110214
 1389: 110138 110227 110240
 1390: 110160 111525 111548
 1391: 110166 111279 111334
 1392: 110255 111728 111801
 1393: 110363 111992 112000
 1394: 110427 111706 111726
 1395: 110521 111726 111728
 1396: 110668 112000 112028
 1397: 110674 111438 111525
 1398: 110732 111334 111438
 1399: 110739 111656 111697
 1400: 110816 113157 113168
 1401: 110939 111548 111570
 1402: 111070 111697 111706
 1403: 111243 112124 112183
 1404: 111269 111579 111585
 1405: 111388 111801 111807
 1406: 111462 112043 112124
 1407: 111538 111570 111579
 1408: 111579 111612 111656
 1409: 111585 112205 113157
 1410: 111744 112028 112043
 1411: 111793 111833 111992
 1412: 111856 113618 113716
 1413: 111857 113168 113267
 1414: 111960 113267 113268
 1415: 112021 113521 113547
 1416: 112031 113468 113521
 1417: 112124 112183 112205
 1418: 112253 113755 113768
 1419: 112416 113268 113271
 1420: 112637 113768 113837
 1421: 112720 113716 113734
 1422: 112781 113271 113468
 1423: 112959 114082 114135
 1424: 113054 114135 114140
 1425: 113359 113753 113755
 1426: 113471 113547 113618
 1427: 113502 115323 115462
 1428: 113503 115462 115472
 1429: 113549 113837 113928
 1430: 113596 114153 115133
 1431: 113609 113734 113753
 1432: 113645 113928 114033
 1433: 113705 115245 115323
 1434: 113755 115550 115554
 1435: 113784 115554 115555
 1436: 113793 114140 114153
 1437: 113794 115757 115793
 1438: 113822 114033 114082
 1439: 113902 115133 115146
 1440: 114085 115750 115757
 1441: 114159 115793 115805
 1442: 114167 116067 116087
 1443: 114169 115185 115245
 1444: 114199 115587 115613
 1445: 114374 115860 115917
 1446: 114428 115146 115185
 1447: 114466 115967 116017
 1448: 114689 116029 116067
 1449: 114697 115555 115556
 1450: 114734 115523 115550
 1451: 114894 115613 115629
 1452: 114936 116017 116017
 1453: 114952 115857 115860
 1454: 115084 115917 115967
 1455: 115196 115826 115857
 1456: 115247 115472 115523
 1457: 115289 115629 115715
 1458: 115324 115556 115587
 1459: 115422 115805 115826
 1460: 115685 115715 115750
 1461: 115739 116913 117030
 1462: 115830 116017 116029
 1463: 115867 117188 117198
 1464: 116018 117030 117044
 1465: 116025 116087 116801
 1466: 116232 117508 117522
 1467: 116343 116856 116913
 1468: 116503 117450 117508
 1469: 116512 117225 117254
 1470: 116639 117430 117436
 1471: 116684 116801 116856
 1472: 116710 117254 117430
 1473: 116894 117198 117225
 1474: 116927 117044 117188
 1475: 116964 118426 118429
 1476: 116988 117436 117450
 1477: 117115 117522 117529
 1478: 117244 117529 118307
 1479: 117321 118778 118787
 1480: 117413 118831 118838
 1481: 117633 118699 118744
 1482: 117728 118787 118819
 1483: 117729 118603 118699
 1484: 117815 119887 119928
 1485: 117843 118588 118603
 1486: 117844 118838 118865
 1487: 117971 118410 118426
 1488: 118050 118824 118831
 1489: 118051 118469 118476
 1490: 118089 118429 118443
 1491: 118169 118307 118410
 1492: 118182 118744 118744
 1493: 118192 118443 118469
 1494: 118217 118865 118921
 1495: 118223 118974 119822
 1496: 118333 118819 118824
 1497: 118435 118476 118588
 1498: 118536 120137 120141
 1499: 118550 118921 118974
 1500: 118630 118744 118778
 1501: 118803 120141 120219
 1502: 118854 119995 120023
 1503: 118860 120023 120024
 1504: 118880 119881 119887
 1505: 118950 120394 120436
 1506: 118993 120024 120061
 1507: 119222 120314 120394
 1508: 119404 119822 119881
 1509: 119666 119928 119995
 1510: 119845 121741 121778
 1511: 119864 120436 120472
 1512: 119975 120556 120769
 1513: 119988 120277 120312
 1514: 120017 120089 120137
 1515: 120054 120769 120774
 1516: 120055 120061 120089
 1517: 120093 120312 120314
 1518: 120148 120219 120277
 1519: 120251 120472 120556
 1520: 120315 122080 122084
 1521: 120353 120774 121741
 1522: 120425 122084 122085
 1523: 120495 122207 122262
 1524: 120538 122290 122310
 1525: 120637 122049 122080
 1526: 120711 122593 122690
 1527: 120713 122085 122135
 1528: 120919 121863 121925
 1529: 121112 121925 121985
 1530: 121170 122028 122045
 1531: 121190 122262 122290
 1532: 121260 122310 122368
 1533: 121266 121827 121863
 1534: 121275 122533 122557
 1535: 121444 122368 122426
 1536: 121459 121985 122028
 1537: 121551 122521 122533
 1538: 121631 122045 122049
 1539: 121662 121778 121827
 1540: 121836 122699 123597
 1541: 121880 122262 122262
 1542: 121882 122135 122207
 1543: 122093 122690 122699
 1544: 122177 122583 122593
 1545: 122196 123642 123738
 1546: 122210 123898 123987
 1547: 122321 122426 122521
 1548: 122329 122557 122583
 1549: 122525 123738 123749
 1550: 122611 124303 124348
 1551: 122802 124379 124391
 1552: 122811 124005 124156
 1553: 122894 124156 124303
 1554: 123121 125278 125281
 1555: 123278 124348 124379
 1556: 123284 123839 123851
 1557: 123320 123597 123642
 1558: 123442 123851 123853
 1559: 123448 123994 124005
 1560: 123464 123749 123839
 1561: 123552 123853 123898
 1562: 123664 123987 123994
 1563: 123677 124391 124405
 1564: 123706 125309 125363
 1565: 123714 124405 125278
 1566: 123899 125281 125298
 1567: 124054 125298 125309
 1568: 124134 125806 125816
 1569: 124261 125816 125881
 1570: 124321 125910 125965
 1571: 124367 125881 125910
 1572: 124368 126115 126123
 1573: 124474 126074 126098
 1574: 124488 126098 126115
 1575: 124515 125494 125644
 1576: 124528 126231 127189
 1577: 124631 126183 126208
 1578: 124678 126123 126183
 1579: 124805 125965 126066
 1580: 124997 126066 126074
 1581: 125188 126208 126221
 1582: 125272 126221 126231
 1583: 125342 125363 125494
 1584: 125454 127304 127405
 1585: 125567 125644 125743
 1586: 125653 127604 127606
 1587: 125704 125743 125806
 1588: 125718 127507 127508
 1589: 125812 127189 127207
 1590: 125886 127207 127276
 1591: 125900 127759 127817
 1592: 126035 127276 127304
 1593: 126043 127864 127936
 1594: 126248 128045 128085
 1595: 126353 127936 128045
 1596: 126443 127817 127864
 1597: 126567 127508 127566
 1598: 126643 127603 127604
 1599: 126712 127569 127603
 1600: 126787 127566 127569
 1601: 126951 127405 127507
 1602: 127072 127569 127569
 1603: 127217 128085 128164
 1604: 127308 127606 127759
 1605: 127785 129330 129343
 1606: 127866 129122 129189
 1607: 128113 129343 129509
 1608: 128139 128164 129076
 1609: 128160 129189 129242
 1610: 128408 129996 130978
 1611: 128415 129657 129675
 1612: 128500 129890 129910
 1613: 128503 129292 129330
 1614: 128531 129634 129657
 1615: 128630 129910 129965
 1616: 128632 129614 129634
 1617: 128656 129830 129842
 1618: 128666 129806 129820
 1619: 128758 129675 129713
 1620: 128881 131010 131017
 1621: 128914 129965 129996
 1622: 129062 129242 129292
 1623: 129067 129076 129122
 1624: 129120 130994 131010
 1625: 129129 129509 129614
 1626: 129219 129755 129806
 1627: 129271 129713 129755
 1628: 129280 129820 129830
 1629: 129317 129842 129861
 1630: 129428 131344 131395
 1631: 129476 131021 131022
 1632: 129497 131405 131455
 1633: 129511 131022 131035
 1634: 129526 129865 129890
 1635: 129678 131181 131208
 1636: 129698 129861 129865
 1637: 129718 131035 131081
 1638: 129728 131218 131286
 1639: 129746 131547 131624
 1640: 129777 131286 131307
 1641: 129798 131017 131021
 1642: 129808 131720 131729
 1643: 129925 131213 131218
 1644: 129988 131081 131156
 1645: 129995 131307 131322
 1646: 130064 131455 131542
 1647: 130101 131791 131828
 1648: 130104 131542 131547
 1649: 130288 131208 131213
 1650: 130333 131748 131757
 1651: 130380 131649 131670
 1652: 130456 131670 131686
 1653: 130577 131745 131748
 1654: 130578 130978 130994
 1655: 130619 131322 131344
 1656: 130651 131624 131649
 1657: 130691 131455 131455
 1658: 130733 131156 131181
 1659: 130829 130978 130978
 1660: 130865 131757 131791
 1661: 130897 131850 131965
 1662: 130933 131686 131720
 1663: 131072 131395 131405
 1664: 131100 131729 131733
 1665: 131182 131733 131745
 1666: 131240 131965 132815
 1667: 131287 132816 132853
 1668: 131430 132932 132942
 1669: 131657 131828 131850
 1670: 131682 133000 133049
 1671: 131703 133196 133313
 1672: 131706 133313 133336
 1673: 131715 133098 133153
 1674: 131867 133507 133517
 1675: 131916 132853 132932
 1676: 131996 133336 133507
 1677: 132017 133661 134606
 1678: 132081 134641 134656
 1679: 132128 133570 133571
 1680: 132269 132815 132816
 1681: 132351 133049 133065
 1682: 132375 134662 134697
 1683: 132438 134697 134700
 1684: 132476 133153 133196
 1685: 132563 133517 133570
 1686: 132585 132942 133000
 1687: 132802 133571 133593
 1688: 132846 133065 133098
 1689: 132961 134776 134851
 1690: 133137 134606 134609
 1691: 133353 135278 135302
 1692: 133378 133593 133661
 1693: 133406 134891 134947
 1694: 133452 134700 134776
 1695: 133471 135157 135165
 1696: 133628 135173 135187
 1697: 133789 135556 136537
 1698: 133804 136537 136545
 1699: 133843 135193 135278
 1700: 133845 134656 134661
 1701: 133915 134851 134851
 1702: 133956 135107 135119
 1703: 133973 135319 135431
 1704: 134258 135547 135556
 1705: 134270 135431 135447
 1706: 134272 134661 134662
 1707: 134344 134851 134891
 1708: 134350 135447 135500
 1709: 134442 135009 135107
 1710: 134453 135500 135505
 1711: 134464 136545 136551
 1712: 134526 136551 136554
 1713: 134528 135302 135319
 1714: 134531 134947 135009
 1715: 134578 134609 134640
 1716: 134636 134640 134641
 1717: 134669 135505 135528
 1718: 134743 135119 135131
 1719: 134875 135165 135173
 1720: 134936 135528 135547
 1721: 134986 135131 135157
 1722: 134992 136588 136638
 1723: 135180 136688 136689
 1724: 135183 135187 135193
 1725: 135274 136689 136720
 1726: 135337 137259 137376
 1727: 135355 136638 136658
 1728: 135511 136766 136780
 1729: 135674 137376 137449
 1730: 135763 136847 136881
 1731: 136248 136720 136766
 1732: 136290 136881 136887
 1733: 136307 136559 136588
 1734: 136502 136554 136559
 1735: 136585 136887 137011
 1736: 136586 136658 136688
 1737: 136592 137523 138425
 1738: 136615 137489 137523
 1739: 136637 136780 136847
 1740: 136710 137449 137489
 1741: 136764 138505 138524
 1742: 136889 137215 137259
 1743: 136918 137011 137215
 1744: 137237 138524 138543
 1745: 137307 138943 139015
 1746: 137369 138930 138940
 1747: 137561 139227 139328
 1748: 137824 138425 138457
 1749: 137828 139060 139227
 1750: 137841 139049 139060
 1751: 137876 138496 138505
 1752: 138042 138630 138788
 1753: 138065 138457 138496
 1754: 138110 138788 138856
 1755: 138159 140288 140298
 1756: 138209 139328 139330
 1757: 138232 138543 138630
 1758: 138330 138856 138930
 1759: 138665 139015 139049
 1760: 138790 138930 138930
 1761: 138828 140589 140597
 1762: 138845 140398 140545
 1763: 138880 140386 140398
 1764: 138925 140643 140654
 1765: 138930 138940 138943
 1766: 138943 140658 140676
 1767: 139058 140274 140276
 1768: 139243 139330 140274
 1769: 139261 140576 140589
 1770: 139326 140882 140926
 1771: 139370 140276 140288
 1772: 139462 140926 140942
 1773: 139496 140654 140658
 1774: 139525 140558 140576
 1775: 139537 140298 140353
 1776: 139774 140709 140779
 1777: 139827 140353 140386
 1778: 139990 141033 141108
 1779: 140022 140545 140558
 1780: 140051 140597 140643
 1781: 140277 140676 140709
 1782: 140437 140942 140957
 1783: 140496 141002 141016
 1784: 140614 140957 140989
 1785: 140627 142198 142238
 1786: 140675 140779 140836
 1787: 140719 141992 142048
 1788: 140750 141016 141033
 1789: 140823 140836 140882
 1790: 140837 140989 141002
 1791: 140956 141170 141992
 1792: 140987 142092 142174
 1793: 141013 142048 142092
 1794: 141029 142487 142508
 1795: 141092 142383 142389
 1796: 141097 142238 142383
 1797: 141098 141108 141170
 1798: 141120 142389 142428
 1799: 141223 142779 143642
 1800: 141253 142737 142779
 1801: 141294 142613 142676
 1802: 141351 142722 142736
 1803: 141885 142736 142737
 1804: 141972 142428 142487
 1805: 142029 142676 142722
 1806: 142068 142174 142198
 1807: 142408 142508 142613
 1808: 142486 143740 143875
 1809: 142781 144399 144436
 1810: 142982 143979 144138
 1811: 143017 144456 145322
 1812: 143022 143959 143979
 1813: 143250 143880 143917
 1814: 143484 144153 144289
 1815: 143520 143875 143880
 1816: 143592 144357 144399
 1817: 143600 143642 143740
 1818: 143686 145385 145425
 1819: 143688 143917 143959
 1820: 143785 144138 144153
 1821: 143804 145436 145457
 1822: 143977 145518 145540
 1823: 144140 145831 145868
 1824: 144192 144436 144456
 1825: 144229 145712 145758
 1826: 144269 144289 144357
 1827: 144312 145803 145808
 1828: 144325 145660 145712
 1829: 144451 145425 145436
 1830: 144458 145463 145518
 1831: 144497 145938 146030
 1832: 144550 146175 146182
 1833: 144637 145868 145938
 1834: 144800 145322 145382
 1835: 144831 145758 145773
 1836: 144856 145774 145803
 1837: 144888 145808 145831
 1838: 144922 146182 146221
 1839: 144923 145540 145559
 1840: 144949 145773 145774
 1841: 145028 145382 145385
 1842: 145195 145457 145463
 1843: 145213 145559 145604
 1844: 145451 145604 145660
 1845: 145486 147073 147107
 1846: 145588 146221 147036
 1847: 145601 147174 147210
 1848: 145821 146155 146175
 1849: 145977 146030 146155
 1850: 146161 147159 147174
 1851: 146186 147111 147157
 1852: 146277 147342 147590
 1853: 146371 148960 148963
 1854: 146429 147616 147683
 1855: 146457 147758 147785
 1856: 146472 147845 147921
 1857: 146643 148963 148966
 1858: 146652 147036 147073
 1859: 146685 148955 148959
 1860: 146731 147683 147690
 1861: 146750 147157 147159
 1862: 146880 147295 147342
 1863: 146927 147700 147723
 1864: 146948 147224 147295
 1865: 147018 147107 147111
 1866: 147080 147785 147845
 1867: 147114 147210 147224
 1868: 147171 148966 148970
 1869: 147203 148959 148960
 1870: 147329 147590 147616
 1871: 147508 147921 148889
 1872: 147583 147723 147758
 1873: 147589 147690 147700
 1874: 147788 149279 149332
 1875: 147917 149276 149279
 1876: 147932 148896 148936
 1877: 148000 148889 148896
 1878: 148043 148936 148955
 1879: 148157 149506 149574
 1880: 148196 149102 149276
 1881: 148337 149855 149867
 1882: 148361 149085 149102
 1883: 148382 149686 149704
 1884: 148408 149424 149491
 1885: 148574 148970 149001
 1886: 148597 149605 149686
 1887: 148606 149737 149792
 1888: 148676 149001 149085
 1889: 148755 149416 149424
 1890: 148832 149332 149363
 1891: 149030 149704 149714
 1892: 149086 149363 149416
 1893: 149222 149792 149855
 1894: 149290 149491 149506
 1895: 149369 149878 150858
 1896: 149421 149867 149878
 1897: 149446 149574 149605
 1898: 149467 150946 150956
 1899: 149468 149714 149737
 1900: 149478 150956 150966
 1901: 149598 151091 151094
 1902: 149599 151215 151253
 1903: 149643 151522 151527
 1904: 149858 150858 150936
 1905: 149870 151656 151720
 1906: 150056 151527 151530
 1907: 150094 151530 151601
 1908: 150172 151784 152720
 1909: 150207 151094 151153
 1910: 150243 151633 151656
 1911: 150327 151253 151374
 1912: 150348 151601 151633
 1913: 150406 150936 150946
 1914: 150521 151433 151522
 1915: 150539 151374 151433
 1916: 150730 150966 151091
 1917: 151105 151153 151215
 1918: 151299 151720 151784
 1919: 151344 152746 152800
 1920: 151468 153069 153093
 1921: 151576 152920 152932
 1922: 151586 153130 153134
 1923: 151604 153199 153222
 1924: 151699 152932 152945
 1925: 151863 153222 153250
 1926: 151882 153261 153283
 1927: 151886 153183 153199
 1928: 151918 153320 153322
 1929: 151983 152800 152856
 1930: 152007 153479 153519
 1931: 152103 152856 152920
 1932: 152106 153417 153436
 1933: 152169 153671 153688
 1934: 152248 152720 152746
 1935: 152251 153144 153183
 1936: 152289 153519 153534
 1937: 152374 153250 153250
 1938: 152393 153556 153611
 1939: 152395 153641 153671
 1940: 152404 153611 153641
 1941: 152453 152945 153069
 1942: 152503 153250 153261
 1943: 152636 153534 153556
 1944: 152647 153093 153130
 1945: 152923 153134 153144
 1946: 152940 153344 153417
 1947: 153013 154823 154853
 1948: 153053 154788 154793
 1949: 153072 154649 154667
 1950: 153091 154856 154874
 1951: 153148 153322 153344
 1952: 153155 154793 154810
 1953: 153167 154874 154920
 1954: 153175 154733 154788
 1955: 153199 154810 154823
 1956: 153208 153436 153479
 1957: 153272 153283 153320
 1958: 153299 154920 155004
 1959: 153342 155011 155046
 1960: 153470 155004 155011
 1961: 153625 153688 154627
 1962: 153634 155083 155098
 1963: 153659 155110 155126
 1964: 153748 155098 155110
 1965: 153816 155480 155519
 1966: 153933 154667 154733
 1967: 153992 155469 155480
 1968: 154024 155177 155302
 1969: 154041 155046 155053
 1970: 154211 155053 155081
 1971: 154297 155519 156430
 1972: 154318 154853 154856
 1973: 154389 155126 155144
 1974: 154471 154627 154649
 1975: 154910 155081 155083
 1976: 154957 155401 155469
 1977: 155011 155144 155177
 1978: 155046 155307 155401
 1979: 155054 156430 156491
 1980: 155082 155302 155307
 1981: 155471 156491 156528
 1982: 155611 156893 156961
 1983: 155985 156563 156615
 1984: 156006 156615 156620
 1985: 156085 156528 156563
 1986: 156171 156708 156755
 1987: 156183 157205 157348
 1988: 156251 157139 157188
 1989: 156299 156620 156682
 1990: 156428 156755 156893
 1991: 156532 156686 156708
 1992: 156563 156682 156686
 1993: 156715 156961 157139
 1994: 156720 157348 157398
 1995: 156837 158006 158009
 1996: 156924 157188 157205
 1997: 156976 158112 158155
 1998: 157005 158088 158112
 1999: 157104 158188 158196
 2000: 157192 157998 158006
 2001: 157288 157398 157998
 2002: 157384 158405 158497
 2003: 157411 159436 159457
 2004: 157489 158294 158405
 2005: 157554 158009 158088
 2006: 157576 159457 159471
 2007: 157682 158196 158226
 2008: 157751 158226 158247
 2009: 157780 158247 158294
 2010: 157850 158497 159256
 2011: 157855 159372 159436
 2012: 158032 158155 158185
 2013: 158167 159370 159372
 2014: 158171 158185 158188
 2015: 158296 159824 159891
 2016: 158531 159668 159672
 2017: 158541 159781 159817
 2018: 158581 159471 159580
 2019: 158585 159335 159366
 2020: 158651 159647 159668
 2021: 158701 160056 160057
 2022: 158726 161002 161051
 2023: 158781 160037 160056
 2024: 158822 159256 159335
 2025: 158878 159672 159682
 2026: 158901 159916 159964
 2027: 158946 159964 159967
 2028: 159027 159817 159824
 2029: 159192 159366 159370
 2030: 159244 159682 159781
 2031: 159259 160080 160988
 2032: 159372 159967 160007
 2033: 159416 161146 161175
 2034: 159570 159580 159647
 2035: 159615 161304 161410
 2036: 159618 160057 160080
 2037: 159653 161244 161284
 2038: 159656 160007 160037
 2039: 159677 161410 161419
 2040: 159684 159891 159916
 2041: 159717 161517 161559
 2042: 159763 161125 161146
 2043: 159786 161100 161103
 2044: 159792 161419 161456
 2045: 159870 161680 161681
 2046: 159958 161597 161638
 2047: 160011 161456 161517
 2048: 160021 161681 161682
 2049: 160064 161587 161597
 2050: 160079 161688 161847
 2051: 160165 161077 161078
 2052: 160188 161947 162923
 2053: 160201 161103 161125
 2054: 160224 161582 161586
 2055: 160247 160988 161002
 2056: 160324 161586 161587
 2057: 160404 161051 161060
 2058: 160535 161864 161879
 2059: 160557 161860 161864
 2060: 160599 161847 161860
 2061: 160675 161060 161076
 2062: 160742 161078 161100
 2063: 160829 161638 161680
 2064: 160986 161076 161077
 2065: 161020 162963 162964
 2066: 161021 162956 162963
 2067: 161036 161175 161244
 2068: 161041 161299 161304
 2069: 161087 161284 161299
 2070: 161398 161682 161688
 2071: 161435 161559 161582
 2072: 161469 162924 162956
 2073: 161569 163021 163102
 2074: 161853 161879 161947
 2075: 161861 163267 163312
 2076: 162035 163636 163654
 2077: 162091 163377 163401
 2078: 162261 163102 163123
 2079: 162280 163654 163679
 2080: 162311 163434 163501
 2081: 162445 163259 163267
 2082: 162524 162923 162924
 2083: 162603 163625 163636
 2084: 162637 162964 163021
 2085: 162643 163127 163259
 2086: 162786 163312 163377
 2087: 163095 163123 163127
 2088: 163150 163522 163625
 2089: 163190 163401 163406
 2090: 163284 163406 163434
 2091: 163463 163501 163522
 2092: 163487 164501 164541
 2093: 163496 163679 164278
 2094: 163576 164278 164440
 2095: 163801 165087 166071
 2096: 164004 164782 164887
 2097: 164037 164615 164692
 2098: 164159 166071 166086
 2099: 164187 166218 166245
 2100: 164197 164497 164501
 2101: 164253 165054 165087
 2102: 164406 164541 164615
 2103: 164423 164440 164497
 2104: 164442 164692 164729
 2105: 164611 165003 165051
 2106: 164623 164887 164907
 2107: 164685 166496 166504
 2108: 164705 164729 164782
 2109: 164775 164907 165003
 2110: 164776 166537 166630
 2111: 164948 165051 165054
 2112: 164979 166245 166333
 2113: 165037 166200 166218
 2114: 165061 166922 166931
 2115: 165090 166453 166481
 2116: 165112 166880 166922
 2117: 165149 166183 166200
 2118: 165182 166668 166672
 2119: 165237 166630 166668
 2120: 165256 166481 166491
 2121: 165315 166400 166453
 2122: 165334 166086 166183
 2123: 165461 166513 166537
 2124: 165578 166491 166496
 2125: 165612 166879 166880
 2126: 165929 166333 166338
 2127: 166036 166371 166400
 2128: 166092 166338 166371
 2129: 166140 166870 166879
 2130: 166153 166789 166870
 2131: 166171 166491 166491
 2132: 166249 166672 166684
 2133: 166308 166931 167776
 2134: 166326 167826 167835
 2135: 166397 166504 166513
 2136: 166448 167855 167919
 2137: 166578 166712 166789
 2138: 166601 166684 166712
 2139: 166616 167814 167823
 2140: 166621 168300 168313
 2141: 166774 167776 167814
 2142: 166902 168378 168393
 2143: 166938 168072 168111
 2144: 167140 168395 168621
 2145: 167152 167835 167855
 2146: 167233 168129 168138
 2147: 167287 168063 168072
 2148: 167636 167823 167826
 2149: 167665 167942 167966
 2150: 167676 168673 168700
 2151: 167754 168393 168395
 2152: 167761 168138 168233
 2153: 167793 168111 168129
 2154: 167802 168233 168300
 2155: 167844 167919 167942
 2156: 167851 167966 168063
 2157: 167871 168628 168673
 2158: 168075 168313 168378
 2159: 168097 168621 168628
 2160: 168145 169663 169782
 2161: 168389 168700 169500
 2162: 168509 169782 169837
 2163: 168553 170139 170150
 2164: 168611 170101 170139
 2165: 168998 170031 170042
 2166: 169092 169976 170002
 2167: 169120 170150 170176
 2168: 169129 170005 170031
 2169: 169144 169500 169589
 2170: 169161 169839 169976
 2171: 169200 169589 169663
 2172: 169387 170002 170005
 2173: 169405 170187 170214
 2174: 169427 169837 169839
 2175: 169522 170062 170101
 2176: 169694 170042 170043
 2177: 169852 170043 170059
 2178: 169864 170905 170970
 2179: 169914 170060 170062
 2180: 169922 171115 171120
 2181: 169958 170176 170187
 2182: 169967 170059 170060
 2183: 170044 170237 170876
 2184: 170078 170187 170187
 2185: 170125 171120 171219
 2186: 170168 170214 170237
 2187: 170329 170970 170998
 2188: 170384 172511 172539
 2189: 170401 171414 171422
 2190: 170465 171568 171572
 2191: 170520 171043 171115
 2192: 170591 170998 171043
 2193: 170605 171301 171414
 2194: 170704 171219 171301
 2195: 170752 171422 171483
 2196: 170763 171483 171498
 2197: 170846 170876 170905
 2198: 170907 172746 172753
 2199: 170959 171498 171568
 2200: 170970 171572 171610
 2201: 171023 171219 171219
 2202: 171164 172813 172835
 2203: 171375 172773 172810
 2204: 171425 172559 172594
 2205: 171437 171610 172511
 2206: 171443 173081 173118
 2207: 171502 173141 173143
 2208: 171508 173143 173162
 2209: 171556 173254 173257
 2210: 171592 173358 173395
 2211: 171673 172935 172968
 2212: 171799 172758 172773
 2213: 171917 172810 172813
 2214: 171994 172594 172739
 2215: 172021 173184 173225
 2216: 172044 173225 173254
 2217: 172078 172539 172559
 2218: 172095 172739 172746
 2219: 172145 173118 173141
 2220: 172191 172986 173081
 2221: 172301 172968 172986
 2222: 172329 172753 172758
 2223: 172350 172835 172840
 2224: 172352 173162 173167
 2225: 172370 172840 172863
 2226: 172455 173295 173318
 2227: 172678 172863 172935
 2228: 172695 173167 173184
 2229: 172846 173257 173295
 2230: 172849 174414 174513
 2231: 172925 174554 174655
 2232: 173234 173395 174346
 2233: 173276 174518 174534
 2234: 173303 173318 173358
 2235: 173469 175089 175110
 2236: 173530 174923 175005
 2237: 173558 175199 175218
 2238: 173850 174887 174904
 2239: 173874 174346 174361
 2240: 173899 174829 174833
 2241: 173942 175261 175312
 2242: 173976 174726 174732
 2243: 174022 174912 174920
 2244: 174032 174656 174674
 2245: 174074 174513 174518
 2246: 174126 174361 174414
 2247: 174176 174807 174829
 2248: 174181 175218 175261
 2249: 174265 174674 174726
 2250: 174400 174904 174912
 2251: 174412 174732 174737
 2252: 174431 174745 174807
 2253: 174454 174534 174554
 2254: 174455 174833 174887
 2255: 174474 174655 174656
 2256: 174476 175005 175013
 2257: 174500 174737 174745
 2258: 174504 175087 175089
 2259: 174798 176228 176288
 2260: 174804 176377 176507
 2261: 174838 174920 174923
 2262: 174887 175110 175199
 2263: 174892 176625 176653
 2264: 175003 175013 175087
 2265: 175217 176653 176705
 2266: 175245 175312 176188
 2267: 175304 176653 176653
 2268: 175328 176805 176852
 2269: 175393 176852 176914
 2270: 175725 176914 176992
 2271: 175869 176747 176754
 2272: 175883 176288 176351
 2273: 175978 177009 177021
 2274: 175998 176992 177008
 2275: 176076 176351 176377
 2276: 176142 176188 176228
 2277: 176153 176729 176747
 2278: 176241 177008 177009
 2279: 176278 176705 176729
 2280: 176333 176754 176805
 2281: 176430 176507 176625
 2282: 176452 178190 178251
 2283: 176574 177043 177978
 2284: 176727 178542 178588
 2285: 176836 178346 178442
 2286: 176917 177021 177043
 2287: 177016 178292 178346
 2288: 177172 178883 178936
 2289: 177198 178800 178845
 2290: 177270 178522 178542
 2291: 177317 178699 178718
 2292: 177411 178080 178083
 2293: 177455 178588 178596
 2294: 177509 177978 178045
 2295: 177521 178083 178190
 2296: 177645 178596 178651
 2297: 177694 178045 178060
 2298: 177744 178442 178460
 2299: 177997 178060 178080
 2300: 178048 178651 178699
 2301: 178115 180023 180052
 2302: 178201 178251 178292
 2303: 178259 178460 178522
 2304: 178285 178718 178800
 2305: 178328 178869 178883
 2306: 178368 178845 178869
 2307: 178451 180011 180023
 2308: 178452 179989 180011
 2309: 178559 180412 180431
 2310: 178575 178883 178883
 2311: 178683 178936 179900
 2312: 178752 180133 180139
 2313: 178760 179975 179989
 2314: 178861 179914 179962
 2315: 178878 180082 180133
 2316: 179000 180609 180697
 2317: 179038 180375 180379
 2318: 179048 180701 180833
 2319: 179051 180303 180322
 2320: 179163 180322 180375
 2321: 179195 180052 180082
 2322: 179231 179900 179914
 2323: 179259 180239 180303
 2324: 179270 179962 179975
 2325: 179493 180139 180231
 2326: 179586 180231 180239
 2327: 179655 180835 180853
 2328: 179699 180431 180594
 2329: 179789 180379 180412
 2330: 179971 180833 180835
 2331: 180000 180594 180609
 2332: 180031 180697 180701
 2333: 180172 181839 181843
 2334: 180315 181816 181839
 2335: 180319 181843 181895
 2336: 180392 181693 181808
 2337: 180487 182043 182209
 2338: 180549 181687 181693
 2339: 180665 182209 182210
 2340: 180671 180853 181687
 2341: 180749 182336 182356
 2342: 180796 181808 181816
 2343: 180901 182458 182483
 2344: 181136 181995 182019
 2345: 181179 182356 182430
 2346: 181217 182303 182324
 2347: 181283 182257 182303
 2348: 181346 181986 181995
 2349: 181347 181900 181986
 2350: 181440 182483 183323
 2351: 181547 181895 181900
 2352: 181577 182019 182043
 2353: 181907 182430 182458
 2354: 181978 182324 182336
 2355: 182037 182210 182257
 2356: 182211 183349 183437
 2357: 182261 183598 183615
 2358: 182306 183437 183489
 2359: 182332 183623 183650
 2360: 182424 183974 183979
 2361: 182448 183323 183349
 2362: 182500 183979 184106
 2363: 182642 185171 185175
 2364: 182668 184106 184117
 2365: 182720 184183 185113
 2366: 182959 183489 183501
 2367: 182991 183501 183529
 2368: 183092 183529 183581
 2369: 183107 183581 183598
 2370: 183116 183931 183974
 2371: 183120 185113 185119
 2372: 183319 183744 183788
 2373: 183356 183615 183623
 2374: 183475 183788 183931
 2375: 183592 183650 183744
 2376: 183633 185133 185171
 2377: 183703 184117 184172
 2378: 183908 185439 185563
 2379: 183928 185410 185439
 2380: 183980 185261 185349
 2381: 184006 185804 185868
 2382: 184075 185621 185687
 2383: 184128 184172 184183
 2384: 184239 185953 185968
 2385: 184243 185580 185606
 2386: 184434 185175 185177
 2387: 184476 185563 185570
 2388: 184523 185880 185919
 2389: 184546 185201 185261
 2390: 184616 185868 185869
 2391: 184682 185687 185781
 2392: 184717 185606 185621
 2393: 184788 185938 185944
 2394: 184844 185944 185953
 2395: 184859 185119 185133
 2396: 184867 185570 185580
 2397: 184987 185781 185804
 2398: 184992 185350 185410
 2399: 185069 185936 185938
 2400: 185083 185804 185804
 2401: 185114 185177 185201
 2402: 185227 185869 185880
 2403: 185290 185349 185350
 2404: 185358 185919 185936
 2405: 185397 187191 187286
 2406: 185466 186086 186099
 2407: 185630 185978 186086
 2408: 185684 187564 187583
 2409: 185816 187114 187124
 2410: 185849 186099 187088
 2411: 185855 187496 187537
 2412: 185905 185968 185978
 2413: 185918 187583 187633
 2414: 185933 187866 187885
 2415: 185970 187369 187443
 2416: 186023 187813 187814
 2417: 186069 187367 187369
 2418: 186123 187088 187114
 2419: 186181 187149 187191
 2420: 186334 188017 188028
 2421: 186362 187546 187554
 2422: 186584 187286 187287
 2423: 186630 187537 187546
 2424: 186723 187287 187367
 2425: 186776 187124 187149
 2426: 186802 187633 187669
 2427: 186858 187855 187866
 2428: 186905 187734 187769
 2429: 186936 187669 187734
 2430: 186987 187796 187813
 2431: 186988 188063 189040
 2432: 187035 187554 187564
 2433: 187061 188028 188063
 2434: 187116 187885 187917
 2435: 187123 187443 187470
 2436: 187239 187470 187496
 2437: 187390 187814 187815
 2438: 187463 189311 189360
 2439: 187480 189363 189372
 2440: 187551 187769 187796
 2441: 187590 187917 187994
 2442: 187617 187994 188017
 2443: 187707 187815 187855
 2444: 187781 189059 189077
 2445: 187823 189155 189160
 2446: 187936 189466 189484
 2447: 187946 189267 189281
 2448: 188153 189406 189466
 2449: 188172 189484 189490
 2450: 188195 189360 189363
 2451: 188336 189077 189091
 2452: 188439 189723 189749
 2453: 188558 189372 189406
 2454: 188561 189985 190937
 2455: 188654 189689 189694
 2456: 188748 189091 189155
 2457: 188812 189040 189059
 2458: 188816 189281 189311
 2459: 188937 189694 189723
 2460: 188966 189160 189267
 2461: 189093 190996 191038
 2462: 189179 189964 189985
 2463: 189211 189615 189655
 2464: 189247 189490 189615
 2465: 189253 189655 189689
 2466: 189436 189780 189962
 2467: 189530 189694 189694
 2468: 189607 191415 191448
 2469: 189609 189723 189723
 2470: 189662 189749 189780
 2471: 189694 191111 191166
 2472: 189847 191729 191864
 2473: 189869 189962 189964
 2474: 189886 190937 190996
 2475: 189958 191448 191467
 2476: 189984 191372 191375
 2477: 190058 191864 191916
 2478: 190095 191916 191918
 2479: 190164 191619 191712
 2480: 190226 191593 191619
 2481: 190268 191375 191415
 2482: 190339 191038 191084
 2483: 190350 191166 191195
 2484: 190430 191107 191111
 2485: 190652 191084 191107
 2486: 190843 191195 191237
 2487: 190881 191712 191729
 2488: 190900 191534 191593
 2489: 190996 191281 191372
 2490: 191090 191237 191281
 2491: 191342 191918 192891
 2492: 191456 191467 191534
 2493: 191788 193026 193056
 2494: 191852 193264 193473
 2495: 192075 192891 193026
 2496: 192098 193070 193264
 2497: 192170 193644 193768
 2498: 192226 193473 193644
 2499: 192237 193056 193070
SUM: 193768 193767 1.0000 990.24 912.74 2767
