    0:     1     1     4
    1:     4     4    11
    2:     6    11    14
    3:    13    14    22
    4:    19    22    31
    5:    20    83    85
    6:    23    31    33
    7:    30    33    46
    8:    35    46    49
    9:    40    57    74
   10:    46    76    77
   11:    48    49    54
   12:    52    54    57
   13:    59   108   117
   14:    60    77    83
   15:    67    74    75
   16:    71    75    76
   17:    74   117   120
   18:    79    85    96
   19:    83   107   108
   20:    89   117   117
   21:    93    96    99
   22:    95    99   107
   23:    98   117   117
   24:   100   133   141
   25:   105   147   148
   26:   110   132   133
   27:   117   120   132
   28:   123   148   149
   29:   127   141   147
   30:   131   168   174
   31:   134   156   165
   32:   138   174   176
   33:   143   176   178
   34:   147   149   156
   35:   148   149   149
   36:   149   165   168
   37:   155   176   176
   38:   162   196   204
   39:   169   178   185
   40:   175   176   176
   41:   177   187   195
   42:   184   185   187
   43:   188   195   196
   44:   192   204   209
   45:   199   264   265
   46:   200   253   254
   47:   206   209   223
   48:   207   262   264
   49:   211   223   225
   50:   215   225   227
   51:   218   229   230
   52:   220   236   237
   53:   221   227   229
   54:   225   230   236
   55:   226   241   253
   56:   231   237   241
   57:   235   256   259
   58:   236   254   254
   59:   243   259   259
   60:   248   254   256
   61:   250   260   262
   62:   254   259   260
   63:   256   285   291
   64:   257   277   283
   65:   261   265   277
   66:   266   318   325
   67:   271   312   315
   68:   278   283   285
   69:   279   291   293
   70:   282   315   315
   71:   288   310   312
   72:   290   293   307
   73:   296   325   327
   74:   299   307   310
   75:   303   353   355
   76:   310   342   343
   77:   315   315   318
   78:   321   327   332
   79:   328   350   351
   80:   330   332   342
   81:   337   343   350
   82:   338   371   374
   83:   340   351   353
   84:   344   351   351
   85:   347   357   362
   86:   354   355   357
   87:   359   362   368
   88:   366   368   371
   89:   372   374   376
   90:   373   377   387
   91:   376   376   377
   92:   380   411   413
   93:   383   387   405
   94:   388   429   431
   95:   392   413   426
   96:   399   426   429
   97:   400   405   409
   98:   406   409   411
   99:   412   435   440
  100:   417   464   469
  101:   424   431   435
  102:   429   440   458
  103:   435   459   462
  104:   437   458   459
  105:   440   462   464
  106:   446   469   469
  107:   452   469   471
  108:   456   464   464
  109:   457   548   549
  110:   461   481   498
  111:   468   471   478
  112:   475   478   481
  113:   482   549   550
  114:   488   507   519
  115:   495   498   500
  116:   500   500   507
  117:   503   519   519
  118:   508   541   545
  119:   511   545   548
  120:   516   519   536
  121:   522   536   541
  122:   528   570   575
  123:   535   562   570
  124:   542   545   545
  125:   546   550   557
  126:   553   557   562
  127:   560   590   598
  128:   564   589   590
  129:   571   575   586
  130:   573   588   589
  131:   580   590   590
  132:   585   586   588
  133:   588   622   624
  134:   592   619   622
  135:   597   598   617
  136:   604   642   644
  137:   606   640   642
  138:   613   617   619
  139:   619   624   624
  140:   624   624   640
  141:   626   649   652
  142:   633   657   662
  143:   640   652   653
  144:   643   644   649
  145:   646   662   664
  146:   647   664   667
  147:   651   653   657
  148:   655   691   696
  149:   661   687   688
  150:   666   667   673
  151:   668   688   689
  152:   671   673   680
  153:   675   680   685
  154:   676   689   689
  155:   678   685   687
  156:   683   696   714
  157:   689   689   691
  158:   694   714   714
  159:   695   714   719
  160:   697   719   730
  161:   704   740   741
  162:   709   739   740
  163:   715   730   733
  164:   718   733   739
  165:   724   764   768
  166:   725   768   769
  167:   731   741   741
  168:   733   741   746
  169:   736   746   756
  170:   740   769   771
  171:   746   758   764
  172:   752   756   758
  173:   756   773   779
  174:   761   821   823
  175:   764   806   816
  176:   771   771   773
  177:   773   779   799
  178:   780   816   820
  179:   784   799   801
  180:   790   816   816
  181:   795   851   853
  182:   799   801   804
  183:   801   804   806
  184:   808   820   821
  185:   815   843   851
  186:   821   823   842
  187:   827   842   843
  188:   834   875   883
  189:   841   883   884
  190:   843   869   874
  191:   849   853   869
  192:   852   884   884
  193:   856   921   926
  194:   859   894   902
  195:   865   904   907
  196:   867   903   904
  197:   872   874   875
  198:   877   893   894
  199:   881   884   892
  200:   886   902   903
  201:   890   892   893
  202:   897   910   914
  203:   901   951   953
  204:   906   907   910
  205:   911   914   919
  206:   913   919   921
  207:   919   919   919
  208:   924   926   951
  209:   929   976   981
  210:   933   953   954
  211:   936   953   953
  212:   940   981   981
  213:   944   974   976
  214:   949   954   974
  215:   956  1009  1010
  216:   958   981   993
  217:   963   974   974
  218:   970   976   976
  219:   971   993   999
  220:   975  1007  1009
  221:   982  1006  1007
  222:   983   999  1002
  223:   984  1002  1006
  224:   988  1007  1007
  225:   995  1032  1038
  226:  1001  1030  1032
  227:  1004  1025  1030
  228:  1009  1010  1021
  229:  1016  1021  1024
  230:  1018  1038  1043
  231:  1023  1024  1025
  232:  1030  1096  1098
  233:  1036  1065  1070
  234:  1039  1075  1076
  235:  1042  1043  1054
  236:  1048  1054  1059
  237:  1052  1070  1075
  238:  1058  1059  1065
  239:  1063  1098  1098
  240:  1064  1098  1100
  241:  1071  1079  1080
  242:  1074  1076  1079
  243:  1076  1080  1084
  244:  1080  1084  1094
  245:  1084  1094  1096
  246:  1090  1116  1126
  247:  1093  1100  1108
  248:  1094  1126  1126
  249:  1096  1109  1113
  250:  1103  1108  1109
  251:  1109  1147  1149
  252:  1113  1113  1116
  253:  1118  1142  1147
  254:  1119  1127  1139
  255:  1120  1139  1140
  256:  1124  1126  1127
  257:  1131  1184  1188
  258:  1137  1140  1142
  259:  1141  1149  1161
  260:  1147  1179  1184
  261:  1149  1188  1189
  262:  1152  1161  1161
  263:  1157  1166  1178
  264:  1159  1161  1164
  265:  1160  1178  1179
  266:  1161  1164  1166
  267:  1168  1213  1214
  268:  1169  1188  1188
  269:  1171  1214  1219
  270:  1175  1208  1211
  271:  1181  1214  1214
  272:  1184  1201  1207
  273:  1186  1189  1194
  274:  1187  1195  1201
  275:  1190  1194  1195
  276:  1195  1223  1232
  277:  1201  1257  1260
  278:  1203  1207  1208
  279:  1205  1211  1213
  280:  1210  1260  1263
  281:  1215  1219  1223
  282:  1222  1232  1252
  283:  1228  1232  1232
  284:  1233  1301  1313
  285:  1237  1255  1257
  286:  1240  1252  1255
  287:  1245  1321  1322
  288:  1249  1318  1319
  289:  1256  1314  1315
  290:  1257  1263  1275
  291:  1263  1319  1321
  292:  1265  1313  1314
  293:  1272  1315  1315
  294:  1273  1275  1278
  295:  1275  1316  1317
  296:  1277  1278  1287
  297:  1280  1287  1294
  298:  1282  1294  1296
  299:  1283  1287  1287
  300:  1290  1319  1319
  301:  1291  1296  1298
  302:  1298  1298  1301
  303:  1303  1315  1316
  304:  1305  1329  1340
  305:  1312  1313  1313
  306:  1313  1317  1318
  307:  1319  1322  1329
  308:  1326  1356  1369
  309:  1332  1340  1340
  310:  1334  1347  1348
  311:  1337  1340  1347
  312:  1343  1350  1356
  313:  1347  1348  1350
  314:  1352  1394  1395
  315:  1358  1381  1386
  316:  1359  1380  1381
  317:  1361  1373  1380
  318:  1367  1369  1373
  319:  1374  1397  1398
  320:  1380  1386  1391
  321:  1386  1391  1394
  322:  1392  1398  1410
  323:  1393  1395  1397
  324:  1399  1463  1465
  325:  1402  1410  1415
  326:  1407  1466  1467
  327:  1414  1415  1419
  328:  1418  1465  1466
  329:  1419  1419  1429
  330:  1423  1455  1456
  331:  1426  1429  1439
  332:  1432  1456  1456
  333:  1434  1461  1463
  334:  1439  1439  1444
  335:  1443  1444  1453
  336:  1446  1468  1487
  337:  1451  1456  1458
  338:  1453  1453  1455
  339:  1456  1458  1461
  340:  1463  1490  1495
  341:  1467  1467  1468
  342:  1470  1487  1490
  343:  1476  1497  1512
  344:  1479  1521  1522
  345:  1486  1495  1497
  346:  1487  1487  1487
  347:  1493  1513  1521
  348:  1498  1512  1513
  349:  1501  1522  1522
  350:  1507  1522  1523
  351:  1510  1541  1551
  352:  1513  1556  1557
  353:  1516  1523  1527
  354:  1519  1551  1551
  355:  1526  1527  1541
  356:  1532  1578  1583
  357:  1539  1551  1556
  358:  1543  1557  1568
  359:  1547  1569  1574
  360:  1551  1574  1578
  361:  1553  1568  1569
  362:  1555  1583  1583
  363:  1561  1600  1605
  364:  1568  1578  1578
  365:  1575  1598  1599
  366:  1582  1583  1596
  367:  1584  1597  1598
  368:  1586  1626  1632
  369:  1590  1599  1600
  370:  1592  1596  1597
  371:  1593  1608  1621
  372:  1598  1623  1624
  373:  1605  1605  1608
  374:  1612  1621  1623
  375:  1617  1624  1626
  376:  1623  1637  1656
  377:  1630  1632  1637
  378:  1636  1656  1656
  379:  1640  1674  1676
  380:  1646  1660  1668
  381:  1649  1656  1660
  382:  1655  1682  1684
  383:  1662  1668  1670
  384:  1664  1681  1682
  385:  1665  1670  1674
  386:  1666  1684  1686
  387:  1667  1686  1688
  388:  1674  1676  1681
  389:  1678  1697  1699
  390:  1682  1688  1697
  391:  1685  1702  1713
  392:  1688  1699  1700
  393:  1693  1715  1721
  394:  1697  1700  1702
  395:  1700  1771  1774
  396:  1705  1713  1715
  397:  1711  1721  1742
  398:  1715  1769  1770
  399:  1722  1751  1753
  400:  1725  1742  1747
  401:  1732  1747  1749
  402:  1737  1762  1769
  403:  1740  1749  1751
  404:  1743  1774  1774
  405:  1750  1835  1840
  406:  1753  1753  1760
  407:  1758  1760  1762
  408:  1759  1774  1774
  409:  1763  1770  1771
  410:  1764  1829  1830
  411:  1768  1774  1781
  412:  1769  1781  1790
  413:  1771  1771  1771
  414:  1775  1832  1835
  415:  1777  1831  1832
  416:  1783  1794  1797
  417:  1786  1797  1798
  418:  1790  1790  1791
  419:  1791  1791  1794
  420:  1792  1830  1831
  421:  1796  1798  1802
  422:  1800  1802  1810
  423:  1803  1824  1829
  424:  1809  1810  1816
  425:  1816  1816  1823
  426:  1819  1858  1861
  427:  1821  1831  1831
  428:  1823  1823  1824
  429:  1828  1854  1858
  430:  1832  1851  1852
  431:  1834  1840  1840
  432:  1835  1869  1870
  433:  1839  1840  1851
  434:  1842  1858  1858
  435:  1847  1868  1869
  436:  1848  1852  1854
  437:  1850  1869  1869
  438:  1857  1861  1862
  439:  1862  1862  1864
  440:  1863  1864  1868
  441:  1870  1870  1894
  442:  1873  1895  1899
  443:  1878  1894  1895
  444:  1884  1899  1901
  445:  1888  1894  1894
  446:  1890  1909  1914
  447:  1897  1914  1921
  448:  1900  1901  1909
  449:  1905  1944  1946
  450:  1910  1946  1949
  451:  1915  1921  1932
  452:  1917  1949  1949
  453:  1923  1951  1954
  454:  1926  1932  1935
  455:  1927  1943  1944
  456:  1933  1935  1938
  457:  1937  1938  1942
  458:  1942  1942  1943
  459:  1947  1949  1951
  460:  1950  1954  1955
  461:  1956  1956  1971
  462:  1963  1978  1998
  463:  1970  1971  1974
  464:  1974  1974  1978
  465:  1980  1998  1998
  466:  1985  1998  1999
  467:  1986  2000  2003
  468:  1992  2027  2042
  469:  1994  2013  2017
  470:  1997  2003  2010
  471:  1998  1999  2000
  472:  1999  2010  2011
  473:  2003  2011  2012
  474:  2005  2020  2027
  475:  2007  2012  2013
  476:  2011  2042  2044
  477:  2014  2017  2020
  478:  2018  2045  2050
  479:  2024  2027  2027
  480:  2030  2050  2071
  481:  2033  2071  2072
  482:  2040  2042  2042
  483:  2043  2044  2045
  484:  2047  2077  2078
  485:  2051  2093  2100
  486:  2055  2091  2093
  487:  2060  2101  2104
  488:  2067  2072  2077
  489:  2069  2093  2093
  490:  2074  2078  2091
  491:  2080  2100  2100
  492:  2086  2128  2133
  493:  2092  2117  2120
  494:  2097  2100  2101
  495:  2099  2104  2117
  496:  2103  2125  2128
  497:  2108  2160  2161
  498:  2113  2151  2154
  499:  2115  2120  2124
  500:  2122  2124  2125
  501:  2125  2161  2164
  502:  2131  2133  2151
  503:  2138  2229  2231
  504:  2143  2154  2154
  505:  2147  2154  2158
  506:  2148  2173  2186
  507:  2150  2164  2164
  508:  2155  2158  2160
  509:  2160  2164  2173
  510:  2163  2164  2164
  511:  2169  2232  2233
  512:  2175  2186  2190
  513:  2179  2231  2232
  514:  2181  2190  2197
  515:  2187  2197  2206
  516:  2193  2226  2229
  517:  2199  2206  2210
  518:  2204  2210  2226
  519:  2211  2323  2324
  520:  2212  2319  2322
  521:  2213  2233  2233
  522:  2216  2318  2319
  523:  2220  2236  2245
  524:  2226  2233  2233
  525:  2233  2233  2236
  526:  2239  2247  2249
  527:  2241  2249  2255
  528:  2243  2315  2317
  529:  2244  2245  2247
  530:  2251  2312  2315
  531:  2254  2255  2257
  532:  2255  2257  2264
  533:  2258  2272  2276
  534:  2261  2264  2266
  535:  2265  2266  2272
  536:  2272  2276  2280
  537:  2278  2280  2293
  538:  2281  2293  2298
  539:  2284  2307  2312
  540:  2288  2317  2318
  541:  2289  2293  2293
  542:  2292  2298  2300
  543:  2294  2322  2322
  544:  2300  2300  2306
  545:  2303  2306  2307
  546:  2308  2322  2323
  547:  2312  2324  2340
  548:  2316  2340  2342
  549:  2318  2340  2340
  550:  2325  2373  2376
  551:  2328  2347  2350
  552:  2332  2350  2352
  553:  2334  2342  2347
  554:  2338  2368  2372
  555:  2339  2377  2379
  556:  2343  2376  2377
  557:  2349  2354  2363
  558:  2351  2352  2354
  559:  2355  2363  2368
  560:  2357  2377  2377
  561:  2364  2432  2440
  562:  2365  2372  2373
  563:  2368  2376  2376
  564:  2370  2383  2394
  565:  2374  2379  2383
  566:  2377  2394  2394
  567:  2383  2394  2397
  568:  2389  2411  2413
  569:  2391  2401  2410
  570:  2397  2397  2401
  571:  2403  2410  2411
  572:  2405  2413  2422
  573:  2409  2429  2432
  574:  2412  2422  2426
  575:  2417  2426  2429
  576:  2422  2522  2523
  577:  2428  2523  2524
  578:  2433  2462  2464
  579:  2435  2440  2449
  580:  2442  2449  2452
  581:  2445  2452  2460
  582:  2451  2460  2462
  583:  2453  2494  2495
  584:  2457  2483  2487
  585:  2458  2464  2466
  586:  2459  2495  2495
  587:  2462  2466  2472
  588:  2464  2524  2525
  589:  2465  2487  2490
  590:  2469  2472  2474
  591:  2471  2490  2494
  592:  2472  2474  2476
  593:  2476  2476  2483
  594:  2481  2513  2518
  595:  2485  2495  2513
  596:  2490  2525  2525
  597:  2492  2518  2522
  598:  2495  2518  2518
  599:  2500  2523  2523
  600:  2503  2552  2555
  601:  2505  2513  2513
  602:  2508  2549  2550
  603:  2514  2525  2540
  604:  2518  2524  2524
  605:  2525  2525  2525
  606:  2528  2550  2550
  607:  2530  2544  2549
  608:  2533  2551  2552
  609:  2536  2540  2544
  610:  2539  2550  2551
  611:  2541  2571  2573
  612:  2542  2558  2571
  613:  2548  2573  2573
  614:  2555  2555  2558
  615:  2557  2573  2576
  616:  2561  2576  2584
  617:  2562  2604  2608
  618:  2563  2584  2586
  619:  2569  2595  2604
  620:  2575  2586  2586
  621:  2577  2586  2593
  622:  2584  2608  2611
  623:  2591  2593  2595
  624:  2596  2652  2671
  625:  2601  2611  2612
  626:  2606  2612  2621
  627:  2608  2612  2612
  628:  2611  2672  2674
  629:  2618  2622  2629
  630:  2621  2621  2622
  631:  2627  2629  2634
  632:  2631  2640  2647
  633:  2633  2634  2640
  634:  2640  2676  2677
  635:  2642  2647  2652
  636:  2647  2674  2676
  637:  2654  2677  2691
  638:  2661  2671  2671
  639:  2662  2671  2672
  640:  2669  2721  2726
  641:  2676  2691  2692
  642:  2677  2719  2720
  643:  2684  2692  2697
  644:  2689  2715  2719
  645:  2695  2697  2702
  646:  2699  2702  2710
  647:  2705  2710  2713
  648:  2710  2713  2715
  649:  2714  2720  2721
  650:  2721  2726  2745
  651:  2727  2752  2754
  652:  2730  2754  2760
  653:  2731  2745  2746
  654:  2733  2751  2752
  655:  2734  2747  2750
  656:  2738  2746  2747
  657:  2740  2750  2751
  658:  2746  2762  2765
  659:  2748  2754  2754
  660:  2749  2760  2762
  661:  2752  2760  2760
  662:  2756  2765  2765
  663:  2761  2772  2779
  664:  2763  2779  2780
  665:  2764  2765  2772
  666:  2766  2783  2786
  667:  2767  2780  2783
  668:  2771  2772  2772
  669:  2774  2821  2822
  670:  2776  2795  2796
  671:  2778  2779  2779
  672:  2782  2786  2795
  673:  2786  2822  2823
  674:  2791  2796  2818
  675:  2796  2818  2821
  676:  2801  2842  2844
  677:  2806  2837  2840
  678:  2807  2840  2842
  679:  2814  2823  2833
  680:  2820  2846  2847
  681:  2822  2835  2837
  682:  2825  2833  2833
  683:  2826  2847  2850
  684:  2832  2833  2835
  685:  2836  2844  2846
  686:  2840  2862  2864
  687:  2846  2850  2858
  688:  2847  2867  2870
  689:  2854  2860  2862
  690:  2856  2858  2860
  691:  2860  2864  2867
  692:  2861  2881  2887
  693:  2863  2877  2881
  694:  2866  2870  2877
  695:  2871  2910  2912
  696:  2878  2903  2908
  697:  2885  2887  2902
  698:  2889  2943  2944
  699:  2894  2902  2903
  700:  2898  2908  2910
  701:  2899  2940  2943
  702:  2904  2922  2931
  703:  2906  2931  2934
  704:  2909  2912  2920
  705:  2913  2920  2922
  706:  2914  2938  2940
  707:  2921  2934  2934
  708:  2924  2934  2938
  709:  2929  2970  2972
  710:  2936  2944  2964
  711:  2942  2964  2966
  712:  2947  2966  2970
  713:  2949  3003  3006
  714:  2955  2972  2975
  715:  2962  3001  3002
  716:  2968  3006  3014
  717:  2971  2997  3001
  718:  2974  2975  2983
  719:  2980  2983  2988
  720:  2983  3002  3003
  721:  2987  2988  2997
  722:  2991  3001  3001
  723:  2998  3067  3069
  724:  3003  3033  3034
  725:  3010  3014  3033
  726:  3012  3034  3035
  727:  3014  3014  3014
  728:  3018  3035  3038
  729:  3021  3044  3045
  730:  3026  3047  3048
  731:  3032  3038  3044
  732:  3035  3045  3047
  733:  3042  3066  3067
  734:  3048  3048  3063
  735:  3052  3094  3095
  736:  3055  3095  3097
  737:  3060  3063  3066
  738:  3065  3069  3081
  739:  3071  3083  3092
  740:  3073  3081  3081
  741:  3074  3128  3129
  742:  3076  3081  3083
  743:  3078  3100  3128
  744:  3084  3092  3094
  745:  3086  3092  3092
  746:  3090  3095  3095
  747:  3095  3097  3100
  748:  3102  3155  3157
  749:  3103  3150  3151
  750:  3105  3129  3129
  751:  3106  3151  3151
  752:  3111  3131  3136
  753:  3112  3154  3155
  754:  3113  3137  3144
  755:  3118  3147  3150
  756:  3121  3129  3131
  757:  3128  3136  3136
  758:  3135  3136  3137
  759:  3136  3157  3160
  760:  3140  3144  3147
  761:  3142  3151  3153
  762:  3146  3153  3154
  763:  3149  3175  3181
  764:  3153  3181  3182
  765:  3158  3182  3185
  766:  3159  3160  3167
  767:  3164  3167  3174
  768:  3170  3174  3175
  769:  3174  3185  3187
  770:  3178  3197  3201
  771:  3184  3201  3203
  772:  3187  3187  3195
  773:  3190  3195  3197
  774:  3196  3250  3256
  775:  3198  3203  3209
  776:  3200  3209  3216
  777:  3202  3218  3223
  778:  3206  3223  3225
  779:  3212  3216  3218
  780:  3214  3227  3241
  781:  3220  3249  3250
  782:  3224  3225  3227
  783:  3230  3241  3242
  784:  3234  3242  3249
  785:  3237  3322  3323
  786:  3242  3256  3256
  787:  3245  3250  3250
  788:  3251  3256  3268
  789:  3253  3318  3322
  790:  3259  3323  3325
  791:  3260  3313  3314
  792:  3262  3272  3279
  793:  3263  3268  3272
  794:  3270  3279  3282
  795:  3274  3291  3293
  796:  3277  3314  3314
  797:  3282  3282  3291
  798:  3285  3293  3299
  799:  3291  3314  3316
  800:  3295  3316  3318
  801:  3298  3299  3313
  802:  3299  3314  3314
  803:  3302  3313  3313
  804:  3304  3340  3343
  805:  3311  3325  3339
  806:  3313  3314  3314
  807:  3315  3339  3340
  808:  3317  3344  3349
  809:  3324  3343  3344
  810:  3329  3339  3339
  811:  3336  3382  3383
  812:  3337  3376  3377
  813:  3342  3375  3376
  814:  3346  3349  3354
  815:  3349  3354  3374
  816:  3354  3377  3379
  817:  3356  3374  3375
  818:  3357  3376  3376
  819:  3362  3375  3375
  820:  3368  3409  3413
  821:  3371  3383  3409
  822:  3376  3379  3381
  823:  3380  3381  3382
  824:  3386  3445  3452
  825:  3390  3413  3422
  826:  3397  3440  3442
  827:  3399  3409  3409
  828:  3401  3456  3457
  829:  3408  3452  3452
  830:  3410  3442  3443
  831:  3416  3422  3427
  832:  3423  3428  3440
  833:  3426  3443  3445
  834:  3427  3427  3428
  835:  3431  3475  3479
  836:  3435  3445  3445
  837:  3442  3473  3475
  838:  3443  3453  3456
  839:  3444  3484  3486
  840:  3448  3457  3471
  841:  3449  3452  3453
  842:  3450  3471  3473
  843:  3456  3482  3484
  844:  3459  3512  3513
  845:  3462  3513  3515
  846:  3467  3497  3504
  847:  3474  3479  3482
  848:  3478  3486  3497
  849:  3479  3486  3486
  850:  3484  3504  3505
  851:  3490  3505  3506
  852:  3497  3505  3505
  853:  3499  3540  3545
  854:  3500  3510  3512
  855:  3502  3506  3507
  856:  3504  3507  3510
  857:  3508  3530  3533
  858:  3509  3515  3530
  859:  3515  3539  3540
  860:  3516  3530  3530
  861:  3519  3570  3572
  862:  3525  3573  3574
  863:  3529  3533  3535
  864:  3533  3535  3539
  865:  3536  3545  3560
  866:  3542  3574  3575
  867:  3546  3597  3599
  868:  3551  3566  3570
  869:  3554  3560  3563
  870:  3561  3575  3591
  871:  3563  3563  3566
  872:  3567  3596  3597
  873:  3572  3572  3573
  874:  3577  3639  3645
  875:  3578  3594  3596
  876:  3582  3645  3648
  877:  3589  3591  3592
  878:  3592  3592  3594
  879:  3598  3599  3618
  880:  3603  3626  3629
  881:  3607  3623  3624
  882:  3614  3618  3619
  883:  3615  3619  3623
  884:  3619  3624  3626
  885:  3622  3629  3637
  886:  3628  3648  3648
  887:  3629  3637  3639
  888:  3635  3637  3637
  889:  3639  3677  3678
  890:  3645  3648  3677
  891:  3652  3699  3700
  892:  3654  3689  3692
  893:  3661  3678  3685
  894:  3662  3695  3699
  895:  3666  3700  3700
  896:  3667  3692  3695
  897:  3670  3687  3689
  898:  3674  3707  3708
  899:  3678  3705  3707
  900:  3682  3685  3687
  901:  3688  3699  3699
  902:  3690  3695  3695
  903:  3694  3700  3705
  904:  3698  3700  3700
  905:  3702  3734  3738
  906:  3705  3708  3709
  907:  3707  3709  3717
  908:  3708  3748  3749
  909:  3710  3717  3720
  910:  3711  3720  3722
  911:  3712  3727  3731
  912:  3719  3722  3727
  913:  3723  3731  3734
  914:  3728  3738  3748
  915:  3734  3734  3734
  916:  3740  3748  3748
  917:  3742  3775  3778
  918:  3748  3762  3768
  919:  3749  3749  3760
  920:  3754  3760  3762
  921:  3758  3770  3773
  922:  3760  3768  3770
  923:  3765  3778  3790
  924:  3767  3768  3768
  925:  3769  3773  3775
  926:  3770  3778  3778
  927:  3777  3790  3793
  928:  3782  3798  3817
  929:  3786  3817  3818
  930:  3793  3793  3798
  931:  3800  3856  3857
  932:  3806  3818  3826
  933:  3811  3854  3856
  934:  3816  3817  3817
  935:  3817  3845  3854
  936:  3823  3826  3827
  937:  3826  3827  3831
  938:  3830  3831  3840
  939:  3833  3842  3845
  940:  3835  3841  3842
  941:  3836  3875  3876
  942:  3837  3840  3841
  943:  3838  3876  3881
  944:  3845  3876  3876
  945:  3851  3881  3906
  946:  3854  3857  3863
  947:  3860  3863  3866
  948:  3863  3912  3913
  949:  3865  3866  3867
  950:  3867  3867  3873
  951:  3872  3873  3875
  952:  3878  3913  3913
  953:  3879  3907  3912
  954:  3882  3913  3928
  955:  3884  3906  3907
  956:  3888  3928  3928
  957:  3892  3930  3931
  958:  3897  3929  3930
  959:  3901  3928  3929
  960:  3904  3932  3936
  961:  3910  3931  3932
  962:  3914  3939  3952
  963:  3919  3931  3931
  964:  3923  3952  3953
  965:  3929  3952  3952
  966:  3936  3936  3939
  967:  3943  3970  3973
  968:  3944  3953  3957
  969:  3946  3957  3961
  970:  3950  3974  3975
  971:  3951  3961  3963
  972:  3956  3963  3970
  973:  3958  3998  3999
  974:  3965  3993  3994
  975:  3969  3973  3974
  976:  3971  3997  3998
  977:  3974  3975  3978
  978:  3977  3978  3993
  979:  3979  4055  4056
  980:  3980  3994  3995
  981:  3987  4003  4007
  982:  3992  3995  3997
  983:  3999  3999  4003
  984:  4000  4016  4023
  985:  4003  4007  4016
  986:  4008  4042  4048
  987:  4014  4023  4025
  988:  4017  4025  4034
  989:  4019  4039  4042
  990:  4020  4048  4050
  991:  4025  4042  4042
  992:  4030  4034  4039
  993:  4037  4050  4055
  994:  4042  4048  4048
  995:  4048  4069  4083
  996:  4055  4062  4064
  997:  4056  4056  4062
  998:  4057  4083  4083
  999:  4059  4064  4069
SUM: 4083 4081 0.9995 22.47 18.39 112
