    0:     1     1    25
    1:     2    26    31
    2:     3    31    61
    3:     4    68    69
    4:     5    81    83
    5:     7    69    69
    6:     9    61    62
    7:    10    83    84
    8:    12    25    26
    9:    13    69    69
   10:    15    69    71
   11:    16    25    25
   12:    18    76    77
   13:    19    83    83
   14:    20    79    80
   15:    21    77    78
   16:    22    71    73
   17:    23    62    66
   18:    24    61    61
   19:    25    73    74
   20:    27    66    68
   21:    28    78    78
   22:    30    61    61
   23:    32    77    77
   24:    34    61    61
   25:    35    80    80
   26:    37    84    84
   27:    38    78    79
   28:    39    75    76
   29:    40    83    83
   30:    41    86    87
   31:    43    77    77
   32:    45    84    84
   33:    46    71    71
   34:    48    79    79
   35:    49    62    62
   36:    50    78    78
   37:    51    88    89
   38:    52    87    88
   39:    53    74    74
   40:    54    88    88
   41:    57    89    90
   42:    58    74    75
   43:    60    80    81
   44:    62    68    68
   45:    63    91    92
   46:    64   124   125
   47:    65    71    71
   48:    68    75    75
   49:    69    90    90
   50:    70    71    71
   51:    71   125   126
   52:    72    77    77
   53:    73    78    78
   54:    74    90    91
   55:    75   123   124
   56:    76   125   125
   57:    78    88    88
   58:    79    79    79
   59:    80    90    90
   60:    81    92   123
   61:    82    89    89
   62:    84    84    86
   63:    87   127   129
   64:    90   140   141
   65:    91   135   137
   66:    92   123   123
   67:    93   141   141
   68:    95   143   144
   69:    96   126   127
   70:    97   132   133
   71:    98   127   127
   72:    99   141   142
   73:   101   133   134
   74:   102   148   153
   75:   103   129   130
   76:   105   123   123
   77:   106   130   132
   78:   107   153   153
   79:   109   146   148
   80:   110   145   146
   81:   112   134   135
   82:   113   130   130
   83:   117   144   144
   84:   118   141   141
   85:   119   137   138
   86:   120   138   140
   87:   121   126   126
   88:   122   129   129
   89:   123   130   130
   90:   124   146   146
   91:   127   153   154
   92:   129   154   184
   93:   130   132   132
   94:   133   148   148
   95:   134   138   138
   96:   135   146   146
   97:   136   142   142
   98:   137   142   143
   99:   138   144   145
SUM: 184 183 0.9946 31.88 30.05 76
