    0:     1     1   394
    1:   170   394   431
    2:   194   635   716
    3:   265   431   635
    4:   424  1467  1488
    5:   592  1334  1467
    6:   605   635   635
    7:   642   716   727
    8:   648   727   926
    9:   728  1674  1876
   10:   769   939  1061
   11:   862   926   939
   12:   905  1589  1674
   13:  1034  1488  1526
   14:  1037  1061  1272
   15:  1093  1561  1589
   16:  1198  1287  1334
   17:  1200  3382  3425
   18:  1251  1526  1561
   19:  1266  1272  1287
   20:  1285  3374  3378
   21:  1487  3059  3063
   22:  1506  3100  3136
   23:  1551  3136  3142
   24:  1616  3236  3343
   25:  1640  3425  3449
   26:  1663  1876  1906
   27:  1687  2133  2196
   28:  1793  3346  3353
   29:  1822  2052  2097
   30:  1869  1906  2052
   31:  1918  3211  3236
   32:  1941  2475  2942
   33:  1963  2097  2133
   34:  1976  2942  3014
   35:  1987  3063  3064
   36:  2043  3378  3382
   37:  2160  2196  2250
   38:  2198  3181  3211
   39:  2204  2250  2475
   40:  2238  3064  3100
   41:  2645  3966  4454
   42:  2677  3142  3181
   43:  2707  3343  3346
   44:  2743  4454  4481
   45:  2930  4646  4676
   46:  2983  3014  3059
   47:  2989  4597  4604
   48:  3176  3745  3774
   49:  3235  3353  3374
   50:  3348  4481  4518
   51:  3397  3449  3745
   52:  3508  3774  3837
   53:  3513  3837  3935
   54:  3568  3954  3966
   55:  3581  4687  4708
   56:  3633  3935  3954
   57:  3687  4677  4681
   58:  3729  4676  4677
   59:  3996  4604  4641
   60:  4050  4708  4712
   61:  4133  5444  5579
   62:  4158  4518  4572
   63:  4280  5365  5393
   64:  4286  4712  5247
   65:  4312  4681  4687
   66:  4315  4572  4597
   67:  4329  4641  4646
   68:  4332  5262  5363
   69:  4799  5579  6125
   70:  4835  5393  5444
   71:  4880  6420  6442
   72:  4908  6453  6528
   73:  5010  6284  6303
   74:  5141  6129  6272
   75:  5203  5247  5262
   76:  5272  5363  5365
   77:  5305  6442  6453
   78:  5624  7324  7333
   79:  5632  7393  7429
   80:  5687  7096  7101
   81:  5892  6125  6129
   82:  5906  7333  7393
   83:  5943  7256  7279
   84:  5974  7102  7106
   85:  6090  6272  6284
   86:  6150  7143  7256
   87:  6221  6303  6420
   88:  6239  7106  7143
   89:  6309  7429  7459
   90:  6314  7291  7324
   91:  6349  6756  6822
   92:  6388  6528  6756
   93:  6451  7101  7102
   94:  6631  6822  6822
   95:  6678  7028  7068
   96:  6684  7068  7096
   97:  6705  6822  6989
   98:  6743  6996  7028
   99:  6888  8729  8730
  100:  6910  8488  8519
  101:  6941  6989  6996
  102:  6957  7279  7291
  103:  7051  7978  8488
  104:  7179  8668  8695
  105:  7252  8819  8930
  106:  7263  7459  7719
  107:  7302  8816  8819
  108:  7457  8730  8740
  109:  7574  8488  8488
  110:  7597  7719  7796
  111:  7671  8563  8612
  112:  7690  8770  8816
  113:  7705  8548  8563
  114:  7737  7796  7978
  115:  7777  8519  8548
  116:  7850  8695  8702
  117:  7859  8740  8756
  118:  8131  8756  8770
  119:  8165  8702  8729
  120:  8232  8930  8931
  121:  8347  8612  8668
  122:  8373  9658  9734
  123:  8444  9734  9757
  124:  8845  8931  9518
  125:  8940  9620  9658
  126:  9014  9518  9577
  127:  9228 10517 10635
  128:  9247  9757  9797
  129:  9296  9797 10247
  130:  9309 10635 10682
  131:  9324 10400 10463
  132:  9407  9577  9620
  133:  9478 10288 10313
  134:  9489 10695 10762
  135:  9532 10313 10400
  136:  9824 11473 11525
  137:  9870 11457 11473
  138:  9910 11632 11670
  139:  9953 11288 11337
  140: 10002 11537 11584
  141: 10086 11630 11632
  142: 10139 10247 10288
  143: 10413 10463 10517
  144: 10516 11238 11288
  145: 10544 10682 10695
  146: 10578 10762 11238
  147: 10671 11679 11712
  148: 10797 11337 11421
  149: 10882 12589 12701
  150: 10909 11599 11630
  151: 10995 11421 11457
  152: 11026 11584 11599
  153: 11088 12490 12502
  154: 11107 11712 11739
  155: 11120 12454 12458
  156: 11134 12588 12589
  157: 11265 12373 12431
  158: 11311 12547 12548
  159: 11352 11525 11537
  160: 11374 12467 12490
  161: 11384 12372 12373
  162: 11405 12548 12588
  163: 11486 11670 11679
  164: 11499 11739 12073
  165: 11500 12081 12225
  166: 11546 12431 12454
  167: 11655 12522 12547
  168: 11800 12073 12081
  169: 11860 13662 13711
  170: 11891 12459 12467
  171: 12009 12225 12262
  172: 12071 12262 12368
  173: 12087 13711 13768
  174: 12128 12369 12372
  175: 12148 12431 12431
  176: 12182 13318 13327
  177: 12209 12368 12369
  178: 12226 12701 12719
  179: 12313 13071 13318
  180: 12341 12458 12459
  181: 12484 12502 12522
  182: 12524 12719 13071
  183: 12588 13494 13517
  184: 12821 13640 13662
  185: 12854 13378 13494
  186: 12997 13600 13640
  187: 13123 13327 13378
  188: 13234 13768 13778
  189: 13277 13517 13595
  190: 13353 14445 14449
  191: 13513 13778 13783
  192: 13516 13595 13600
  193: 13591 13783 14020
  194: 13604 14020 14096
  195: 13676 14245 14255
  196: 13678 14229 14245
  197: 13700 14096 14229
  198: 13707 14593 14607
  199: 13806 15890 15894
  200: 14058 15840 15850
  201: 14090 14560 14590
  202: 14111 15726 15780
  203: 14130 15906 15921
  204: 14144 14255 14445
  205: 14162 14590 14593
  206: 14194 15780 15840
  207: 14327 15536 15553
  208: 14353 15336 15470
  209: 14429 14449 14560
  210: 14451 14710 14924
  211: 14581 14607 14710
  212: 14598 15589 15663
  213: 14728 15894 15906
  214: 14729 14924 14995
  215: 14737 15663 15721
  216: 14865 15553 15589
  217: 14901 15868 15890
  218: 14936 14995 15304
  219: 15033 15304 15336
  220: 15069 15850 15868
  221: 15159 15721 15726
  222: 15206 16693 16897
  223: 15291 15840 15840
  224: 15337 15470 15475
  225: 15370 15475 15536
  226: 15395 15850 15850
  227: 15465 16371 16471
  228: 15652 16471 16547
  229: 15718 16621 16691
  230: 15797 16547 16593
  231: 15798 16323 16371
  232: 15801 15921 16300
  233: 15857 16300 16323
  234: 16114 17654 17661
  235: 16115 17446 17542
  236: 16144 16593 16621
  237: 16207 16691 16693
  238: 16302 17661 17662
  239: 16473 17712 17731
  240: 16568 17642 17654
  241: 16634 17834 17901
  242: 16666 17662 17712
  243: 16732 17551 17642
  244: 16874 17731 17741
  245: 16878 16897 17394
  246: 17029 17833 17834
  247: 17302 18775 18884
  248: 17351 17394 17396
  249: 17382 17396 17446
  250: 17486 17542 17551
  251: 17607 17741 17833
  252: 17613 17901 18263
  253: 17769 18741 18775
  254: 17842 18691 18741
  255: 18180 18275 18315
  256: 18182 18315 18548
  257: 18215 18263 18275
  258: 18328 18884 18913
  259: 18408 18548 18598
  260: 18417 18598 18691
  261: 18427 18913 18952
  262: 18548 19816 19830
  263: 18720 19630 19651
  264: 18789 19692 19696
  265: 18888 18952 19578
  266: 18957 20207 20262
  267: 19000 20328 20412
  268: 19181 19578 19622
  269: 19232 20262 20262
  270: 19238 19913 20207
  271: 19399 19772 19816
  272: 19403 19651 19692
  273: 19455 20431 20567
  274: 19470 19696 19772
  275: 19517 19622 19630
  276: 19679 20262 20328
  277: 19704 20412 20413
  278: 19796 19830 19913
  279: 20065 20899 21096
  280: 20106 20413 20431
  281: 20189 21494 21534
  282: 20209 21428 21453
  283: 20303 21378 21409
  284: 20344 21165 21337
  285: 20432 20833 20899
  286: 20520 20567 20833
  287: 20594 22308 22528
  288: 20722 21409 21428
  289: 20790 21534 21555
  290: 20816 21453 21494
  291: 20844 21345 21378
  292: 20927 22035 22161
  293: 21082 21096 21165
  294: 21199 22568 22618
  295: 21288 21337 21345
  296: 21348 21555 21914
  297: 21369 22528 22568
  298: 21417 22706 22739
  299: 21642 22663 22674
  300: 21656 22161 22201
  301: 21695 22618 22643
  302: 21713 23662 23666
  303: 21786 23666 23667
  304: 21800 23341 23484
  305: 21803 21920 22035
  306: 21829 21914 21920
  307: 21910 22739 22740
  308: 22160 22201 22308
  309: 22192 22528 22528
  310: 22228 23505 23662
  311: 22502 22674 22706
  312: 22541 23484 23484
  313: 22638 22643 22663
  314: 22653 22740 23028
  315: 22770 23327 23341
  316: 22799 23484 23505
  317: 22819 23077 23166
  318: 22840 24562 24588
  319: 22905 23166 23286
  320: 22911 23028 23077
  321: 23082 23286 23327
  322: 23447 24104 24187
  323: 23479 24614 24681
  324: 23486 24313 24324
  325: 23579 23667 24104
  326: 23680 24187 24313
  327: 23719 25376 25482
  328: 23899 25495 25497
  329: 23902 25536 25538
  330: 24030 24378 24562
  331: 24077 25486 25495
  332: 24080 24324 24329
  333: 24166 25255 25353
  334: 24228 25353 25371
  335: 24319 24329 24378
  336: 24489 24681 25033
  337: 24491 24588 24614
  338: 24504 25079 25255
  339: 24644 25371 25376
  340: 24650 25033 25079
  341: 24750 26414 26597
  342: 24771 25483 25486
  343: 25058 25482 25483
  344: 25083 25538 25613
  345: 25104 25497 25526
  346: 25252 26277 26334
  347: 25273 26666 26676
  348: 25314 26676 26713
  349: 25329 26713 26763
  350: 25346 26611 26666
  351: 25422 25526 25536
  352: 25473 25613 26264
  353: 25820 26275 26277
  354: 25824 26597 26611
  355: 26017 26763 27614
  356: 26054 26264 26275
  357: 26295 26334 26414
  358: 26421 26713 26713
  359: 26539 27614 27645
  360: 26786 27645 27704
  361: 26804 28477 28481
  362: 26913 28027 28129
  363: 27009 27704 27846
  364: 27048 28562 28568
  365: 27062 28231 28271
  366: 27183 28473 28477
  367: 27277 27846 27957
  368: 27328 28348 28363
  369: 27574 28209 28210
  370: 27632 28526 28544
  371: 27719 28568 28594
  372: 27779 28271 28307
  373: 27843 27957 28023
  374: 27909 28023 28027
  375: 27957 28129 28209
  376: 27997 28307 28348
  377: 28032 29316 29346
  378: 28045 29418 29429
  379: 28080 28211 28231
  380: 28081 28210 28211
  381: 28096 28363 28473
  382: 28131 28544 28562
  383: 28140 28481 28526
  384: 28210 29429 29452
  385: 28251 29346 29377
  386: 28506 29377 29418
  387: 28513 28594 29013
  388: 28621 32588 32601
  389: 28783 29173 29178
  390: 28785 29075 29173
  391: 28962 29013 29075
  392: 28965 29178 29249
  393: 29042 29249 29316
  394: 29078 29452 29513
  395: 29194 29873 29892
  396: 29257 32879 32912
  397: 29275 32861 32879
  398: 29436 29513 29826
  399: 29563 29892 29991
  400: 29602 30111 30248
  401: 29680 29826 29873
  402: 29712 32651 32675
  403: 29882 30296 30370
  404: 29921 32694 32715
  405: 29968 29991 30038
  406: 29979 30038 30111
  407: 30156 30248 30296
  408: 30236 30597 30950
  409: 30275 30370 30444
  410: 30337 30541 30597
  411: 30380 30461 30541
  412: 30394 32536 32588
  413: 30400 30444 30461
  414: 30723 32768 32836
  415: 30784 31004 31102
  416: 30795 31102 31291
  417: 30907 30950 31004
  418: 31133 32601 32605
  419: 31204 31416 31695
  420: 31249 31291 31416
  421: 31374 32499 32528
  422: 31420 32605 32651
  423: 31536 31863 31938
  424: 31559 31695 31863
  425: 31572 32715 32768
  426: 31609 32528 32536
  427: 31888 32178 32499
  428: 31910 31938 31995
  429: 31983 31995 32178
  430: 32235 33987 34018
  431: 32312 34018 34093
  432: 32349 33628 33783
  433: 32418 33857 33858
  434: 32425 33918 33985
  435: 32516 33270 33518
  436: 32542 33518 33546
  437: 32553 32675 32694
  438: 32573 32836 32861
  439: 32732 33549 33559
  440: 32741 34146 34158
  441: 32772 33546 33549
  442: 32850 33870 33885
  443: 32856 32912 32986
  444: 32891 32986 33184
  445: 32903 33783 33857
  446: 33069 33184 33270
  447: 33114 33898 33918
  448: 33131 34116 34146
  449: 33204 33885 33898
  450: 33227 33858 33870
  451: 33368 33559 33628
  452: 33509 35084 35107
  453: 33539 34093 34116
  454: 33727 33985 33987
  455: 33793 34158 34159
  456: 33815 35021 35047
  457: 33875 34867 35021
  458: 33896 34742 34753
  459: 34020 34159 34742
  460: 34051 35047 35078
  461: 34312 36793 36832
  462: 34417 36626 36646
  463: 34471 35078 35084
  464: 34519 36891 36923
  465: 34542 34774 34867
  466: 34590 36938 36948
  467: 34619 36725 36743
  468: 34627 34753 34774
  469: 34666 37038 37039
  470: 34820 35107 35116
  471: 34825 36923 36936
  472: 35024 35269 35488
  473: 35026 36881 36891
  474: 35049 35116 35269
  475: 35170 35488 35507
  476: 35293 35660 35761
  477: 35432 35507 35553
  478: 35448 36646 36705
  479: 35504 35553 35660
  480: 35557 35761 35790
  481: 35597 35846 36085
  482: 35785 35790 35846
  483: 35812 36972 37038
  484: 35850 36085 36350
  485: 35854 36743 36793
  486: 35948 36936 36938
  487: 35987 36350 36420
  488: 36092 36594 36626
  489: 36222 37039 37047
  490: 36247 36420 36443
  491: 36321 36948 36972
  492: 36358 36480 36594
  493: 36438 36443 36480
  494: 36573 36832 36881
  495: 36595 36705 36725
  496: 36918 37660 37704
  497: 36947 38256 38283
  498: 36987 37047 37660
  499: 37192 37935 38199
  500: 37224 38283 38370
  501: 37231 39283 39295
  502: 37240 37852 37879
  503: 37334 38199 38256
  504: 37549 37704 37843
  505: 37721 38370 39132
  506: 37734 37843 37852
  507: 37763 37879 37935
  508: 38076 39192 39218
  509: 38212 39182 39192
  510: 38250 39132 39182
  511: 38262 39223 39283
  512: 38315 39295 39299
  513: 38367 39218 39223
  514: 38946 39299 39558
  515: 38996 40657 40696
  516: 39036 40221 40244
  517: 39045 40498 40607
  518: 39069 40696 40698
  519: 39220 40489 40498
  520: 39389 39558 39783
  521: 39673 40095 40110
  522: 39714 40110 40221
  523: 39755 39783 40095
  524: 39840 41940 41953
  525: 39905 42066 42135
  526: 39949 40351 40425
  527: 39962 40616 40657
  528: 40084 40244 40351
  529: 40091 40425 40489
  530: 40436 40698 41108
  531: 40555 41799 41809
  532: 40566 40607 40616
  533: 40596 41798 41799
  534: 40775 42008 42019
  535: 40794 41292 41416
  536: 40820 41958 42008
  537: 40839 41239 41247
  538: 40942 41108 41179
  539: 40952 41416 41790
  540: 41144 41179 41239
  541: 41198 41809 41848
  542: 41243 41247 41292
  543: 41272 41953 41958
  544: 41303 41790 41798
  545: 41308 41848 41884
  546: 41457 42998 43077
  547: 41469 43077 43107
  548: 41475 42745 42903
  549: 41561 41917 41940
  550: 41684 42572 42672
  551: 41748 42135 42202
  552: 41842 41884 41917
  553: 41950 42202 42558
  554: 41993 42019 42025
  555: 42019 42025 42066
  556: 42111 42903 42998
  557: 42181 42558 42572
  558: 42561 43131 43203
  559: 42660 42672 42745
  560: 42868 44101 44166
  561: 42909 43107 43131
  562: 43035 43482 43662
  563: 43099 43203 43226
  564: 43110 43770 43974
  565: 43124 43226 43283
  566: 43227 43283 43482
  567: 43489 43743 43770
  568: 43493 45175 45196
  569: 43629 43662 43743
  570: 43827 43974 44101
  571: 43905 45093 45098
  572: 44026 44168 44358
  573: 44027 45220 45257
  574: 44037 45196 45220
  575: 44054 44166 44168
  576: 44186 44736 45093
  577: 44338 45098 45105
  578: 44355 44358 44546
  579: 44413 44556 44659
  580: 44504 45105 45175
  581: 44531 44546 44556
  582: 44578 44659 44736
  583: 44767 45724 45778
  584: 44873 48241 48257
  585: 45083 45257 45354
  586: 45164 45381 45724
  587: 45253 45354 45381
  588: 45322 45778 45809
  589: 45325 45871 45939
  590: 45416 48120 48156
  591: 45431 45939 45965
  592: 45749 46873 46874
  593: 45807 45809 45871
  594: 45842 46886 46934
  595: 45853 48178 48184
  596: 45869 46434 46631
  597: 45930 45965 46105
  598: 45983 48184 48193
  599: 46032 46156 46310
  600: 46039 46105 46156
  601: 46052 46719 46798
  602: 46200 46631 46719
  603: 46269 46310 46393
  604: 46367 46934 47007
  605: 46371 46874 46886
  606: 46383 46393 46434
  607: 46517 47032 47033
  608: 46726 47604 47763
  609: 46760 46798 46873
  610: 46798 47516 47569
  611: 46800 47007 47032
  612: 46801 47033 47516
  613: 46853 48156 48178
  614: 47307 48977 49019
  615: 47322 47569 47604
  616: 47537 49176 49192
  617: 47578 49019 49046
  618: 47652 48193 48241
  619: 47665 47806 47860
  620: 47683 47886 48064
  621: 47696 48257 48855
  622: 47699 48064 48120
  623: 47759 47763 47806
  624: 47814 47860 47886
  625: 47906 49192 49222
  626: 47947 48855 48943
  627: 48363 49046 49176
  628: 48380 51689 51694
  629: 48582 49222 49228
  630: 48607 49401 49859
  631: 48807 51500 51550
  632: 48921 48943 48977
  633: 49072 49228 49401
  634: 49242 51550 51557
  635: 49368 51643 51669
  636: 49411 50470 50482
  637: 49509 49911 49984
  638: 49519 51458 51500
  639: 49635 50130 50153
  640: 49718 49984 50000
  641: 49792 51683 51689
  642: 49808 50000 50130
  643: 49810 49859 49911
  644: 49905 50153 50467
  645: 49942 51743 51783
  646: 49970 51323 51458
  647: 49990 51681 51683
  648: 49994 51670 51681
  649: 50180 50467 50470
  650: 50210 50716 50724
  651: 50216 50645 50683
  652: 50307 50622 50645
  653: 50328 50482 50622
  654: 50335 51694 51743
  655: 50384 50683 50687
  656: 50442 51669 51670
  657: 50592 50687 50716
  658: 50693 50724 50889
  659: 50705 51241 51323
  660: 50853 50889 51241
  661: 50899 51583 51604
  662: 51052 52422 52486
  663: 51077 52663 52718
  664: 51200 51557 51583
  665: 51370 51604 51643
  666: 51574 52740 52758
  667: 51758 51783 52421
  668: 51873 54505 54515
  669: 51921 52599 52663
  670: 51938 52718 52740
  671: 52016 52527 52534
  672: 52021 52758 53220
  673: 52071 52534 52599
  674: 52110 52421 52422
  675: 52134 54375 54412
  676: 52149 52521 52527
  677: 52194 54581 54628
  678: 52238 52486 52521
  679: 52592 54412 54427
  680: 52803 53581 53595
  681: 52841 53399 53581
  682: 52990 53695 54370
  683: 53044 53220 53356
  684: 53093 53641 53695
  685: 53149 53356 53399
  686: 53368 54427 54505
  687: 53412 54628 54664
  688: 53500 53595 53641
  689: 53635 54568 54581
  690: 53699 54515 54568
  691: 53734 55380 55403
  692: 53881 55449 55472
  693: 54006 54370 54375
  694: 54068 55403 55449
  695: 54130 54664 55151
  696: 54218 55540 55608
  697: 54253 55151 55201
  698: 54277 55475 55540
  699: 54294 55403 55403
  700: 54455 55331 55380
  701: 54500 55472 55475
  702: 54683 55540 55540
  703: 54825 55201 55251
  704: 54958 55308 55331
  705: 55050 55621 56193
  706: 55171 57706 57765
  707: 55184 55251 55308
  708: 55364 55608 55621
  709: 55631 56347 56348
  710: 55744 56348 56409
  711: 56042 56235 56347
  712: 56094 56193 56235
  713: 56096 56409 56650
  714: 56118 57567 57611
  715: 56175 57655 57706
  716: 56442 56650 56860
  717: 56709 56860 56962
  718: 56870 56962 57026
  719: 56920 57026 57134
  720: 56973 57611 57647
  721: 56982 57134 57536
  722: 57006 57536 57567
  723: 57281 57647 57655
  724: 57303 58654 58719
  725: 57385 57765 57810
  726: 57434 58409 58422
  727: 57487 58719 58757
  728: 57545 58422 58534
  729: 57568 58534 58551
  730: 57594 58101 58183
  731: 57698 57977 58057
  732: 57734 58183 58409
  733: 57747 57810 57977
  734: 57757 58551 58654
  735: 57850 58057 58101
  736: 58411 59621 59717
  737: 58481 58757 59462
  738: 58973 60342 60518
  739: 59030 60639 60660
  740: 59077 60222 60288
  741: 59118 59585 59621
  742: 59124 60104 60127
  743: 59134 60336 60342
  744: 59148 59829 60093
  745: 59187 60127 60186
  746: 59312 59548 59585
  747: 59417 59462 59548
  748: 59535 60636 60639
  749: 59573 60576 60636
  750: 59695 59717 59803
  751: 59716 60518 60520
  752: 59726 60520 60576
  753: 59732 59803 59826
  754: 59814 60288 60336
  755: 59820 59826 59829
  756: 59836 60186 60222
  757: 59858 61616 61637
  758: 60047 60093 60104
  759: 60225 61743 61824
  760: 60342 61596 61604
  761: 60404 60660 61004
  762: 60451 61563 61596
  763: 60569 61637 61655
  764: 60590 61708 61724
  765: 60605 61841 61867
  766: 60632 61479 61484
  767: 60777 61383 61479
  768: 60803 62755 62758
  769: 60866 62761 62777
  770: 60927 61004 61052
  771: 60934 61052 61160
  772: 60946 61484 61563
  773: 60948 61824 61841
  774: 61050 62758 62761
  775: 61064 61190 61383
  776: 61086 61160 61182
  777: 61096 61182 61190
  778: 61100 62720 62748
  779: 61450 61604 61616
  780: 61459 61724 61743
  781: 61491 61867 62245
  782: 61561 61655 61708
  783: 61711 62664 62720
  784: 61723 62245 62254
  785: 61872 62527 62529
  786: 61878 62777 62777
  787: 61925 63508 63547
  788: 61953 62308 62324
  789: 61982 63714 63733
  790: 62027 62254 62308
  791: 62094 62324 62527
  792: 62113 62529 62545
  793: 62156 63494 63508
  794: 62236 62245 62245
  795: 62302 62545 62600
  796: 62371 62748 62755
  797: 62388 63547 63579
  798: 62399 63641 63713
  799: 62408 63477 63494
  800: 62462 62777 62797
  801: 62531 62758 62758
  802: 62580 62600 62664
  803: 62602 62797 62804
  804: 62615 63157 63477
  805: 62658 62804 63132
  806: 62835 63622 63641
  807: 62997 63132 63157
  808: 63063 63579 63622
  809: 63089 63733 63774
  810: 63194 63713 63714
  811: 63266 64385 64450
  812: 63291 64450 64590
  813: 63428 63895 64124
  814: 63652 63774 63895
  815: 63813 64629 64765
  816: 63825 64124 64243
  817: 63979 64259 64385
  818: 64009 65631 65650
  819: 64080 64243 64259
  820: 64123 65683 65721
  821: 64136 65394 65429
  822: 64153 65721 65730
  823: 64459 64590 64629
  824: 64477 65429 65500
  825: 64602 64765 64806
  826: 64634 65271 65345
  827: 64716 64806 65132
  828: 64739 65133 65271
  829: 64757 65132 65133
  830: 64927 65580 65630
  831: 65045 65356 65394
  832: 65046 65349 65356
  833: 65140 65630 65631
  834: 65142 65500 65558
  835: 65208 65682 65683
  836: 65243 68202 68255
  837: 65269 65345 65349
  838: 65458 65650 65682
  839: 65535 65558 65580
  840: 65713 65730 66300
  841: 65773 66748 66989
  842: 65797 67120 67131
  843: 65867 66300 66471
  844: 65884 66471 66506
  845: 65926 67131 67221
  846: 66190 66997 67103
  847: 66240 68299 68308
  848: 66318 67103 67120
  849: 66328 66605 66643
  850: 66370 66519 66605
  851: 66483 66506 66519
  852: 66564 67245 67247
  853: 66584 66643 66748
  854: 66598 68199 68202
  855: 66711 67221 67245
  856: 66763 66989 66997
  857: 66804 68060 68102
  858: 66860 67247 67298
  859: 66923 67667 68060
  860: 67067 67298 67324
  861: 67209 68102 68144
  862: 67228 67324 67660
  863: 67354 68144 68199
  864: 67414 68255 68269
  865: 67476 68269 68299
  866: 67560 67660 67667
  867: 67677 68925 69043
  868: 67719 69335 69350
  869: 67906 68652 68689
  870: 68089 68528 68600
  871: 68177 68738 68884
  872: 68179 69228 69262
  873: 68195 68689 68738
  874: 68207 68308 68528
  875: 68233 69373 69375
  876: 68344 69145 69228
  877: 68477 69350 69373
  878: 68528 68600 68652
  879: 68691 69262 69335
  880: 68758 68884 68925
  881: 68759 69043 69108
  882: 68880 70177 70187
  883: 68950 69108 69145
  884: 69090 69740 69896
  885: 69228 70128 70129
  886: 69246 69896 69906
  887: 69260 69375 69622
  888: 69339 69622 69740
  889: 69464 70129 70174
  890: 69475 71055 71083
  891: 69598 70250 70283
  892: 69621 69906 70009
  893: 69809 70009 70128
  894: 69834 70174 70177
  895: 69955 70199 70250
  896: 69977 70187 70199
  897: 69989 71083 71131
  898: 70066 70128 70128
  899: 70092 70690 70705
  900: 70116 70866 71055
  901: 70137 70283 70690
  902: 70221 70705 70774
  903: 70327 70774 70866
  904: 70444 71613 71714
  905: 70454 73162 73200
  906: 70539 73204 73211
  907: 70677 73214 73217
  908: 70741 73023 73032
  909: 70832 73098 73132
  910: 70894 71131 71574
  911: 70995 73032 73098
  912: 71025 73132 73162
  913: 71191 73217 73252
  914: 71269 72087 72093
  915: 71316 73200 73204
  916: 71346 72975 72992
  917: 71389 72251 72277
  918: 71400 71835 72087
  919: 71430 73204 73204
  920: 71538 71574 71613
  921: 71686 71714 71835
  922: 71725 72887 72975
  923: 71762 73252 73258
  924: 71809 72093 72184
  925: 71950 72184 72251
  926: 72020 72277 72861
  927: 72167 73211 73214
  928: 72216 72992 73023
  929: 72409 74025 74119
  930: 72623 73843 73849
  931: 72628 73941 73978
  932: 72637 73258 73741
  933: 72661 73978 73991
  934: 72751 72861 72887
  935: 72767 73752 73778
  936: 72773 74131 74195
  937: 72958 73741 73752
  938: 73065 73922 73941
  939: 73114 73991 74025
  940: 73153 73852 73922
  941: 73175 74195 74234
  942: 73364 74119 74131
  943: 73606 73778 73843
  944: 73760 76006 76038
  945: 73817 75958 75969
  946: 73841 75384 75752
  947: 73848 73849 73852
  948: 73856 74234 74586
  949: 73936 75824 75958
  950: 74258 75969 76006
  951: 74281 74767 74884
  952: 74461 74586 74767
  953: 74523 75752 75824
  954: 74574 74884 74910
  955: 74745 76040 76062
  956: 74780 74910 75022
  957: 74975 75022 75160
  958: 74999 76038 76040
  959: 75088 75160 75304
  960: 75199 75304 75384
  961: 75455 77908 77911
  962: 75588 77851 77908
  963: 75633 76062 76088
  964: 75674 77808 77851
  965: 75775 76145 76610
  966: 76033 77915 77951
  967: 76082 76088 76145
  968: 76098 77911 77915
  969: 76157 76734 76898
  970: 76164 76610 76645
  971: 76234 76661 76668
  972: 76303 76725 76734
  973: 76412 76903 77081
  974: 76453 76645 76661
  975: 76455 77761 77768
  976: 76544 77951 77962
  977: 76565 76684 76725
  978: 76569 76898 76903
  979: 76615 76668 76684
  980: 76743 77748 77761
  981: 76916 77081 77177
  982: 76934 77544 77579
  983: 77016 77433 77544
  984: 77059 77729 77748
  985: 77068 77231 77433
  986: 77150 77177 77231
  987: 77173 77579 77694
  988: 77283 77768 77808
  989: 77372 77694 77729
  990: 77388 78999 79041
  991: 77590 77768 77768
  992: 77601 78590 78609
  993: 77623 78985 78999
  994: 77816 78635 78895
  995: 77899 77962 78088
  996: 77977 78609 78609
  997: 78009 78088 78183
  998: 78019 78895 78918
  999: 78066 78183 78494
 1000: 78233 79938 79942
 1001: 78307 79930 79938
 1002: 78332 79041 79047
 1003: 78445 78494 78590
 1004: 78512 79537 79930
 1005: 78587 78609 78635
 1006: 78808 78918 78981
 1007: 78882 79484 79537
 1008: 78889 79427 79464
 1009: 78919 78981 78985
 1010: 78931 79464 79484
 1011: 78980 79047 79332
 1012: 79104 79366 79427
 1013: 79205 79332 79366
 1014: 79542 79942 80026
 1015: 79590 80039 80931
 1016: 79597 80026 80039
 1017: 80291 81539 81540
 1018: 80796 80931 81144
 1019: 80927 81213 81331
 1020: 81045 81441 81462
 1021: 81051 81144 81182
 1022: 81077 81182 81213
 1023: 81089 81462 81539
 1024: 81105 81331 81441
 1025: 81123 81540 81578
 1026: 81339 81578 81938
 1027: 81578 81943 81997
 1028: 81596 81938 81943
 1029: 81626 82150 82845
 1030: 81742 81997 82050
 1031: 81759 82050 82129
 1032: 81938 82845 82853
 1033: 81961 82129 82150
 1034: 82269 82960 82961
 1035: 82320 83534 83642
 1036: 82381 83347 83444
 1037: 82435 83674 83716
 1038: 82460 83444 83534
 1039: 82480 83321 83347
 1040: 82492 83250 83321
 1041: 82623 82871 82960
 1042: 82636 83642 83651
 1043: 82779 83139 83250
 1044: 82829 82853 82871
 1045: 82897 82961 83139
 1046: 83281 83651 83667
 1047: 83294 83716 83767
 1048: 83336 83667 83674
 1049: 83688 84181 84282
 1050: 83715 83851 84041
 1051: 83721 83767 83781
 1052: 83746 83781 83828
 1053: 83760 83828 83851
 1054: 83774 84041 84148
 1055: 83782 84148 84181
 1056: 83832 84772 84806
 1057: 83949 84384 84737
 1058: 83953 84806 84838
 1059: 84061 84752 84768
 1060: 84172 84871 84976
 1061: 84192 84282 84331
 1062: 84208 84838 84871
 1063: 84273 84331 84384
 1064: 84500 85419 85513
 1065: 84512 84737 84752
 1066: 84543 84768 84772
 1067: 84555 85513 85571
 1068: 84569 84976 85268
 1069: 84635 85268 85287
 1070: 84985 85571 85640
 1071: 85268 85287 85419
 1072: 85447 85640 85706
 1073: 85552 85706 85907
 1074: 85767 86821 86844
 1075: 85785 86120 86158
 1076: 85846 86846 86909
 1077: 85872 85907 86120
 1078: 85940 86237 86318
 1079: 85976 86402 86814
 1080: 86021 86814 86821
 1081: 86145 86158 86237
 1082: 86259 86318 86401
 1083: 86300 86401 86402
 1084: 86325 88481 88495
 1085: 86352 88228 88233
 1086: 86447 88211 88226
 1087: 86554 87080 87146
 1088: 86558 86844 86846
 1089: 86626 87382 87515
 1090: 86628 87253 87330
 1091: 86722 86909 87049
 1092: 86745 88500 88505
 1093: 86777 87330 87382
 1094: 86940 87146 87253
 1095: 86980 88123 88175
 1096: 87004 88233 88288
 1097: 87014 88441 88451
 1098: 87029 87049 87080
 1099: 87030 87996 88038
 1100: 87095 88175 88179
 1101: 87200 88210 88211
 1102: 87272 87983 87996
 1103: 87473 87515 87837
 1104: 87475 87902 87983
 1105: 87559 88438 88441
 1106: 87590 88038 88123
 1107: 87672 87837 87902
 1108: 87710 88495 88496
 1109: 87758 88226 88228
 1110: 87863 89324 89389
 1111: 87936 88451 88481
 1112: 87945 89095 89256
 1113: 87952 88179 88210
 1114: 87981 88374 88395
 1115: 88094 89389 89402
 1116: 88139 88924 89033
 1117: 88156 88425 88438
 1118: 88160 88288 88374
 1119: 88264 88395 88425
 1120: 88347 88505 88924
 1121: 88360 88496 88500
 1122: 88487 89256 89324
 1123: 88560 90081 90235
 1124: 88699 90339 90349
 1125: 88751 89033 89095
 1126: 89145 90322 90326
 1127: 89219 90326 90339
 1128: 89380 89402 89582
 1129: 89420 90235 90244
 1130: 89559 90244 90256
 1131: 89567 89582 90009
 1132: 89665 90009 90031
 1133: 89700 91151 91168
 1134: 89746 90326 90326
 1135: 89901 90256 90322
 1136: 89961 90363 90417
 1137: 89972 90031 90081
 1138: 90120 91090 91151
 1139: 90186 90417 91090
 1140: 90339 90349 90363
 1141: 90366 91241 91249
 1142: 90384 91262 91320
 1143: 90673 92416 92429
 1144: 90754 92110 92132
 1145: 90781 91609 91994
 1146: 90848 92056 92110
 1147: 90970 92132 92205
 1148: 91070 92330 92348
 1149: 91078 92205 92330
 1150: 91105 91320 91365
 1151: 91134 91168 91241
 1152: 91135 92035 92056
 1153: 91154 91249 91262
 1154: 91174 91365 91532
 1155: 91240 92410 92416
 1156: 91415 91532 91609
 1157: 91702 92348 92410
 1158: 91834 95481 95500
 1159: 91852 92007 92035
 1160: 91884 91994 92007
 1161: 92099 95471 95481
 1162: 92222 92584 92597
 1163: 92306 95514 95528
 1164: 92341 95406 95417
 1165: 92366 92597 92688
 1166: 92382 92429 92481
 1167: 92417 95199 95215
 1168: 92452 92481 92584
 1169: 92635 92688 92850
 1170: 92772 92850 93020
 1171: 92779 95244 95275
 1172: 92797 93020 93556
 1173: 93040 93594 93685
 1174: 93044 93694 93822
 1175: 93273 93936 94137
 1176: 93295 95425 95434
 1177: 93442 93556 93594
 1178: 93504 95333 95389
 1179: 93675 93685 93694
 1180: 93686 93875 93936
 1181: 93763 93822 93847
 1182: 93837 93847 93875
 1183: 93919 95417 95425
 1184: 93938 95389 95406
 1185: 94034 94137 94337
 1186: 94280 94567 94997
 1187: 94302 94372 94412
 1188: 94303 94337 94372
 1189: 94373 94412 94520
 1190: 94430 94997 95107
 1191: 94440 95275 95333
 1192: 94485 95528 95529
 1193: 94513 94520 94567
 1194: 94647 97215 97363
 1195: 94694 95500 95514
 1196: 94741 97437 97465
 1197: 94763 97465 97479
 1198: 94804 95434 95471
 1199: 95093 95107 95199
 1200: 95210 95215 95244
 1201: 95391 95529 95761
 1202: 95403 97402 97405
 1203: 95606 97385 97402
 1204: 95643 96436 96458
 1205: 95664 95761 95930
 1206: 95672 97153 97205
 1207: 95765 96409 96436
 1208: 95798 97518 97547
 1209: 95865 97363 97385
 1210: 95885 97479 97517
 1211: 95898 95930 96146
 1212: 95911 97088 97153
 1213: 96032 96221 96409
 1214: 96064 96146 96221
 1215: 96085 97412 97433
 1216: 96134 97405 97412
 1217: 96304 96458 96553
 1218: 96334 96698 96744
 1219: 96459 96553 96635
 1220: 96494 97517 97518
 1221: 96571 96929 97088
 1222: 96612 97205 97215
 1223: 96616 96635 96698
 1224: 96652 96744 96929
 1225: 96930 97923 98147
 1226: 97021 97433 97437
 1227: 97051 98497 98512
 1228: 97112 97437 97437
 1229: 97159 98512 98550
 1230: 97349 98191 98326
 1231: 97353 97734 97923
 1232: 97513 98550 98591
 1233: 97516 97547 97734
 1234: 97630 98342 98497
 1235: 97839 99375 99511
 1236: 98025 98147 98191
 1237: 98103 98591 99199
 1238: 98320 98326 98342
 1239: 98330 99199 99210
 1240: 98362 99517 99566
 1241: 98605 99566 99616
 1242: 98625 99274 99375
 1243: 98823 100332 100365
 1244: 98865 99233 99274
 1245: 98959 99210 99233
 1246: 98968 100271 100332
 1247: 99075 100539 100560
 1248: 99171 100365 100366
 1249: 99189 99964 100067
 1250: 99270 99511 99517
 1251: 99352 100067 100141
 1252: 99452 99616 99877
 1253: 99646 100141 100245
 1254: 99647 102219 102251
 1255: 99648 99917 99931
 1256: 99661 100485 100539
 1257: 99702 99931 99964
 1258: 99726 99877 99917
 1259: 99743 100245 100271
 1260: 99848 100431 100485
 1261: 99853 100388 100431
 1262: 99942 100366 100388
 1263: 100095 101669 101828
 1264: 100170 102208 102219
 1265: 100365 101979 102008
 1266: 100385 100579 100966
 1267: 100542 100560 100579
 1268: 100721 101100 101175
 1269: 100803 101175 101302
 1270: 100948 100966 101055
 1271: 100974 102251 102288
 1272: 101055 101055 101100
 1273: 101096 101302 101310
 1274: 101102 101533 101618
 1275: 101180 101310 101411
 1276: 101240 101411 101533
 1277: 101332 102008 102055
 1278: 101390 101653 101669
 1279: 101472 102055 102130
 1280: 101554 101618 101653
 1281: 101601 103183 103193
 1282: 101616 101857 101955
 1283: 101779 102169 102208
 1284: 101791 102767 102838
 1285: 101793 102288 102296
 1286: 101813 101955 101979
 1287: 101815 103176 103183
 1288: 101819 101828 101857
 1289: 101953 102130 102169
 1290: 101959 102296 102767
 1291: 102232 102839 102919
 1292: 102248 102919 102968
 1293: 102408 103005 103025
 1294: 102430 102838 102839
 1295: 102613 103193 103212
 1296: 102624 103686 103753
 1297: 102757 103753 103804
 1298: 102856 102968 103005
 1299: 102898 103025 103176
 1300: 102921 103634 103680
 1301: 103092 103213 103634
 1302: 103207 103212 103213
 1303: 103245 104339 104510
 1304: 103280 103804 103905
 1305: 103562 103680 103686
 1306: 103656 104582 104621
 1307: 103662 104567 104582
 1308: 103737 104621 104640
 1309: 103815 104510 104563
 1310: 103870 103905 104233
 1311: 103997 104320 104339
 1312: 104220 104233 104320
 1313: 104306 105301 105333
 1314: 104349 104640 105035
 1315: 104425 104563 104567
 1316: 104473 105472 105556
 1317: 104558 105293 105301
 1318: 104617 105081 105179
 1319: 104728 106311 106576
 1320: 104779 105446 105472
 1321: 104830 105226 105252
 1322: 104858 105259 105293
 1323: 104864 105333 105416
 1324: 104868 106712 106769
 1325: 104991 105035 105081
 1326: 105108 105179 105226
 1327: 105171 105252 105259
 1328: 105220 105416 105446
 1329: 105345 106681 106712
 1330: 105477 105556 105862
 1331: 105602 105906 106098
 1332: 105670 105889 105906
 1333: 105761 106769 107601
 1334: 105762 105862 105889
 1335: 105955 106215 106311
 1336: 106047 106098 106215
 1337: 106301 107779 107804
 1338: 106433 107758 107779
 1339: 106460 106610 106681
 1340: 106461 107710 107712
 1341: 106513 106576 106610
 1342: 106580 107712 107751
 1343: 106602 107751 107755
 1344: 106632 107755 107758
 1345: 106970 107601 107620
 1346: 107025 108685 108689
 1347: 107071 107643 107710
 1348: 107097 107620 107626
 1349: 107119 107804 108096
 1350: 107197 107626 107643
 1351: 107330 108096 108135
 1352: 107399 108590 108685
 1353: 107434 108175 108215
 1354: 107574 108562 108573
 1355: 107603 108747 108757
 1356: 107724 108689 108714
 1357: 107810 108135 108175
 1358: 107985 108799 108831
 1359: 108032 109489 109540
 1360: 108033 108215 108236
 1361: 108070 108236 108316
 1362: 108092 108714 108747
 1363: 108171 108316 108336
 1364: 108173 108757 108799
 1365: 108326 108389 108562
 1366: 108333 108573 108590
 1367: 108335 108336 108389
 1368: 108374 109561 109638
 1369: 108406 109638 109681
 1370: 108452 109540 109555
 1371: 108622 109484 109489
 1372: 108799 109376 109484
 1373: 108814 108831 108925
 1374: 108920 108925 109351
 1375: 109069 109555 109561
 1376: 109198 109351 109376
 1377: 109245 110423 110554
 1378: 109249 109681 109747
 1379: 109341 110822 111010
 1380: 109513 109747 110104
 1381: 109517 110349 110370
 1382: 109557 110622 110638
 1383: 109565 110686 110695
 1384: 109740 110128 110222
 1385: 109926 110104 110128
 1386: 110010 110638 110686
 1387: 110088 110222 110349
 1388: 110096 110695 110710
 1389: 110138 110710 110736
 1390: 110160 111876 111898
 1391: 110166 112083 112112
 1392: 110255 110370 110423
 1393: 110363 110554 110622
 1394: 110427 111498 111500
 1395: 110521 111010 111498
 1396: 110668 110736 110822
 1397: 110674 111898 111921
 1398: 110732 111921 112008
 1399: 110739 111520 111529
 1400: 110816 112112 112182
 1401: 110939 111867 111876
 1402: 111070 111500 111520
 1403: 111243 113064 113123
 1404: 111269 111790 111861
 1405: 111388 111529 111639
 1406: 111462 112983 113064
 1407: 111538 111861 111867
 1408: 111579 111639 111790
 1409: 111585 112182 112193
 1410: 111744 112932 112983
 1411: 111793 112873 112932
 1412: 111856 112583 112752
 1413: 111857 112082 112083
 1414: 111960 112008 112082
 1415: 112021 112557 112583
 1416: 112031 112193 112557
 1417: 112124 113123 113145
 1418: 112253 112770 112804
 1419: 112416 116745 116759
 1420: 112637 112804 112873
 1421: 112720 112752 112770
 1422: 112781 113176 113848
 1423: 112959 113145 113171
 1424: 113054 113171 113176
 1425: 113359 114133 114135
 1426: 113471 113975 113998
 1427: 113502 113848 113882
 1428: 113503 113882 113892
 1429: 113549 114225 114308
 1430: 113596 116844 116857
 1431: 113609 113998 114133
 1432: 113645 114308 114413
 1433: 113705 116617 116667
 1434: 113755 113892 113974
 1435: 113784 113974 113975
 1436: 113793 114507 114533
 1437: 113794 114177 114213
 1438: 113822 114413 114462
 1439: 113902 116805 116844
 1440: 114085 114135 114177
 1441: 114159 114213 114225
 1442: 114167 114462 114507
 1443: 114169 116667 116745
 1444: 114199 114879 115333
 1445: 114374 114629 114729
 1446: 114428 116759 116805
 1447: 114466 114533 114629
 1448: 114689 114729 114879
 1449: 114697 115391 115422
 1450: 114734 115422 115428
 1451: 114894 115333 115349
 1452: 114936 115899 115949
 1453: 114952 115789 115792
 1454: 115084 115792 115899
 1455: 115196 115758 115789
 1456: 115247 115428 115455
 1457: 115289 115455 115647
 1458: 115324 115349 115391
 1459: 115422 115647 115758
 1460: 115685 116220 116240
 1461: 115739 116374 116388
 1462: 115830 115949 115961
 1463: 115867 115961 116220
 1464: 116018 116240 116374
 1465: 116025 116505 116617
 1466: 116232 117804 117818
 1467: 116343 116388 116505
 1468: 116503 117746 117804
 1469: 116512 117527 117550
 1470: 116639 117726 117732
 1471: 116684 116857 117152
 1472: 116710 117578 117726
 1473: 116894 117484 117521
 1474: 116927 117169 117484
 1475: 116964 117152 117169
 1476: 116988 117732 117746
 1477: 117115 117818 117825
 1478: 117244 118596 118699
 1479: 117321 117521 117527
 1480: 117413 117550 117578
 1481: 117633 118137 118258
 1482: 117728 117825 118091
 1483: 117729 118258 118303
 1484: 117815 118699 118774
 1485: 117843 118303 118399
 1486: 117844 118103 118137
 1487: 117971 118561 118580
 1488: 118050 118091 118103
 1489: 118051 118399 118526
 1490: 118089 118533 118559
 1491: 118169 118580 118596
 1492: 118182 118258 118258
 1493: 118192 118526 118533
 1494: 118217 119578 119675
 1495: 118223 118774 118880
 1496: 118333 119532 119578
 1497: 118435 119277 119342
 1498: 118536 118559 118561
 1499: 118550 119675 119728
 1500: 118630 119494 119532
 1501: 118803 119119 119277
 1502: 118854 118945 119081
 1503: 118860 119081 119082
 1504: 118880 118880 118945
 1505: 118950 119452 119494
 1506: 118993 119082 119119
 1507: 119222 119342 119452
 1508: 119404 122063 122075
 1509: 119666 119728 120403
 1510: 119845 122089 122112
 1511: 119864 120784 120880
 1512: 119975 121164 121177
 1513: 119988 120685 120720
 1514: 120017 120497 120545
 1515: 120054 121177 121182
 1516: 120055 120403 120497
 1517: 120093 120720 120722
 1518: 120148 120559 120685
 1519: 120251 120880 120964
 1520: 120315 120545 120558
 1521: 120353 122112 122149
 1522: 120425 120558 120559
 1523: 120495 120722 120736
 1524: 120538 120736 120784
 1525: 120637 121755 121810
 1526: 120711 120964 121164
 1527: 120713 121182 121755
 1528: 120919 121905 121965
 1529: 121112 121862 121905
 1530: 121170 121841 121845
 1531: 121190 122702 122730
 1532: 121260 122730 122808
 1533: 121266 121965 122027
 1534: 121275 123124 123129
 1535: 121444 122808 122866
 1536: 121459 121845 121862
 1537: 121551 123093 123105
 1538: 121631 121810 121841
 1539: 121662 122027 122063
 1540: 121836 122075 122089
 1541: 121880 122631 122702
 1542: 121882 122149 122615
 1543: 122093 123167 123271
 1544: 122177 123155 123165
 1545: 122196 124017 124028
 1546: 122210 122615 122631
 1547: 122321 123079 123093
 1548: 122329 123129 123155
 1549: 122525 123271 124017
 1550: 122611 123105 123124
 1551: 122802 123165 123167
 1552: 122811 122866 122932
 1553: 122894 122932 123079
 1554: 123121 124214 124231
 1555: 123278 125079 125081
 1556: 123284 124541 124553
 1557: 123320 124028 124124
 1558: 123442 124553 124555
 1559: 123448 124696 124707
 1560: 123464 124234 124541
 1561: 123552 124555 124600
 1562: 123664 124600 124696
 1563: 123677 125081 125107
 1564: 123706 124124 124149
 1565: 123714 124231 124234
 1566: 123899 124203 124214
 1567: 124054 124149 124203
 1568: 124134 124707 124772
 1569: 124261 124772 124837
 1570: 124321 124866 124921
 1571: 124367 124837 124866
 1572: 124368 125071 125079
 1573: 124474 125030 125054
 1574: 124488 125054 125071
 1575: 124515 124600 124600
 1576: 124528 125164 126099
 1577: 124631 125139 125164
 1578: 124678 125107 125139
 1579: 124805 124921 125022
 1580: 124997 125022 125030
 1581: 125188 126995 127047
 1582: 125272 127047 127057
 1583: 125342 126315 126320
 1584: 125454 126214 126315
 1585: 125567 126516 126569
 1586: 125653 126418 126516
 1587: 125704 126569 126632
 1588: 125718 126320 126418
 1589: 125812 126099 126117
 1590: 125886 126117 126186
 1591: 125900 126632 126727
 1592: 126035 126186 126214
 1593: 126043 126774 126846
 1594: 126248 126955 126995
 1595: 126353 126846 126955
 1596: 126443 126727 126774
 1597: 126567 127635 127638
 1598: 126643 127057 127600
 1599: 126712 127600 127601
 1600: 126787 127601 127635
 1601: 126951 127638 127697
 1602: 127072 127635 127635
 1603: 127217 129509 129532
 1604: 127308 127697 127949
 1605: 127785 127949 128189
 1606: 127866 128290 128343
 1607: 128113 128834 129013
 1608: 128139 128343 128456
 1609: 128160 128189 128290
 1610: 128408 128456 128518
 1611: 128415 129201 129219
 1612: 128500 129405 129454
 1613: 128503 128518 128834
 1614: 128531 129158 129201
 1615: 128630 129454 129509
 1616: 128632 129013 129138
 1617: 128656 129374 129386
 1618: 128666 129350 129364
 1619: 128758 129219 129257
 1620: 128881 130949 130953
 1621: 128914 129532 129540
 1622: 129062 130634 130664
 1623: 129067 130789 130884
 1624: 129120 130953 130960
 1625: 129129 129138 129158
 1626: 129219 129257 129350
 1627: 129271 129646 129781
 1628: 129280 129364 129374
 1629: 129317 129386 129405
 1630: 129428 130465 130525
 1631: 129476 130935 130948
 1632: 129497 130373 130465
 1633: 129511 130889 130935
 1634: 129526 129540 129646
 1635: 129678 130707 130712
 1636: 129698 129981 130081
 1637: 129718 130884 130889
 1638: 129728 130613 130634
 1639: 129746 129781 129876
 1640: 129777 130598 130613
 1641: 129798 130948 130949
 1642: 129808 129876 129981
 1643: 129925 130664 130702
 1644: 129988 130712 130764
 1645: 129995 130525 130598
 1646: 130064 130081 130368
 1647: 130101 131805 131842
 1648: 130104 130368 130373
 1649: 130288 130702 130707
 1650: 130333 131762 131771
 1651: 130380 131663 131684
 1652: 130456 131684 131700
 1653: 130577 131759 131762
 1654: 130578 130960 130976
 1655: 130619 130992 131358
 1656: 130651 131469 131663
 1657: 130691 131419 131469
 1658: 130733 130764 130789
 1659: 130829 130976 130992
 1660: 130865 131771 131805
 1661: 130897 131864 131979
 1662: 130933 131700 131734
 1663: 131072 131358 131419
 1664: 131100 131734 131747
 1665: 131182 131747 131759
 1666: 131240 133042 133043
 1667: 131287 132926 133005
 1668: 131430 132858 132916
 1669: 131657 131842 131864
 1670: 131682 132793 132809
 1671: 131703 132436 132459
 1672: 131706 132201 132436
 1673: 131715 132459 132619
 1674: 131867 131979 132127
 1675: 131916 132916 132926
 1676: 131996 132127 132137
 1677: 132017 133092 133142
 1678: 132081 133051 133092
 1679: 132128 132137 132201
 1680: 132269 133005 133042
 1681: 132351 132662 132793
 1682: 132375 133048 133051
 1683: 132438 133043 133048
 1684: 132476 132619 132662
 1685: 132563 134543 134556
 1686: 132585 132809 132858
 1687: 132802 134556 134579
 1688: 132846 133387 133524
 1689: 132961 133145 133387
 1690: 133137 133142 133145
 1691: 133353 134374 134398
 1692: 133378 134601 134647
 1693: 133406 133524 133565
 1694: 133452 133565 133736
 1695: 133471 133736 134125
 1696: 133628 134125 134147
 1697: 133789 135625 135633
 1698: 133804 135619 135625
 1699: 133843 134215 134374
 1700: 133845 135546 135547
 1701: 133915 135317 135357
 1702: 133956 134147 134215
 1703: 133973 134398 134527
 1704: 134258 134647 134652
 1705: 134270 134527 134543
 1706: 134272 135532 135546
 1707: 134344 135199 135317
 1708: 134350 134579 134596
 1709: 134442 135077 135101
 1710: 134453 134596 134601
 1711: 134464 135616 135619
 1712: 134526 135568 135616
 1713: 134528 134652 134889
 1714: 134531 135101 135199
 1715: 134578 135567 135568
 1716: 134636 135547 135567
 1717: 134669 136545 136586
 1718: 134743 135051 135077
 1719: 134875 134889 135035
 1720: 134936 136586 136605
 1721: 134986 135035 135051
 1722: 134992 135512 135532
 1723: 135180 135450 135481
 1724: 135183 135977 136251
 1725: 135274 135357 135450
 1726: 135337 136251 136472
 1727: 135355 135481 135512
 1728: 135511 135633 135876
 1729: 135674 136472 136545
 1730: 135763 135876 135977
 1731: 136248 137267 137348
 1732: 136290 137103 137227
 1733: 136307 137493 137526
 1734: 136502 137526 137555
 1735: 136585 136605 137103
 1736: 136586 137394 137426
 1737: 136592 137426 137493
 1738: 136615 138485 138519
 1739: 136637 137227 137267
 1740: 136710 138419 138485
 1741: 136764 137375 137394
 1742: 136889 138252 138255
 1743: 136918 138207 138211
 1744: 137237 137348 137375
 1745: 137307 138132 138207
 1746: 137369 137555 138132
 1747: 137561 138519 138520
 1748: 137824 139356 139395
 1749: 137828 138255 138419
 1750: 137841 138211 138252
 1751: 137876 139342 139347
 1752: 138042 138996 139064
 1753: 138065 139347 139356
 1754: 138110 138922 138996
 1755: 138159 139395 139442
 1756: 138209 138520 138522
 1757: 138232 139195 139222
 1758: 138330 138522 138922
 1759: 138665 140144 140155
 1760: 138790 138922 138922
 1761: 138828 139086 139143
 1762: 138845 139143 139195
 1763: 138880 139222 139342
 1764: 138925 139064 139086
 1765: 138930 139997 140049
 1766: 138943 139064 139064
 1767: 139058 139452 139464
 1768: 139243 139464 139466
 1769: 139261 139466 139781
 1770: 139326 140049 140144
 1771: 139370 139442 139452
 1772: 139462 140155 140160
 1773: 139496 139794 139876
 1774: 139525 139781 139794
 1775: 139537 141048 141081
 1776: 139774 139876 139997
 1777: 139827 141030 141048
 1778: 139990 140160 140326
 1779: 140022 140840 140876
 1780: 140051 140725 140791
 1781: 140277 140326 140725
 1782: 140437 141620 141695
 1783: 140496 141740 141754
 1784: 140614 141695 141727
 1785: 140627 140791 140840
 1786: 140675 141522 141574
 1787: 140719 140876 141030
 1788: 140750 141770 141771
 1789: 140823 141602 141620
 1790: 140837 141727 141740
 1791: 140956 141081 141086
 1792: 140987 141186 141268
 1793: 141013 141086 141186
 1794: 141029 141574 141602
 1795: 141092 141477 141483
 1796: 141097 141268 141477
 1797: 141098 141873 141908
 1798: 141120 141483 141522
 1799: 141223 143564 143802
 1800: 141253 141830 141873
 1801: 141294 141754 141770
 1802: 141351 141771 141830
 1803: 141885 141908 141985
 1804: 141972 141985 142235
 1805: 142029 142235 142470
 1806: 142068 142579 142994
 1807: 142408 142470 142579
 1808: 142486 142994 143043
 1809: 142781 144859 144896
 1810: 142982 143147 143306
 1811: 143017 143900 144050
 1812: 143022 143043 143147
 1813: 143250 143306 143527
 1814: 143484 144613 144749
 1815: 143520 143527 143564
 1816: 143592 144817 144859
 1817: 143600 143885 143900
 1818: 143686 143802 143853
 1819: 143688 144268 144419
 1820: 143785 144596 144613
 1821: 143804 143853 143885
 1822: 143977 144050 144268
 1823: 144140 144536 144596
 1824: 144192 144910 144916
 1825: 144229 144440 144486
 1826: 144269 144758 144817
 1827: 144312 144486 144536
 1828: 144325 144419 144440
 1829: 144451 145641 145668
 1830: 144458 145545 145586
 1831: 144497 144749 144758
 1832: 144550 144896 144910
 1833: 144637 144916 145166
 1834: 144800 145719 145722
 1835: 144831 145330 145331
 1836: 144856 145273 145301
 1837: 144888 145166 145273
 1838: 144922 146515 146561
 1839: 144923 145500 145545
 1840: 144949 145301 145330
 1841: 145028 145698 145719
 1842: 145195 145627 145641
 1843: 145213 145331 145500
 1844: 145451 145920 146000
 1845: 145486 145586 145627
 1846: 145588 145668 145698
 1847: 145601 145722 145920
 1848: 145821 146495 146515
 1849: 145977 146000 146495
 1850: 146161 147852 147902
 1851: 146186 147917 147919
 1852: 146277 146876 146976
 1853: 146371 148046 148049
 1854: 146429 146631 146869
 1855: 146457 146495 146495
 1856: 146472 146561 146631
 1857: 146643 148042 148046
 1858: 146652 147965 148003
 1859: 146685 148052 148053
 1860: 146731 146869 146876
 1861: 146750 147902 147917
 1862: 146880 147231 147734
 1863: 146927 146976 147109
 1864: 146948 147734 147781
 1865: 147018 147919 147965
 1866: 147080 147109 147231
 1867: 147114 147781 147852
 1868: 147171 148003 148042
 1869: 147203 148049 148052
 1870: 147329 148731 148792
 1871: 147508 148116 148123
 1872: 147583 148926 148934
 1873: 147589 148814 148876
 1874: 147788 148516 148572
 1875: 147917 148123 148513
 1876: 147932 148057 148076
 1877: 148000 148076 148116
 1878: 148043 148053 148057
 1879: 148157 148792 148814
 1880: 148196 148513 148516
 1881: 148337 149032 149107
 1882: 148361 150979 151008
 1883: 148382 148934 148944
 1884: 148408 148572 148731
 1885: 148574 151104 151109
 1886: 148597 148876 148926
 1887: 148606 148944 149032
 1888: 148676 151008 151025
 1889: 148755 150637 150686
 1890: 148832 150696 150747
 1891: 149030 149107 149260
 1892: 149086 150686 150694
 1893: 149222 149260 149401
 1894: 149290 149401 149750
 1895: 149369 151134 151212
 1896: 149421 150004 150122
 1897: 149446 149811 149849
 1898: 149467 151109 151114
 1899: 149468 149849 149981
 1900: 149478 151025 151104
 1901: 149598 150917 150976
 1902: 149599 150747 150817
 1903: 149643 149750 149811
 1904: 149858 151124 151134
 1905: 149870 149981 150004
 1906: 150056 150414 150540
 1907: 150094 150122 150359
 1908: 150172 151212 151222
 1909: 150207 150817 150917
 1910: 150243 150391 150414
 1911: 150327 150694 150696
 1912: 150348 150359 150391
 1913: 150406 151114 151124
 1914: 150521 150540 150548
 1915: 150539 150548 150637
 1916: 150730 150976 150979
 1917: 151105 151222 151589
 1918: 151299 153335 153350
 1919: 151344 152090 152146
 1920: 151468 151589 151595
 1921: 151576 152001 152014
 1922: 151586 151595 151636
 1923: 151604 151636 151724
 1924: 151699 151724 152001
 1925: 151863 152893 152944
 1926: 151882 152955 152977
 1927: 151886 152877 152893
 1928: 151918 152977 153016
 1929: 151983 152014 152090
 1930: 152007 153130 153213
 1931: 152103 152146 152266
 1932: 152106 153111 153130
 1933: 152169 153365 153382
 1934: 152248 152266 152440
 1935: 152251 152440 152877
 1936: 152289 153213 153228
 1937: 152374 152944 152944
 1938: 152393 153250 153305
 1939: 152395 153350 153365
 1940: 152404 153305 153335
 1941: 152453 153944 154001
 1942: 152503 152944 152955
 1943: 152636 153228 153250
 1944: 152647 153937 153940
 1945: 152923 153902 153926
 1946: 152940 153016 153111
 1947: 153013 154074 154095
 1948: 153053 154138 154155
 1949: 153072 154215 154281
 1950: 153091 154028 154074
 1951: 153148 153591 153726
 1952: 153155 154125 154138
 1953: 153167 154001 154028
 1954: 153175 154155 154160
 1955: 153199 154095 154125
 1956: 153208 153382 153591
 1957: 153272 153726 153750
 1958: 153299 153940 153944
 1959: 153342 153850 153902
 1960: 153470 153926 153937
 1961: 153625 154281 154321
 1962: 153634 153838 153850
 1963: 153659 153750 153822
 1964: 153748 153822 153838
 1965: 153816 155650 155689
 1966: 153933 154160 154215
 1967: 153992 155639 155650
 1968: 154024 154876 155034
 1969: 154041 154588 154785
 1970: 154211 154785 154813
 1971: 154297 154321 154340
 1972: 154318 154340 154588
 1973: 154389 154813 154876
 1974: 154471 156539 156559
 1975: 154910 155159 155253
 1976: 154957 155571 155639
 1977: 155011 155034 155159
 1978: 155046 155477 155571
 1979: 155054 156502 156539
 1980: 155082 155253 155477
 1981: 155471 156467 156502
 1982: 155611 155689 156069
 1983: 155985 156410 156415
 1984: 156006 156069 156410
 1985: 156085 156415 156467
 1986: 156171 156796 156843
 1987: 156183 157379 157522
 1988: 156251 157313 157362
 1989: 156299 156559 156770
 1990: 156428 156897 156981
 1991: 156532 156774 156796
 1992: 156563 156770 156774
 1993: 156715 157086 157313
 1994: 156720 157522 157572
 1995: 156837 156843 156897
 1996: 156924 157362 157379
 1997: 156976 156981 157043
 1998: 157005 157043 157086
 1999: 157104 157944 157974
 2000: 157192 158284 158366
 2001: 157288 158366 158374
 2002: 157384 157572 157673
 2003: 157411 158419 158433
 2004: 157489 157673 157765
 2005: 157554 158184 158284
 2006: 157576 158374 158419
 2007: 157682 157923 157944
 2008: 157751 157765 157923
 2009: 157780 157974 158072
 2010: 157850 158518 158634
 2011: 157855 158433 158454
 2012: 158032 158072 158181
 2013: 158167 158454 158518
 2014: 158171 158181 158184
 2015: 158296 159464 159531
 2016: 158531 159308 159312
 2017: 158541 159421 159457
 2018: 158581 158975 159220
 2019: 158585 158634 158744
 2020: 158651 159220 159308
 2021: 158701 159696 159697
 2022: 158726 158744 158875
 2023: 158781 159647 159696
 2024: 158822 158875 158975
 2025: 158878 159312 159322
 2026: 158901 159531 159604
 2027: 158946 159604 159607
 2028: 159027 159457 159464
 2029: 159192 160448 160546
 2030: 159244 159322 159421
 2031: 159259 160730 160744
 2032: 159372 159607 159647
 2033: 159416 160546 160557
 2034: 159570 160215 160269
 2035: 159615 160313 160322
 2036: 159618 159717 159760
 2037: 159653 160322 160448
 2038: 159656 159697 159717
 2039: 159677 160276 160313
 2040: 159684 159760 159924
 2041: 159717 160018 160097
 2042: 159763 160557 160586
 2043: 159786 160607 160629
 2044: 159792 160269 160276
 2045: 159870 159924 159975
 2046: 159958 159975 160018
 2047: 160011 160135 160215
 2048: 160021 161470 161472
 2049: 160064 160097 160135
 2050: 160079 161584 161849
 2051: 160165 160629 160654
 2052: 160188 160744 160761
 2053: 160201 160586 160607
 2054: 160224 160890 161376
 2055: 160247 160672 160730
 2056: 160324 161376 161377
 2057: 160404 160654 160672
 2058: 160535 161866 161881
 2059: 160557 161862 161866
 2060: 160599 161849 161862
 2061: 160675 160761 160866
 2062: 160742 160866 160890
 2063: 160829 161377 161470
 2064: 160986 162872 162945
 2065: 161020 162953 163010
 2066: 161021 163010 163011
 2067: 161036 162597 162652
 2068: 161041 162581 162592
 2069: 161087 162592 162597
 2070: 161398 161472 161478
 2071: 161435 161478 161584
 2072: 161469 163011 163018
 2073: 161569 162851 162872
 2074: 161853 161881 161949
 2075: 161861 161949 162536
 2076: 162035 163762 163780
 2077: 162091 163503 163527
 2078: 162261 162715 162851
 2079: 162280 163780 163805
 2080: 162311 163560 163627
 2081: 162445 162536 162581
 2082: 162524 163018 163050
 2083: 162603 163751 163762
 2084: 162637 162945 162953
 2085: 162643 162652 162715
 2086: 162786 163050 163503
 2087: 163095 164303 164479
 2088: 163150 163648 163751
 2089: 163190 163527 163532
 2090: 163284 163532 163560
 2091: 163463 163627 163648
 2092: 163487 163805 164141
 2093: 163496 164479 164526
 2094: 163576 164141 164242
 2095: 163801 164686 164701
 2096: 164004 165380 165485
 2097: 164037 165260 165290
 2098: 164159 164527 164686
 2099: 164187 164526 164527
 2100: 164197 164242 164303
 2101: 164253 165652 165685
 2102: 164406 165134 165213
 2103: 164423 164701 165095
 2104: 164442 165302 165327
 2105: 164611 165601 165649
 2106: 164623 165485 165505
 2107: 164685 165111 165134
 2108: 164705 165327 165380
 2109: 164775 165561 165601
 2110: 164776 165213 165260
 2111: 164948 165649 165652
 2112: 164979 166402 166407
 2113: 165037 166407 166522
 2114: 165061 165552 165561
 2115: 165090 165095 165111
 2116: 165112 165505 165552
 2117: 165149 166533 166562
 2118: 165182 165298 165302
 2119: 165237 165290 165298
 2120: 165256 166244 166249
 2121: 165315 166249 166287
 2122: 165334 166562 166579
 2123: 165461 165860 166203
 2124: 165578 166203 166244
 2125: 165612 165685 165860
 2126: 165929 166369 166402
 2127: 166036 166287 166340
 2128: 166092 166340 166369
 2129: 166140 167644 167653
 2130: 166153 167563 167644
 2131: 166171 166249 166249
 2132: 166249 167397 167458
 2133: 166308 166629 166676
 2134: 166326 166579 166617
 2135: 166397 166676 167103
 2136: 166448 166522 166533
 2137: 166578 167486 167563
 2138: 166601 167477 167486
 2139: 166616 166617 166629
 2140: 166621 167195 167397
 2141: 166774 168658 168670
 2142: 166902 167458 167477
 2143: 166938 167103 167195
 2144: 167140 167653 167705
 2145: 167152 168584 168629
 2146: 167233 168302 168346
 2147: 167287 168355 168412
 2148: 167636 168629 168658
 2149: 167665 168421 168518
 2150: 167676 167705 167784
 2151: 167754 167784 168089
 2152: 167761 168184 168251
 2153: 167793 168346 168355
 2154: 167802 168106 168184
 2155: 167844 168518 168542
 2156: 167851 168412 168421
 2157: 167871 169536 169581
 2158: 168075 168089 168106
 2159: 168097 169522 169536
 2160: 168145 168251 168302
 2161: 168389 168542 168584
 2162: 168509 168670 169093
 2163: 168553 169447 169458
 2164: 168611 169350 169447
 2165: 168998 169339 169350
 2166: 169092 169093 169258
 2167: 169120 169458 169484
 2168: 169129 169284 169339
 2169: 169144 170262 170271
 2170: 169161 169258 169284
 2171: 169200 170168 170197
 2172: 169387 169811 169849
 2173: 169405 169484 169522
 2174: 169427 169849 170015
 2175: 169522 169581 169753
 2176: 169694 169753 169811
 2177: 169852 171734 171755
 2178: 169864 170018 170168
 2179: 169914 171756 171758
 2180: 169922 170015 170018
 2181: 169958 171873 171883
 2182: 169967 171755 171756
 2183: 170044 170197 170262
 2184: 170078 171883 171883
 2185: 170125 170271 170623
 2186: 170168 171916 171933
 2187: 170329 170799 170844
 2188: 170384 170844 171105
 2189: 170401 171832 171840
 2190: 170465 171986 171990
 2191: 170520 170623 170727
 2192: 170591 170727 170799
 2193: 170605 171778 171832
 2194: 170704 171637 171719
 2195: 170752 171883 171901
 2196: 170763 171901 171916
 2197: 170846 171105 171273
 2198: 170907 171273 171319
 2199: 170959 171933 171986
 2200: 170970 172011 172028
 2201: 171023 171426 171637
 2202: 171164 171319 171401
 2203: 171375 171401 171426
 2204: 171425 172811 172956
 2205: 171437 173025 173073
 2206: 171443 171719 171734
 2207: 171502 171758 171759
 2208: 171508 171759 171778
 2209: 171556 171840 171873
 2210: 171592 171990 172011
 2211: 171673 172564 172582
 2212: 171799 172737 172777
 2213: 171917 172710 172737
 2214: 171994 172804 172811
 2215: 172021 172028 172215
 2216: 172044 172215 172244
 2217: 172078 172973 173025
 2218: 172095 172792 172804
 2219: 172145 172244 172357
 2220: 172191 172383 172469
 2221: 172301 172469 172564
 2222: 172329 172777 172792
 2223: 172350 172687 172710
 2224: 172352 172357 172383
 2225: 172370 172582 172687
 2226: 172455 174504 174506
 2227: 172678 173624 174115
 2228: 172695 174291 174372
 2229: 172846 174396 174483
 2230: 172849 172956 172973
 2231: 172925 173073 173315
 2232: 173234 173436 173624
 2233: 173276 173315 173436
 2234: 173303 174506 174546
 2235: 173469 174372 174396
 2236: 173530 174206 174291
 2237: 173558 174483 174504
 2238: 173850 174119 174190
 2239: 173874 175496 175549
 2240: 173899 174115 174119
 2241: 173942 174547 174598
 2242: 173976 175173 175178
 2243: 174022 174190 174206
 2244: 174032 175184 175236
 2245: 174074 175374 175392
 2246: 174126 175474 175496
 2247: 174176 175023 175081
 2248: 174181 174546 174547
 2249: 174265 175178 175184
 2250: 174400 174987 174998
 2251: 174412 175165 175173
 2252: 174431 175081 175103
 2253: 174454 175254 175356
 2254: 174455 175009 175023
 2255: 174474 175236 175254
 2256: 174476 174821 174897
 2257: 174500 175155 175165
 2258: 174504 174598 174821
 2259: 174798 175356 175374
 2260: 174804 175103 175155
 2261: 174838 174897 174987
 2262: 174887 176364 176401
 2263: 174892 174998 175009
 2264: 175003 176197 176289
 2265: 175217 176089 176141
 2266: 175245 175392 175474
 2267: 175304 175549 176089
 2268: 175328 176289 176302
 2269: 175393 176302 176364
 2270: 175725 176401 176442
 2271: 175869 176141 176190
 2272: 175883 177115 177141
 2273: 175978 176459 176471
 2274: 175998 176442 176458
 2275: 176076 177111 177115
 2276: 176142 177141 177264
 2277: 176153 176190 176197
 2278: 176241 176458 176459
 2279: 176278 176687 176763
 2280: 176333 176471 176687
 2281: 176430 176774 176867
 2282: 176452 176920 177111
 2283: 176574 177264 177384
 2284: 176727 176763 176774
 2285: 176836 176867 176920
 2286: 176917 178251 178319
 2287: 177016 177384 177752
 2288: 177172 178319 178342
 2289: 177198 178124 178251
 2290: 177270 177866 177948
 2291: 177317 178105 178124
 2292: 177411 179183 179195
 2293: 177455 177948 178002
 2294: 177509 179218 179233
 2295: 177521 179073 179088
 2296: 177645 178002 178057
 2297: 177694 179217 179218
 2298: 177744 177752 177866
 2299: 177997 179195 179198
 2300: 178048 178057 178105
 2301: 178115 179088 179154
 2302: 178201 178775 178986
 2303: 178259 178478 178756
 2304: 178285 178409 178478
 2305: 178328 178342 178395
 2306: 178368 178395 178409
 2307: 178451 179154 179183
 2308: 178452 179195 179195
 2309: 178559 178756 178775
 2310: 178575 180403 180513
 2311: 178683 179292 179306
 2312: 178752 178986 179067
 2313: 178760 179198 179217
 2314: 178861 179233 179244
 2315: 178878 179067 179073
 2316: 179000 180311 180399
 2317: 179038 179781 179785
 2318: 179048 180513 180535
 2319: 179051 179709 179728
 2320: 179163 179728 179781
 2321: 179195 179381 179488
 2322: 179231 179244 179292
 2323: 179259 179488 179709
 2324: 179270 179306 179381
 2325: 179493 179925 179933
 2326: 179586 179785 179925
 2327: 179655 180537 180555
 2328: 179699 180114 180296
 2329: 179789 179933 180114
 2330: 179971 180535 180537
 2331: 180000 180296 180311
 2332: 180031 180399 180403
 2333: 180172 181843 181895
 2334: 180315 181895 181899
 2335: 180319 181838 181843
 2336: 180392 181922 181930
 2337: 180487 180555 180867
 2338: 180549 181930 182045
 2339: 180665 180867 180868
 2340: 180671 182045 182051
 2341: 180749 180868 181014
 2342: 180796 181899 181922
 2343: 180901 181014 181141
 2344: 181136 181141 181605
 2345: 181179 182878 182882
 2346: 181217 182755 182776
 2347: 181283 182751 182755
 2348: 181346 181605 181629
 2349: 181347 181629 181638
 2350: 181440 182051 182095
 2351: 181547 181695 181838
 2352: 181577 181638 181695
 2353: 181907 182889 182910
 2354: 181978 182776 182788
 2355: 182037 182095 182709
 2356: 182211 183559 183611
 2357: 182261 183425 183433
 2358: 182306 183547 183559
 2359: 182332 182910 183398
 2360: 182424 182709 182751
 2361: 182448 183611 183699
 2362: 182500 182788 182878
 2363: 182642 183699 183733
 2364: 182668 182882 182889
 2365: 182720 183789 183795
 2366: 182959 183519 183547
 2367: 182991 183467 183519
 2368: 183092 183450 183467
 2369: 183107 183433 183450
 2370: 183116 184473 184516
 2371: 183120 183737 183789
 2372: 183319 184288 184330
 2373: 183356 183398 183425
 2374: 183475 184369 184473
 2375: 183592 183795 184286
 2376: 183633 183733 183737
 2377: 183703 184650 184714
 2378: 183908 185792 185799
 2379: 183928 185799 185923
 2380: 183980 186012 186013
 2381: 184006 184516 184550
 2382: 184075 184330 184369
 2383: 184128 184714 184725
 2384: 184239 184601 184650
 2385: 184243 184286 184288
 2386: 184434 186161 186185
 2387: 184476 185782 185792
 2388: 184523 184550 184601
 2389: 184546 186054 186101
 2390: 184616 184725 184899
 2391: 184682 184983 185155
 2392: 184717 185426 185741
 2393: 184788 184899 184974
 2394: 184844 184974 184983
 2395: 184859 186226 186229
 2396: 184867 185757 185782
 2397: 184987 185155 185178
 2398: 184992 185923 185952
 2399: 185069 185178 185312
 2400: 185083 185178 185178
 2401: 185114 186101 186161
 2402: 185227 185312 185370
 2403: 185290 185952 186012
 2404: 185358 185370 185426
 2405: 185397 186013 186054
 2406: 185466 189944 189957
 2407: 185630 189943 189944
 2408: 185684 185741 185757
 2409: 185816 186185 186216
 2410: 185849 186229 186252
 2411: 185855 186607 186701
 2412: 185905 189797 189836
 2413: 185918 186718 186797
 2414: 185933 189746 189765
 2415: 185970 186533 186607
 2416: 186023 186797 186978
 2417: 186069 186355 186533
 2418: 186123 186216 186226
 2419: 186181 186252 186355
 2420: 186334 189897 189908
 2421: 186362 186710 186718
 2422: 186584 187528 187659
 2423: 186630 186701 186710
 2424: 186723 187348 187477
 2425: 186776 187659 187797
 2426: 186802 187058 187123
 2427: 186858 189735 189746
 2428: 186905 186978 187023
 2429: 186936 187023 187058
 2430: 186987 189676 189693
 2431: 186988 187823 187860
 2432: 187035 187123 187228
 2433: 187061 189911 189943
 2434: 187116 189765 189797
 2435: 187123 187228 187322
 2436: 187239 187322 187348
 2437: 187390 189693 189695
 2438: 187463 187477 187516
 2439: 187480 187516 187528
 2440: 187551 189675 189676
 2441: 187590 189836 189874
 2442: 187617 189890 189897
 2443: 187707 189706 189735
 2444: 187781 187797 187823
 2445: 187823 187860 187980
 2446: 187936 188101 188304
 2447: 187946 187980 188101
 2448: 188153 188310 188334
 2449: 188172 188304 188310
 2450: 188195 188334 188437
 2451: 188336 188437 188709
 2452: 188439 189649 189675
 2453: 188558 189237 189332
 2454: 188561 188709 188767
 2455: 188654 189615 189620
 2456: 188748 188767 188889
 2457: 188812 188889 188985
 2458: 188816 189193 189237
 2459: 188937 189620 189649
 2460: 188966 188985 189193
 2461: 189093 190846 190892
 2462: 189179 189908 189911
 2463: 189211 189541 189581
 2464: 189247 189332 189541
 2465: 189253 189581 189615
 2466: 189436 189886 189888
 2467: 189530 189620 189620
 2468: 189607 189957 190444
 2469: 189609 189649 189649
 2470: 189662 189695 189706
 2471: 189694 190735 190764
 2472: 189847 189874 189886
 2473: 189869 189888 189890
 2474: 189886 190892 190934
 2475: 189958 190444 190463
 2476: 189984 190515 190555
 2477: 190058 191837 192024
 2478: 190095 192024 192026
 2479: 190164 191642 191820
 2480: 190226 191531 191557
 2481: 190268 190463 190515
 2482: 190339 190823 190846
 2483: 190350 190555 190735
 2484: 190430 190764 190819
 2485: 190652 190819 190823
 2486: 190843 190934 191175
 2487: 190881 191820 191837
 2488: 190900 191310 191531
 2489: 190996 191219 191310
 2490: 191090 191175 191219
 2491: 191342 193454 193589
 2492: 191456 191557 191642
 2493: 191788 193410 193424
 2494: 191852 192026 192417
 2495: 192075 193424 193454
 2496: 192098 192712 193216
 2497: 192170 192588 192712
 2498: 192226 192417 192588
 2499: 192237 193216 193410
SUM: 193589 193588 1.0000 784.77 707.33 4478
