    0:     1     1   645
    1:   285   645   731
    2:   517   731  1290
    3:  1231  1290  2105
    4:  1298  3905  3970
    5:  1686  2105  3049
    6:  2435  3049  3146
    7:  2971  3146  3345
    8:  3278  3345  3905
    9:  3981  3981  4787
   10:  4358  4787  5506
   11:  4392  6358  6464
   12:  5114  5506  6358
   13:  5730  6545  7171
   14:  5843  6464  6484
   15:  6322  6484  6545
   16:  6917  7171  7988
   17:  7623  7988  8074
   18:  7766  8250  8863
   19:  7834  8074  8250
   20:  8477  8863  9147
   21:  8719  9147  9394
   22:  9281  9394 10211
   23:  9427 10304 10332
   24: 10131 10211 10304
   25: 10370 10370 10651
   26: 10378 10651 10727
   27: 10807 10807 11414
   28: 11100 11414 11991
   29: 11708 11991 12137
   30: 12117 12137 12229
   31: 12683 12683 12792
   32: 13036 13036 13392
   33: 13371 13392 13426
   34: 13815 13815 13938
   35: 14524 14524 14613
   36: 14638 14638 14819
   37: 14870 14870 15503
   38: 15103 16290 16409
   39: 15152 15503 16155
   40: 15632 16155 16290
   41: 16153 16409 16555
   42: 16718 16718 17101
   43: 17187 17187 17310
   44: 17686 17686 17978
   45: 18203 18203 18427
   46: 18870 18870 19102
   47: 19286 19286 19369
   48: 19394 19394 19752
   49: 19414 19752 20485
   50: 19822 20485 20721
   51: 19964 21365 21394
   52: 20147 20721 21195
   53: 20598 21195 21253
   54: 20603 21343 21365
   55: 21210 21253 21343
   56: 21253 21394 21587
   57: 21477 21587 21893
   58: 22058 22058 22173
   59: 22777 22777 23262
   60: 23050 23262 23469
   61: 23541 23541 23933
   62: 23612 23933 23977
   63: 24076 24076 24104
   64: 24239 24239 24645
   65: 24973 24973 25090
   66: 25438 25438 26033
   67: 25784 26033 26731
   68: 26286 26731 27532
   69: 26604 27703 28144
   70: 27155 27532 27703
   71: 27399 28144 28260
   72: 27956 28260 28427
   73: 28410 28427 28535
   74: 28825 28825 28872
   75: 29546 29546 29901
   76: 29707 30510 30817
   77: 29840 29901 30510
   78: 30464 30817 30997
   79: 30878 30997 31745
   80: 31212 31745 32226
   81: 31823 32226 32689
   82: 32349 32689 32899
   83: 33051 33051 33145
   84: 33309 33309 33319
   85: 33347 33347 33628
   86: 33796 33796 34092
   87: 34453 34453 34487
   88: 34457 34487 34627
   89: 35104 35104 35182
   90: 35141 35182 35447
   91: 35503 35503 36064
   92: 35837 36064 36461
   93: 36270 36461 36845
   94: 36616 36845 36992
   95: 36863 36992 37770
   96: 37361 37770 38534
   97: 38095 38534 38756
   98: 38413 38756 39304
   99: 38968 39304 39449
  100: 39177 39449 39471
  101: 39817 39817 39905
  102: 39945 39945 40095
  103: 40113 40113 40666
  104: 40274 40666 40754
  105: 40829 40829 41005
  106: 41516 41516 41557
  107: 41914 41914 42053
  108: 42579 42579 42831
  109: 43061 43061 43300
  110: 43243 43300 43923
  111: 43438 45405 45769
  112: 43528 45030 45100
  113: 43735 45297 45405
  114: 43853 43923 44878
  115: 44090 45100 45297
  116: 44699 44878 45030
  117: 44937 45769 45844
  118: 45614 46711 47138
  119: 45736 45844 46711
  120: 46211 47145 47498
  121: 46498 47138 47145
  122: 46595 47498 47511
  123: 47282 47511 48410
  124: 47304 48665 48952
  125: 47580 48410 48665
  126: 47981 48952 49023
  127: 48119 49023 49048
  128: 48773 49939 50106
  129: 48925 49048 49674
  130: 49286 50106 50164
  131: 49637 49674 49939
  132: 50156 50164 50432
  133: 50366 50432 50624
  134: 50615 50624 50775
  135: 51151 51151 51674
  136: 51414 51674 52542
  137: 51804 52880 52923
  138: 51818 52542 52880
  139: 52193 52923 53356
  140: 52846 53356 53631
  141: 53247 53631 53811
  142: 53627 53811 54122
  143: 53909 54122 54901
  144: 54206 54901 55464
  145: 54546 55807 55974
  146: 55204 55464 55807
  147: 55663 56954 57141
  148: 55688 55974 56683
  149: 55690 56683 56954
  150: 56384 57141 57445
  151: 57008 57445 58389
  152: 57378 58457 58677
  153: 57413 58677 59295
  154: 58026 58389 58457
  155: 58727 59858 59975
  156: 59041 59295 59757
  157: 59186 59975 60215
  158: 59684 59757 59858
  159: 60360 60360 61227
  160: 61096 61227 61522
  161: 61833 61833 62336
  162: 61915 63441 63506
  163: 62311 62336 63053
  164: 62916 63053 63441
  165: 63384 63506 63644
  166: 63761 63761 64037
  167: 64332 64332 64791
  168: 64913 64913 65723
  169: 65613 65723 65939
  170: 66293 66293 66568
  171: 66505 66568 67109
  172: 66760 67109 67261
  173: 66953 67261 67734
  174: 66992 67782 67888
  175: 67045 67734 67762
  176: 67433 67762 67782
  177: 68105 68105 68573
  178: 68593 68593 68795
  179: 69173 69173 69207
  180: 69893 69893 69954
  181: 70040 70040 70105
  182: 70684 70684 71179
  183: 71032 71179 71503
  184: 71609 71609 71846
  185: 71781 71846 72125
  186: 71982 72125 72288
  187: 71987 72288 72384
  188: 72733 72733 73078
  189: 73196 73196 73413
  190: 73515 73515 74156
  191: 73578 74156 74413
  192: 74137 74413 74448
  193: 74569 74569 75152
  194: 74875 75152 75199
  195: 75520 75520 75538
  196: 76083 76083 76396
  197: 76709 76709 77265
  198: 76722 77441 77929
  199: 76908 77265 77441
  200: 77433 77929 78108
  201: 77783 78108 78598
  202: 78529 78598 79093
  203: 78964 79093 79609
  204: 79519 80431 80463
  205: 79549 79609 80431
  206: 80218 81161 81935
  207: 80304 80779 80900
  208: 80384 80900 80955
  209: 80412 80463 80779
  210: 80446 80955 81161
  211: 81111 82533 82608
  212: 81828 81935 82533
  213: 82136 82608 82785
  214: 82154 82785 83099
  215: 82727 83099 83164
  216: 82832 83164 83657
  217: 83354 83657 83753
  218: 83884 83884 84026
  219: 83980 84026 84197
  220: 84339 84339 84620
  221: 84802 84802 85006
  222: 85022 85022 85384
  223: 85031 86069 86421
  224: 85352 85384 86069
  225: 86042 86421 86494
  226: 86754 86754 87087
  227: 86958 87087 87186
  228: 87356 87356 87578
  229: 88018 88018 88146
  230: 88277 88277 88368
  231: 88489 88489 88648
  232: 89149 89149 89641
  233: 89617 89641 90032
  234: 89811 90183 90197
  235: 89841 90032 90183
  236: 90533 90533 90628
  237: 90619 90628 91069
  238: 90914 91069 91160
  239: 91379 91379 92076
  240: 91512 92888 93301
  241: 91736 92134 92888
  242: 91998 93301 93333
  243: 92025 92076 92134
  244: 92219 93484 93679
  245: 92549 93333 93367
  246: 92974 93367 93484
  247: 93046 93727 94245
  248: 93575 94245 94518
  249: 93605 93679 93727
  250: 93962 94518 95160
  251: 94493 95160 95481
  252: 95048 95481 95904
  253: 95513 95904 96592
  254: 96228 96592 96698
  255: 96950 96950 97060
  256: 97538 97538 97668
  257: 97734 97734 97861
  258: 98362 98362 98526
  259: 98377 98526 98727
  260: 98542 98727 99090
  261: 99071 99090 99418
  262: 99211 99418 99432
  263: 99390 99432 99523
  264: 99785 99785 100398
  265: 100432 100432 100708
  266: 100703 100708 101275
  267: 101009 101275 101743
  268: 101307 101991 102313
  269: 101488 101844 101991
  270: 101693 101743 101844
  271: 102057 102313 102342
  272: 102408 102408 103098
  273: 102555 103685 103722
  274: 102592 103098 103631
  275: 102897 103631 103685
  276: 103406 104282 105035
  277: 103451 103722 104282
  278: 104140 105035 105222
  279: 104712 105222 105368
  280: 105149 105368 105547
  281: 105489 105547 105868
  282: 105639 106215 106478
  283: 105679 105868 106215
  284: 106350 106478 107046
  285: 107066 107066 107193
  286: 107442 107442 107715
  287: 107614 107715 108246
  288: 107758 109058 109160
  289: 107968 108246 108976
  290: 108451 109160 109423
  291: 108836 108976 109058
  292: 109439 109439 109553
  293: 109583 109583 109732
  294: 110241 110241 110473
  295: 110371 110473 110967
  296: 110809 110967 111132
  297: 111116 111132 111291
  298: 111484 111484 111807
  299: 111774 111807 111883
  300: 112344 112344 112389
  301: 112761 112761 112840
  302: 113350 113350 113874
  303: 113527 113947 114065
  304: 113688 114065 114525
  305: 113854 113874 113947
  306: 114010 114525 114744
  307: 114149 114744 115467
  308: 114384 115645 115833
  309: 114939 115467 115645
  310: 115192 115833 116368
  311: 115683 116368 116376
  312: 116090 116376 117233
  313: 116622 117265 117327
  314: 117020 117233 117265
  315: 117338 117338 117595
  316: 117669 117669 118359
  317: 118087 118359 119113
  318: 118665 119316 119679
  319: 118821 119679 119872
  320: 119057 119113 119316
  321: 119694 121271 121311
  322: 119822 119872 120823
  323: 120228 121069 121271
  324: 120541 120823 121069
  325: 121050 121311 121543
  326: 121199 121543 121965
  327: 121710 121965 122374
  328: 122012 122374 122726
  329: 122598 122726 123269
  330: 122967 123270 123998
  331: 123139 123269 123270
  332: 123283 124167 124578
  333: 123408 124692 124755
  334: 123847 123998 124167
  335: 124563 124578 124692
  336: 125170 125170 125331
  337: 125491 125491 125669
  338: 126123 126123 126134
  339: 126474 126474 127183
  340: 126666 127906 128743
  341: 126682 127183 127377
  342: 127045 127377 127624
  343: 127196 127624 127810
  344: 127269 127810 127906
  345: 127888 128982 129185
  346: 128034 129290 129928
  347: 128429 128743 128982
  348: 129064 129185 129290
  349: 129329 130179 130304
  350: 129384 129928 130179
  351: 129636 130637 130756
  352: 129722 130304 130637
  353: 130373 130756 130829
  354: 130927 130927 131548
  355: 131093 131548 132207
  356: 131458 132207 132960
  357: 131798 133374 133690
  358: 132509 132960 133374
  359: 133157 133690 134618
  360: 133639 134618 135263
  361: 134116 135263 135412
  362: 134677 135412 136086
  363: 134848 136504 136518
  364: 135495 136086 136504
  365: 135519 136518 136858
  366: 136189 137970 138148
  367: 136806 136858 137787
  368: 136909 138148 138471
  369: 137636 138471 138657
  370: 137660 137787 137970
  371: 138317 139258 139392
  372: 138644 138657 139204
  373: 139014 139204 139258
  374: 139757 139757 139918
  375: 140080 140080 140356
  376: 140118 140356 140921
  377: 140474 141556 141652
  378: 140651 140921 141556
  379: 140949 141652 142353
  380: 141165 142436 142685
  381: 141193 142353 142436
  382: 141794 142685 143115
  383: 141938 143115 143194
  384: 142354 143194 143972
  385: 142969 143972 144397
  386: 143235 144421 144506
  387: 143316 144506 144602
  388: 143338 144397 144412
  389: 143472 144602 145374
  390: 144193 144412 144421
  391: 144685 145486 145606
  392: 145196 145374 145486
  393: 145806 145806 146712
  394: 146434 147503 147589
  395: 146448 146712 147503
  396: 146932 147824 148215
  397: 147165 147589 147824
  398: 147855 148634 148663
  399: 148147 148215 148634
  400: 148648 148663 148957
  401: 148697 148957 149144
  402: 149379 149379 149528
  403: 149993 149993 150759
  404: 150575 150759 150818
  405: 151296 151296 151555
  406: 151753 151753 151874
  407: 152318 152318 152643
  408: 152882 152882 153157
  409: 153041 153157 153179
  410: 153628 153628 153986
  411: 154167 154167 154364
  412: 154385 154385 154783
  413: 155045 155045 155226
  414: 155448 155448 155507
  415: 155965 155965 156029
  416: 156327 156327 156875
  417: 156502 156875 157236
  418: 157200 157236 157577
  419: 157451 157821 158232
  420: 157491 157577 157821
  421: 157827 158232 158276
  422: 158515 158515 158976
  423: 159235 159235 159701
  424: 159814 159814 160310
  425: 160010 160310 160693
  426: 160315 160693 161119
  427: 161056 161119 161402
  428: 161068 161402 161571
  429: 161753 161753 162067
  430: 161858 162067 162117
  431: 162430 162430 162451
  432: 162700 162700 163072
  433: 162715 163964 164151
  434: 162754 164151 164215
  435: 162755 163072 163964
  436: 163245 164215 164310
  437: 163823 164310 164431
  438: 164314 164431 164590
  439: 164496 164590 164892
  440: 165176 165176 165252
  441: 165917 165917 166108
  442: 166283 166283 166944
  443: 166294 166944 167414
  444: 166928 167733 167837
  445: 166973 167837 167895
  446: 167373 167414 167733
  447: 167832 167895 167985
  448: 168449 168449 168711
  449: 168591 168711 168952
  450: 169335 169335 170018
  451: 170072 170072 170527
  452: 170555 170555 170662
  453: 170720 170720 171174
  454: 171085 171174 171338
  455: 171633 171633 171702
  456: 172362 172362 172686
  457: 172894 172894 173152
  458: 173415 173415 173680
  459: 174141 174141 174325
  460: 174633 174633 175147
  461: 175030 175147 175310
  462: 175670 175670 175717
  463: 175736 175736 176269
  464: 176320 176320 176718
  465: 176734 176734 177227
  466: 177088 177227 177463
  467: 177403 177463 177882
  468: 177622 177882 178407
  469: 177936 178407 178546
  470: 178017 179248 179321
  471: 178150 178546 179248
  472: 178804 179738 180057
  473: 179210 179321 179738
  474: 179671 180794 180909
  475: 179755 180057 180672
  476: 180160 180909 181042
  477: 180509 180672 180794
  478: 181101 181101 181189
  479: 181156 181189 181204
  480: 181783 181783 181840
  481: 182040 182040 182358
  482: 182164 182358 182814
  483: 182485 182898 183289
  484: 182791 182814 182898
  485: 182972 183289 183348
  486: 182974 183348 183446
  487: 183422 183446 183902
  488: 183654 183902 184636
  489: 183988 185163 185422
  490: 184477 184689 185054
  491: 184628 184636 184689
  492: 184781 185054 185163
  493: 185223 185422 185489
  494: 185391 185489 185819
  495: 185815 185819 186422
  496: 186035 187162 187271
  497: 186314 186422 186821
  498: 186821 186821 187162
  499: 187511 187511 188335
  500: 187999 188335 188411
  501: 188452 188452 188945
  502: 188889 188945 189397
  503: 189287 189397 190088
  504: 189546 190088 190172
  505: 190162 190172 191150
  506: 190566 191150 191174
  507: 190713 191174 191894
  508: 191233 191894 191937
  509: 191788 191937 192069
  510: 192128 192128 192740
  511: 192865 192865 193306
  512: 193028 194220 194445
  513: 193185 193306 193454
  514: 193304 193454 194220
  515: 194042 194679 194901
  516: 194262 194445 194679
  517: 194612 194901 194968
  518: 195207 195207 196085
  519: 195787 196085 196226
  520: 196523 196523 196978
  521: 196630 196978 197053
  522: 197096 197096 197278
  523: 197296 197296 197319
  524: 197392 197392 197700
  525: 197570 197700 198275
  526: 197807 198275 198637
  527: 198056 198637 198952
  528: 198489 198952 198958
  529: 198813 198958 199153
  530: 199318 199318 199638
  531: 199730 199730 200281
  532: 199736 200281 201231
  533: 200372 201835 202016
  534: 200388 201231 201835
  535: 201097 202055 202895
  536: 201261 202895 202981
  537: 201654 202016 202055
  538: 201976 203452 203685
  539: 202096 203369 203452
  540: 202697 203012 203292
  541: 202804 202981 203012
  542: 203269 203292 203369
  543: 203761 203761 204353
  544: 203776 204353 204463
  545: 204480 204480 205085
  546: 204862 205085 205291
  547: 205360 205360 205389
  548: 205741 205741 205745
  549: 205983 205983 205999
  550: 206086 206086 206347
  551: 206486 206486 206575
  552: 206755 206755 207054
  553: 206906 207054 207784
  554: 207545 207784 208210
  555: 207807 208210 208502
  556: 208380 208502 208663
  557: 208962 208962 209070
  558: 209691 209691 209738
  559: 210131 210131 210690
  560: 210524 210690 211155
  561: 211040 211155 211646
  562: 211053 211646 211965
  563: 211469 211965 212137
  564: 212122 212137 212489
  565: 212166 212489 213360
  566: 212278 213922 213945
  567: 212553 213859 213862
  568: 213043 213862 213922
  569: 213268 213360 213859
  570: 213970 213970 214028
  571: 214093 214093 214142
  572: 214203 214203 214444
  573: 214269 214444 215266
  574: 214551 215266 215823
  575: 214636 215950 216050
  576: 214789 215823 215950
  577: 215494 216050 216730
  578: 215613 216730 217004
  579: 216176 217318 218098
  580: 216459 217036 217318
  581: 216490 217004 217036
  582: 216794 218409 218477
  583: 216825 218098 218128
  584: 217562 218128 218409
  585: 217989 218477 218985
  586: 218736 218985 219167
  587: 219200 219200 219793
  588: 219709 219793 220358
  589: 219907 220358 221009
  590: 220196 221009 221330
  591: 220917 221330 221543
  592: 221054 221543 221854
  593: 221666 221854 222413
  594: 221966 222413 222638
  595: 222247 222638 222850
  596: 222532 222858 223229
  597: 222765 222850 222858
  598: 223386 223386 223450
  599: 224024 224024 224482
  600: 224546 224546 224935
  601: 225094 225094 225365
  602: 225214 225365 225706
  603: 225843 225843 226331
  604: 225890 226331 227068
  605: 226564 227068 227414
  606: 226926 227824 227825
  607: 226958 227414 227631
  608: 227531 227631 227824
  609: 227540 227825 228519
  610: 227861 228519 228740
  611: 228573 228740 229164
  612: 229177 229177 229727
  613: 229627 229727 230101
  614: 230088 230101 230283
  615: 230424 230424 230564
  616: 231081 231081 231214
  617: 231088 231214 231357
  618: 231488 231488 232299
  619: 232147 232299 232550
  620: 232862 232862 233043
  621: 232898 233043 233385
  622: 233377 233385 233730
  623: 233455 233730 234044
  624: 234169 234169 234458
  625: 234598 234598 234863
  626: 234976 234976 235117
  627: 235121 235121 235331
  628: 235709 235709 236193
  629: 236421 236421 236816
  630: 236608 236816 236819
  631: 237144 237144 237415
  632: 237579 237579 238177
  633: 237704 238856 238925
  634: 238134 238177 238856
  635: 238669 238925 239338
  636: 239288 239338 239572
  637: 240013 240013 240309
  638: 240654 240654 241049
  639: 241308 241308 242044
  640: 241450 242044 242405
  641: 241592 242405 242654
  642: 242319 242918 243492
  643: 242326 242654 242714
  644: 242462 242714 242918
  645: 242580 243492 243540
  646: 242848 243540 243981
  647: 243269 243981 244046
  648: 243719 244809 245362
  649: 243761 244046 244809
  650: 244344 245362 245403
  651: 244873 245784 245999
  652: 245273 245999 246068
  653: 245327 245403 245784
  654: 245887 246332 246340
  655: 246035 246068 246332
  656: 246329 246340 246896
  657: 246804 246896 246922
  658: 247385 247385 247666
  659: 247475 247666 247981
  660: 247927 247981 248662
  661: 248222 249341 249347
  662: 248337 248662 249341
  663: 249016 249347 249555
  664: 249531 249555 249761
  665: 250231 250231 250726
  666: 250781 250781 250955
  667: 250835 250955 251327
  668: 251071 251327 251451
  669: 251565 251565 251646
  670: 251633 252219 252441
  671: 251635 251646 252067
  672: 251822 252067 252219
  673: 252459 252459 253291
  674: 252670 253291 254235
  675: 253410 255200 255329
  676: 253597 254235 254824
  677: 254236 254824 254847
  678: 254490 254847 255200
  679: 254611 255329 256187
  680: 255151 256187 256254
  681: 255522 256254 256614
  682: 256075 256614 256727
  683: 256618 256727 257242
  684: 257153 257242 257574
  685: 257242 257574 257994
  686: 257426 257994 258678
  687: 257644 258698 259053
  688: 258213 258678 258698
  689: 258605 259067 259536
  690: 258690 259053 259067
  691: 259387 259536 259859
  692: 260057 260057 260474
  693: 260634 260634 261182
  694: 261038 261182 261880
  695: 261235 261880 262550
  696: 261256 262732 263048
  697: 261794 263048 263055
  698: 262040 262550 262732
  699: 262656 263055 263777
  700: 263279 263777 264673
  701: 263917 264673 265536
  702: 263964 265557 265602
  703: 264394 266254 266281
  704: 264608 265536 265557
  705: 265257 265602 265859
  706: 265714 265859 266254
  707: 266288 266288 266606
  708: 266721 266721 266752
  709: 267275 267275 267691
  710: 267626 267691 267807
  711: 267912 267912 268406
  712: 268485 268485 268882
  713: 268683 268882 268888
  714: 269091 269091 269098
  715: 269196 269196 269485
  716: 269218 269485 270100
  717: 269558 271062 271126
  718: 269660 270100 271062
  719: 270348 271126 271456
  720: 270445 271773 271815
  721: 271063 271456 271773
  722: 271497 272849 273282
  723: 271682 272020 272849
  724: 271778 271815 272020
  725: 271986 273282 273288
  726: 272730 273288 273352
  727: 272802 273352 273448
  728: 273374 273448 273843
  729: 274014 274014 274068
  730: 274352 274352 275038
  731: 274866 275038 275551
  732: 275606 275606 275946
  733: 276037 276037 276055
  734: 276166 276166 276536
  735: 276577 276577 276768
  736: 276784 276784 276856
  737: 276818 276856 277339
  738: 277543 277543 278108
  739: 277556 278111 278311
  740: 277766 278108 278111
  741: 278286 278311 278489
  742: 279005 279005 279523
  743: 279029 280008 280011
  744: 279145 279523 279618
  745: 279169 279618 279897
  746: 279830 279897 280008
  747: 279897 280011 280159
  748: 280543 280543 280746
  749: 281289 281289 281920
  750: 281409 282324 282428
  751: 281663 281920 282324
  752: 282352 282428 282586
  753: 282575 282586 283087
  754: 283083 283087 283659
  755: 283820 283820 284466
  756: 284278 284856 284964
  757: 284454 284466 284856
  758: 284806 284964 285375
  759: 285025 285434 285735
  760: 285141 285375 285433
  761: 285317 285735 286325
  762: 285351 285433 285434
  763: 286032 286325 287196
  764: 286778 287196 287201
  765: 287486 287486 288234
  766: 287821 288234 288363
  767: 288267 288363 288446
  768: 288770 288770 289297
  769: 288961 289953 290065
  770: 289118 289297 289953
  771: 289351 290262 290538
  772: 290039 290065 290262
  773: 290334 290538 290972
  774: 290946 290972 291271
  775: 290959 291271 291555
  776: 290971 292465 292657
  777: 290979 291555 292465
  778: 291415 293319 293322
  779: 292144 292657 292979
  780: 292762 292979 293319
  781: 293312 293322 293968
  782: 293464 293968 294025
  783: 293945 294025 294569
  784: 294114 294569 294592
  785: 294283 295434 295816
  786: 294386 295843 295917
  787: 294581 294592 295434
  788: 294646 295917 296035
  789: 294980 296035 296283
  790: 295240 295816 295843
  791: 295898 296283 296824
  792: 296438 296824 297350
  793: 296757 297350 297936
  794: 297365 297936 298031
  795: 298026 298031 298268
  796: 298263 298268 298288
  797: 298946 298946 299041
  798: 299657 299657 299690
  799: 299953 299953 300332
  800: 300291 300332 300780
  801: 300750 300780 300812
  802: 300871 300871 301155
  803: 301356 301356 301980
  804: 301755 303456 303516
  805: 301871 301980 302610
  806: 302290 302610 303456
  807: 302473 303516 303703
  808: 303167 303889 304094
  809: 303605 304094 304158
  810: 303659 303703 303889
  811: 303938 304610 304715
  812: 304001 304158 304610
  813: 304684 304715 305072
  814: 305313 305313 305588
  815: 305468 305588 305604
  816: 306167 306167 306697
  817: 306829 306829 307556
  818: 307351 307556 307992
  819: 307610 307992 308292
  820: 308079 308292 308564
  821: 308163 308564 308879
  822: 308566 308879 309049
  823: 308917 309049 309155
  824: 308941 309155 309563
  825: 309091 309563 309612
  826: 309483 309612 310082
  827: 309854 310082 310116
  828: 310499 310499 310700
  829: 310980 310980 311272
  830: 311517 311517 311669
  831: 312261 312261 312464
  832: 312765 312765 312992
  833: 313323 313323 313827
  834: 313628 313827 314107
  835: 314079 314107 314163
  836: 314525 314525 315205
  837: 314692 315814 315841
  838: 314748 315841 316401
  839: 315196 315205 315814
  840: 315758 316416 316508
  841: 315917 316508 317034
  842: 316198 316401 316416
  843: 316861 317287 317577
  844: 316949 317034 317287
  845: 317652 317652 318249
  846: 317936 318249 318345
  847: 318299 318345 319222
  848: 318904 319222 319399
  849: 319223 319399 319413
  850: 319464 319464 319651
  851: 319653 319653 320542
  852: 320212 320542 320984
  853: 320252 321161 321329
  854: 320380 320984 321161
  855: 321077 321329 321429
  856: 321417 321429 322208
  857: 321565 322208 322897
  858: 322204 323998 324072
  859: 322256 322897 323036
  860: 322713 323036 323998
  861: 323317 324738 324981
  862: 324022 324072 324281
  863: 324056 324281 324738
  864: 324447 324981 325500
  865: 325172 325500 325874
  866: 325549 325874 326501
  867: 326123 326501 326533
  868: 326645 326645 327215
  869: 326700 327215 327263
  870: 327056 327263 328128
  871: 327650 328128 329054
  872: 327761 329054 329114
  873: 328333 329114 330102
  874: 328388 330884 330934
  875: 329118 330102 330785
  876: 329750 330824 330880
  877: 330258 330880 330884
  878: 330313 330785 330824
  879: 330713 331268 331364
  880: 330861 330934 331268
  881: 331193 331364 331470
  882: 331733 331733 332224
  883: 332449 332449 332657
  884: 332474 332657 333047
  885: 332691 333224 333527
  886: 332718 333047 333100
  887: 333049 333100 333202
  888: 333105 333202 333224
  889: 333246 333527 333888
  890: 333277 333888 333902
  891: 333903 333903 334626
  892: 334611 334626 334998
  893: 335114 335114 335609
  894: 335293 335609 335796
  895: 335754 335796 336029
  896: 336284 336284 336661
  897: 336390 336697 337029
  898: 336594 336661 336697
  899: 337232 337232 337354
  900: 337328 337354 337520
  901: 337941 337941 337964
  902: 338109 338109 338205
  903: 338371 338371 338411
  904: 338721 338721 338960
  905: 339058 339058 339087
  906: 339585 339585 339809
  907: 339882 339882 340244
  908: 340483 340483 341062
  909: 340983 341062 341090
  910: 341189 341189 341432
  911: 341549 341549 342249
  912: 341808 342613 342616
  913: 342119 342249 342613
  914: 342660 342660 343017
  915: 343357 343357 343941
  916: 343663 344689 344803
  917: 343676 344534 344689
  918: 343684 343941 344423
  919: 344386 344423 344534
  920: 345067 345067 345428
  921: 345810 345810 346035
  922: 346315 346315 346538
  923: 346511 346538 346625
  924: 346855 346855 347309
  925: 347244 347309 347503
  926: 347406 347503 348239
  927: 347947 348239 348802
  928: 348415 348802 349227
  929: 348554 349227 349436
  930: 348858 349904 350603
  931: 349007 349436 349904
  932: 349656 350603 350703
  933: 349994 350982 351364
  934: 350433 350703 350875
  935: 350701 350875 350982
  936: 351283 351364 351892
  937: 351365 351892 351995
  938: 351919 351995 352076
  939: 352616 352616 352787
  940: 352843 352843 353092
  941: 353546 353546 353617
  942: 353884 353884 354023
  943: 353948 354023 354606
  944: 354547 354606 354801
  945: 354865 354865 354931
  946: 355156 355156 355576
  947: 355173 355576 355946
  948: 355805 356121 356165
  949: 355906 355946 356121
  950: 356554 356554 356573
  951: 357249 357249 357397
  952: 357882 357882 358487
  953: 357953 358487 359035
  954: 358259 359164 359852
  955: 358848 359035 359164
  956: 359205 360259 360550
  957: 359380 360550 360755
  958: 359668 360011 360147
  959: 359673 359852 360011
  960: 360117 360147 360259
  961: 360410 360755 360810
  962: 360454 360810 361378
  963: 360634 361378 361866
  964: 361302 361866 362394
  965: 361553 362394 362775
  966: 362205 362775 363269
  967: 362504 363717 363721
  968: 362729 363269 363502
  969: 362954 363502 363717
  970: 363345 364435 364522
  971: 363663 363721 364435
  972: 364272 364522 365095
  973: 364970 365095 365557
  974: 365707 365707 366446
  975: 365994 366446 366807
  976: 366272 366807 367007
  977: 366692 367034 367406
  978: 366836 367007 367034
  979: 367087 367646 368232
  980: 367222 367406 367646
  981: 367854 368232 368267
  982: 368556 368556 368749
  983: 369131 369131 369137
  984: 369685 369685 369854
  985: 370397 370397 370592
  986: 370514 370592 370704
  987: 370712 370712 371306
  988: 370740 372395 372430
  989: 370866 371306 372255
  990: 370966 372760 372788
  991: 371414 372430 372741
  992: 371662 372255 372395
  993: 372366 372741 372760
  994: 373089 373089 373367
  995: 373547 373547 373677
  996: 374258 374258 374567
  997: 374405 374567 374997
  998: 374929 374997 375077
  999: 375021 375077 375602
SUM: 375602 309552 0.8241 665.60 356.05 2607
