    0:     1     1     4
    1:     4     4    11
    2:     6    11    14
    3:    13    14    22
    4:    19    22    31
    5:    20    31    43
    6:    23    54    57
    7:    30    57    70
    8:    35    70    73
    9:    40    43    54
   10:    46    94    95
   11:    48    77    78
   12:    52    73    75
   13:    59    75    77
   14:    60    95   101
   15:    67    78    93
   16:    71    93    94
   17:    74   125   128
   18:    79   107   110
   19:    83   115   116
   20:    89   116   125
   21:    93   101   107
   22:    95   110   115
   23:    98   125   125
   24:   100   107   107
   25:   105   155   156
   26:   110   140   141
   27:   117   128   140
   28:   123   156   157
   29:   127   141   155
   30:   131   176   182
   31:   134   164   173
   32:   138   182   184
   33:   143   184   186
   34:   147   157   164
   35:   148   157   157
   36:   149   173   176
   37:   155   184   184
   38:   162   199   208
   39:   169   191   193
   40:   175   186   188
   41:   177   193   199
   42:   184   188   191
   43:   188   213   226
   44:   192   208   213
   45:   199   240   241
   46:   200   227   230
   47:   206   226   227
   48:   207   230   240
   49:   211   253   257
   50:   215   257   259
   51:   218   261   262
   52:   220   268   269
   53:   221   259   261
   54:   225   265   268
   55:   226   252   253
   56:   231   262   265
   57:   235   241   247
   58:   236   247   252
   59:   243   288   291
   60:   248   285   288
   61:   250   292   294
   62:   254   291   292
   63:   256   269   271
   64:   257   271   279
   65:   261   279   285
   66:   266   294   295
   67:   271   295   299
   68:   278   307   313
   69:   279   313   321
   70:   282   299   299
   71:   288   299   302
   72:   290   302   307
   73:   296   344   349
   74:   299   333   338
   75:   303   321   321
   76:   310   321   333
   77:   315   338   340
   78:   321   340   344
   79:   328   372   373
   80:   330   358   364
   81:   337   370   372
   82:   338   349   358
   83:   340   373   375
   84:   344   373   373
   85:   347   364   370
   86:   354   375   375
   87:   359   375   386
   88:   366   386   389
   89:   372   389   390
   90:   373   390   401
   91:   376   409   411
   92:   380   423   427
   93:   383   414   419
   94:   388   401   409
   95:   392   411   414
   96:   399   411   411
   97:   400   419   423
   98:   406   429   433
   99:   412   453   458
  100:   417   427   429
  101:   424   433   453
  102:   429   459   476
  103:   435   477   480
  104:   437   476   477
  105:   440   480   482
  106:   446   482   487
  107:   452   487   489
  108:   456   482   482
  109:   457   458   459
  110:   461   496   510
  111:   468   493   496
  112:   475   489   493
  113:   482   510   520
  114:   488   489   489
  115:   495   525   532
  116:   500   534   539
  117:   503   539   551
  118:   508   522   525
  119:   511   520   522
  120:   516   532   534
  121:   522   562   573
  122:   528   551   557
  123:   535   557   562
  124:   542   575   577
  125:   546   573   575
  126:   553   589   590
  127:   560   577   580
  128:   564   580   588
  129:   571   590   592
  130:   573   588   589
  131:   580   622   624
  132:   585   606   622
  133:   588   604   606
  134:   592   592   604
  135:   597   630   639
  136:   604   624   626
  137:   606   624   624
  138:   613   639   641
  139:   619   641   646
  140:   624   626   630
  141:   626   657   658
  142:   633   646   648
  143:   640   648   657
  144:   643   658   661
  145:   646   646   646
  146:   647   683   693
  147:   651   668   683
  148:   655   664   668
  149:   661   661   664
  150:   666   693   699
  151:   668   713   715
  152:   671   700   706
  153:   675   706   711
  154:   676   715   715
  155:   678   711   713
  156:   683   699   700
  157:   689   713   713
  158:   694   728   734
  159:   695   734   739
  160:   697   725   728
  161:   704   716   717
  162:   709   715   716
  163:   715   717   725
  164:   718   756   759
  165:   724   743   744
  166:   725   739   743
  167:   731   759   761
  168:   733   761   766
  169:   736   744   756
  170:   740   786   793
  171:   746   780   786
  172:   752   774   780
  173:   756   793   797
  174:   761   766   767
  175:   764   767   774
  176:   771   797   803
  177:   773   815   817
  178:   780   820   824
  179:   784   803   815
  180:   790   817   820
  181:   795   797   797
  182:   799   825   838
  183:   801   838   840
  184:   808   824   825
  185:   815   842   851
  186:   821   840   842
  187:   827   851   859
  188:   834   870   877
  189:   841   877   878
  190:   843   865   870
  191:   849   859   865
  192:   852   878   878
  193:   856   901   906
  194:   859   888   896
  195:   865   898   901
  196:   867   896   898
  197:   872   878   887
  198:   877   887   888
  199:   881   925   926
  200:   886   914   915
  201:   890   918   925
  202:   897   915   918
  203:   901   926   933
  204:   906   906   914
  205:   911   937   955
  206:   913   955   957
  207:   919   955   955
  208:   924   934   937
  209:   929   957   961
  210:   933   933   934
  211:   936   973   987
  212:   940   961   961
  213:   944   961   966
  214:   949   966   968
  215:   956   987   990
  216:   958   968   973
  217:   963  1001  1012
  218:   970  1012  1014
  219:   971   998  1001
  220:   975   990   991
  221:   982   991   993
  222:   983   994   998
  223:   984   993   994
  224:   988   993   993
  225:   995  1014  1016
  226:  1001  1016  1022
  227:  1004  1022  1024
  228:  1009  1024  1031
  229:  1016  1051  1052
  230:  1018  1052  1069
  231:  1023  1040  1051
  232:  1030  1031  1040
  233:  1036  1081  1086
  234:  1039  1091  1092
  235:  1042  1075  1080
  236:  1048  1069  1075
  237:  1052  1086  1091
  238:  1058  1080  1081
  239:  1063  1092  1098
  240:  1064  1098  1100
  241:  1071  1111  1112
  242:  1074  1108  1111
  243:  1076  1112  1116
  244:  1080  1104  1106
  245:  1084  1100  1104
  246:  1090  1116  1124
  247:  1093  1106  1108
  248:  1094  1124  1124
  249:  1096  1111  1111
  250:  1103  1138  1141
  251:  1109  1145  1147
  252:  1113  1125  1134
  253:  1118  1141  1145
  254:  1119  1134  1137
  255:  1120  1137  1138
  256:  1124  1124  1125
  257:  1131  1172  1176
  258:  1137  1147  1154
  259:  1141  1154  1159
  260:  1147  1159  1172
  261:  1149  1176  1177
  262:  1152  1188  1195
  263:  1157  1187  1188
  264:  1159  1195  1198
  265:  1160  1177  1187
  266:  1161  1198  1200
  267:  1168  1198  1198
  268:  1169  1176  1176
  269:  1171  1200  1203
  270:  1175  1195  1195
  271:  1181  1208  1218
  272:  1184  1218  1223
  273:  1186  1229  1234
  274:  1187  1224  1229
  275:  1190  1234  1235
  276:  1195  1203  1208
  277:  1201  1235  1236
  278:  1203  1223  1224
  279:  1205  1250  1259
  280:  1210  1236  1239
  281:  1215  1259  1261
  282:  1222  1239  1250
  283:  1228  1261  1270
  284:  1233  1259  1259
  285:  1237  1293  1295
  286:  1240  1289  1293
  287:  1245  1270  1272
  288:  1249  1273  1275
  289:  1256  1275  1279
  290:  1257  1280  1289
  291:  1263  1272  1273
  292:  1265  1279  1280
  293:  1272  1312  1323
  294:  1273  1308  1310
  295:  1275  1323  1325
  296:  1277  1295  1301
  297:  1280  1301  1308
  298:  1282  1310  1310
  299:  1283  1301  1301
  300:  1290  1325  1327
  301:  1291  1310  1312
  302:  1298  1342  1345
  303:  1303  1328  1330
  304:  1305  1333  1342
  305:  1312  1331  1333
  306:  1313  1327  1328
  307:  1319  1330  1331
  308:  1326  1345  1351
  309:  1332  1351  1360
  310:  1334  1367  1368
  311:  1337  1364  1367
  312:  1343  1360  1364
  313:  1347  1368  1370
  314:  1352  1370  1377
  315:  1358  1377  1386
  316:  1359  1386  1391
  317:  1361  1391  1392
  318:  1367  1392  1399
  319:  1374  1423  1424
  320:  1380  1412  1417
  321:  1386  1419  1420
  322:  1392  1399  1412
  323:  1393  1420  1423
  324:  1399  1417  1419
  325:  1402  1438  1441
  326:  1407  1424  1427
  327:  1414  1441  1445
  328:  1418  1427  1428
  329:  1419  1445  1455
  330:  1423  1428  1438
  331:  1426  1460  1465
  332:  1432  1471  1472
  333:  1434  1474  1479
  334:  1439  1455  1460
  335:  1443  1465  1469
  336:  1446  1465  1465
  337:  1451  1472  1474
  338:  1453  1469  1471
  339:  1456  1484  1491
  340:  1463  1506  1511
  341:  1467  1480  1484
  342:  1470  1498  1506
  343:  1476  1491  1498
  344:  1479  1479  1480
  345:  1486  1511  1513
  346:  1487  1519  1523
  347:  1493  1529  1537
  348:  1498  1523  1529
  349:  1501  1537  1538
  350:  1507  1538  1539
  351:  1510  1513  1519
  352:  1513  1572  1573
  353:  1516  1539  1543
  354:  1519  1557  1567
  355:  1526  1543  1557
  356:  1532  1539  1539
  357:  1539  1567  1572
  358:  1543  1577  1584
  359:  1547  1585  1590
  360:  1551  1590  1594
  361:  1553  1584  1585
  362:  1555  1594  1599
  363:  1561  1573  1577
  364:  1568  1594  1594
  365:  1575  1614  1615
  366:  1582  1611  1612
  367:  1584  1613  1614
  368:  1586  1599  1600
  369:  1590  1615  1616
  370:  1592  1612  1613
  371:  1593  1608  1611
  372:  1598  1600  1608
  373:  1605  1616  1624
  374:  1612  1624  1639
  375:  1617  1639  1642
  376:  1623  1643  1662
  377:  1630  1642  1643
  378:  1636  1662  1662
  379:  1640  1674  1678
  380:  1646  1672  1674
  381:  1649  1662  1666
  382:  1655  1678  1686
  383:  1662  1666  1672
  384:  1664  1690  1696
  385:  1665  1701  1704
  386:  1666  1686  1688
  387:  1667  1688  1690
  388:  1674  1696  1697
  389:  1678  1699  1701
  390:  1682  1697  1699
  391:  1685  1704  1715
  392:  1688  1734  1736
  393:  1693  1715  1719
  394:  1697  1725  1734
  395:  1700  1746  1750
  396:  1705  1719  1725
  397:  1711  1736  1740
  398:  1715  1740  1746
  399:  1722  1769  1771
  400:  1725  1755  1765
  401:  1732  1765  1767
  402:  1737  1750  1755
  403:  1740  1767  1769
  404:  1743  1750  1750
  405:  1750  1771  1780
  406:  1753  1794  1796
  407:  1758  1796  1798
  408:  1759  1807  1810
  409:  1763  1803  1807
  410:  1764  1788  1790
  411:  1768  1798  1803
  412:  1769  1790  1794
  413:  1771  1807  1807
  414:  1775  1780  1785
  415:  1777  1785  1788
  416:  1783  1818  1819
  417:  1786  1816  1818
  418:  1790  1822  1825
  419:  1791  1819  1822
  420:  1792  1829  1831
  421:  1796  1810  1814
  422:  1800  1822  1822
  423:  1803  1825  1829
  424:  1809  1814  1816
  425:  1816  1838  1839
  426:  1819  1840  1843
  427:  1821  1831  1831
  428:  1823  1831  1838
  429:  1828  1839  1840
  430:  1832  1856  1862
  431:  1834  1863  1874
  432:  1835  1843  1848
  433:  1839  1862  1863
  434:  1842  1848  1856
  435:  1847  1898  1899
  436:  1848  1879  1888
  437:  1850  1899  1899
  438:  1857  1894  1896
  439:  1862  1888  1894
  440:  1863  1896  1898
  441:  1870  1874  1876
  442:  1873  1876  1879
  443:  1878  1926  1927
  444:  1884  1908  1921
  445:  1888  1921  1926
  446:  1890  1901  1908
  447:  1897  1899  1901
  448:  1900  1938  1943
  449:  1905  1933  1936
  450:  1910  1928  1933
  451:  1915  1943  1944
  452:  1917  1933  1933
  453:  1923  1927  1928
  454:  1926  1944  1947
  455:  1927  1936  1938
  456:  1933  1947  1950
  457:  1937  1950  1954
  458:  1942  1954  1955
  459:  1947  1955  1963
  460:  1950  1963  1967
  461:  1956  1967  1982
  462:  1963  1982  1995
  463:  1970  2012  2013
  464:  1974  2013  2017
  465:  1980  1995  1995
  466:  1985  1995  1996
  467:  1986  1996  1998
  468:  1992  2017  2017
  469:  1994  1998  2012
  470:  1997  2032  2033
  471:  1998  2036  2043
  472:  1999  2031  2032
  473:  2003  2030  2031
  474:  2005  2033  2036
  475:  2007  2029  2030
  476:  2011  2017  2019
  477:  2014  2019  2029
  478:  2018  2068  2073
  479:  2024  2043  2050
  480:  2030  2051  2052
  481:  2033  2050  2051
  482:  2040  2052  2065
  483:  2043  2065  2068
  484:  2047  2100  2101
  485:  2051  2077  2079
  486:  2055  2079  2086
  487:  2060  2073  2077
  488:  2067  2086  2100
  489:  2069  2086  2086
  490:  2074  2118  2120
  491:  2080  2128  2129
  492:  2086  2101  2104
  493:  2092  2104  2115
  494:  2097  2120  2128
  495:  2099  2115  2118
  496:  2103  2159  2161
  497:  2108  2129  2132
  498:  2113  2135  2145
  499:  2115  2158  2159
  500:  2122  2145  2158
  501:  2125  2132  2135
  502:  2131  2167  2176
  503:  2138  2161  2162
  504:  2143  2176  2179
  505:  2147  2180  2183
  506:  2148  2162  2167
  507:  2150  2185  2189
  508:  2155  2183  2185
  509:  2160  2179  2180
  510:  2163  2189  2189
  511:  2169  2217  2218
  512:  2175  2200  2207
  513:  2179  2207  2217
  514:  2181  2191  2200
  515:  2187  2189  2191
  516:  2193  2218  2222
  517:  2199  2225  2241
  518:  2204  2222  2225
  519:  2211  2245  2247
  520:  2212  2242  2245
  521:  2213  2218  2218
  522:  2216  2241  2242
  523:  2220  2254  2264
  524:  2226  2274  2276
  525:  2233  2268  2273
  526:  2239  2266  2268
  527:  2241  2273  2274
  528:  2243  2247  2254
  529:  2244  2264  2266
  530:  2251  2291  2298
  531:  2254  2281  2282
  532:  2255  2285  2289
  533:  2258  2277  2281
  534:  2261  2289  2291
  535:  2265  2282  2285
  536:  2272  2276  2277
  537:  2278  2315  2320
  538:  2281  2320  2325
  539:  2284  2305  2315
  540:  2288  2298  2301
  541:  2289  2320  2320
  542:  2292  2325  2327
  543:  2294  2301  2305
  544:  2300  2327  2333
  545:  2303  2333  2334
  546:  2308  2347  2350
  547:  2312  2334  2335
  548:  2316  2333  2333
  549:  2318  2335  2335
  550:  2325  2335  2347
  551:  2328  2372  2375
  552:  2332  2375  2377
  553:  2334  2366  2372
  554:  2338  2352  2357
  555:  2339  2350  2350
  556:  2343  2350  2352
  557:  2349  2357  2366
  558:  2351  2379  2383
  559:  2355  2393  2397
  560:  2357  2405  2406
  561:  2364  2377  2379
  562:  2365  2397  2402
  563:  2368  2404  2405
  564:  2370  2383  2393
  565:  2374  2402  2404
  566:  2377  2393  2393
  567:  2383  2418  2422
  568:  2389  2406  2406
  569:  2391  2408  2409
  570:  2397  2415  2418
  571:  2403  2406  2408
  572:  2405  2409  2415
  573:  2409  2422  2425
  574:  2412  2425  2431
  575:  2417  2422  2422
  576:  2422  2431  2444
  577:  2428  2444  2445
  578:  2433  2445  2455
  579:  2435  2455  2464
  580:  2442  2464  2467
  581:  2445  2482  2489
  582:  2451  2489  2491
  583:  2453  2469  2474
  584:  2457  2474  2482
  585:  2458  2491  2495
  586:  2459  2474  2474
  587:  2462  2489  2489
  588:  2464  2495  2504
  589:  2465  2467  2469
  590:  2469  2516  2517
  591:  2471  2522  2533
  592:  2472  2511  2515
  593:  2476  2517  2522
  594:  2481  2507  2511
  595:  2485  2515  2516
  596:  2490  2504  2504
  597:  2492  2506  2507
  598:  2495  2511  2511
  599:  2500  2504  2506
  600:  2503  2533  2534
  601:  2505  2549  2552
  602:  2508  2537  2539
  603:  2514  2540  2549
  604:  2518  2552  2563
  605:  2525  2563  2564
  606:  2528  2539  2539
  607:  2530  2539  2540
  608:  2533  2534  2537
  609:  2536  2580  2585
  610:  2539  2587  2592
  611:  2541  2575  2578
  612:  2542  2578  2580
  613:  2548  2578  2578
  614:  2555  2592  2593
  615:  2557  2567  2575
  616:  2561  2565  2567
  617:  2562  2585  2587
  618:  2563  2564  2565
  619:  2569  2596  2603
  620:  2575  2614  2621
  621:  2577  2612  2614
  622:  2584  2593  2596
  623:  2591  2603  2612
  624:  2596  2625  2628
  625:  2601  2644  2647
  626:  2606  2637  2638
  627:  2608  2647  2647
  628:  2611  2621  2625
  629:  2618  2638  2644
  630:  2621  2628  2637
  631:  2627  2659  2665
  632:  2631  2647  2652
  633:  2633  2652  2659
  634:  2640  2681  2682
  635:  2642  2647  2647
  636:  2647  2665  2681
  637:  2654  2688  2696
  638:  2661  2687  2688
  639:  2662  2682  2687
  640:  2669  2705  2711
  641:  2676  2696  2697
  642:  2677  2697  2705
  643:  2684  2727  2730
  644:  2689  2711  2718
  645:  2695  2730  2735
  646:  2699  2724  2727
  647:  2705  2722  2724
  648:  2710  2718  2722
  649:  2714  2749  2754
  650:  2721  2735  2740
  651:  2727  2747  2749
  652:  2730  2754  2755
  653:  2731  2740  2741
  654:  2733  2745  2747
  655:  2734  2741  2745
  656:  2738  2774  2778
  657:  2740  2771  2774
  658:  2746  2757  2760
  659:  2748  2760  2771
  660:  2749  2755  2757
  661:  2752  2755  2755
  662:  2756  2817  2822
  663:  2761  2807  2808
  664:  2763  2791  2807
  665:  2764  2808  2815
  666:  2766  2778  2781
  667:  2767  2778  2778
  668:  2771  2815  2815
  669:  2774  2815  2817
  670:  2776  2781  2791
  671:  2778  2808  2808
  672:  2782  2850  2852
  673:  2786  2822  2826
  674:  2791  2828  2831
  675:  2796  2826  2828
  676:  2801  2845  2847
  677:  2806  2840  2843
  678:  2807  2843  2845
  679:  2814  2831  2836
  680:  2820  2847  2850
  681:  2822  2836  2840
  682:  2825  2868  2870
  683:  2826  2852  2853
  684:  2832  2867  2868
  685:  2836  2853  2857
  686:  2840  2861  2867
  687:  2846  2857  2861
  688:  2847  2870  2873
  689:  2854  2896  2897
  690:  2856  2897  2899
  691:  2860  2881  2892
  692:  2861  2900  2906
  693:  2863  2899  2900
  694:  2866  2892  2896
  695:  2871  2873  2881
  696:  2878  2928  2933
  697:  2885  2922  2927
  698:  2889  2908  2909
  699:  2894  2927  2928
  700:  2898  2933  2935
  701:  2899  2906  2908
  702:  2904  2919  2922
  703:  2906  2909  2919
  704:  2909  2943  2945
  705:  2913  2937  2943
  706:  2914  2959  2961
  707:  2921  2945  2955
  708:  2924  2955  2959
  709:  2929  2935  2937
  710:  2936  2967  2977
  711:  2942  2977  2979
  712:  2947  2979  2983
  713:  2949  2961  2967
  714:  2955  2983  2988
  715:  2962  3004  3005
  716:  2968  3006  3017
  717:  2971  3000  3004
  718:  2974  2991  2996
  719:  2980  2988  2991
  720:  2983  3005  3006
  721:  2987  2996  3000
  722:  2991  3017  3030
  723:  2998  3038  3046
  724:  3003  3036  3037
  725:  3010  3030  3036
  726:  3012  3037  3038
  727:  3014  3017  3017
  728:  3018  3048  3057
  729:  3021  3063  3064
  730:  3026  3066  3067
  731:  3032  3057  3063
  732:  3035  3064  3066
  733:  3042  3046  3048
  734:  3048  3090  3096
  735:  3052  3067  3072
  736:  3055  3072  3074
  737:  3060  3096  3099
  738:  3065  3074  3090
  739:  3071  3112  3121
  740:  3073  3100  3110
  741:  3074  3099  3100
  742:  3076  3110  3112
  743:  3078  3099  3099
  744:  3084  3121  3123
  745:  3086  3121  3121
  746:  3090  3123  3124
  747:  3095  3124  3129
  748:  3102  3129  3134
  749:  3103  3136  3140
  750:  3105  3155  3158
  751:  3106  3140  3140
  752:  3111  3147  3155
  753:  3112  3134  3136
  754:  3113  3141  3147
  755:  3118  3140  3141
  756:  3121  3158  3160
  757:  3128  3155  3155
  758:  3135  3164  3166
  759:  3136  3183  3189
  760:  3140  3168  3176
  761:  3142  3176  3182
  762:  3146  3182  3183
  763:  3149  3167  3168
  764:  3153  3166  3167
  765:  3158  3160  3164
  766:  3159  3182  3182
  767:  3164  3202  3203
  768:  3170  3203  3204
  769:  3174  3208  3216
  770:  3178  3200  3202
  771:  3184  3189  3200
  772:  3187  3204  3208
  773:  3190  3225  3230
  774:  3196  3234  3247
  775:  3198  3230  3230
  776:  3200  3218  3223
  777:  3202  3216  3216
  778:  3206  3216  3218
  779:  3212  3223  3225
  780:  3214  3230  3234
  781:  3220  3247  3253
  782:  3224  3261  3274
  783:  3230  3254  3261
  784:  3234  3253  3254
  785:  3237  3274  3274
  786:  3242  3247  3247
  787:  3245  3253  3253
  788:  3251  3287  3293
  789:  3253  3276  3279
  790:  3259  3274  3276
  791:  3260  3279  3287
  792:  3262  3297  3304
  793:  3263  3296  3297
  794:  3270  3304  3307
  795:  3274  3293  3296
  796:  3277  3326  3327
  797:  3282  3312  3316
  798:  3285  3307  3312
  799:  3291  3327  3329
  800:  3295  3329  3331
  801:  3298  3320  3326
  802:  3299  3327  3327
  803:  3302  3326  3326
  804:  3304  3316  3320
  805:  3311  3335  3338
  806:  3313  3331  3335
  807:  3315  3338  3339
  808:  3317  3343  3348
  809:  3324  3339  3343
  810:  3329  3338  3338
  811:  3336  3376  3382
  812:  3337  3375  3376
  813:  3342  3353  3375
  814:  3346  3348  3353
  815:  3349  3390  3391
  816:  3354  3384  3386
  817:  3356  3389  3390
  818:  3357  3386  3389
  819:  3362  3390  3390
  820:  3368  3408  3412
  821:  3371  3391  3408
  822:  3376  3383  3384
  823:  3380  3382  3383
  824:  3386  3430  3439
  825:  3390  3416  3421
  826:  3397  3421  3429
  827:  3399  3412  3416
  828:  3401  3439  3442
  829:  3408  3439  3439
  830:  3410  3429  3430
  831:  3416  3464  3468
  832:  3423  3452  3457
  833:  3426  3442  3452
  834:  3427  3468  3469
  835:  3431  3460  3464
  836:  3435  3452  3452
  837:  3442  3457  3460
  838:  3443  3498  3499
  839:  3444  3469  3471
  840:  3448  3484  3486
  841:  3449  3489  3496
  842:  3450  3471  3484
  843:  3456  3469  3469
  844:  3459  3496  3498
  845:  3462  3499  3500
  846:  3467  3486  3489
  847:  3474  3518  3525
  848:  3478  3510  3518
  849:  3479  3525  3529
  850:  3484  3509  3510
  851:  3490  3503  3509
  852:  3497  3510  3510
  853:  3499  3529  3530
  854:  3500  3500  3503
  855:  3502  3551  3552
  856:  3504  3553  3555
  857:  3508  3540  3542
  858:  3509  3542  3545
  859:  3515  3530  3535
  860:  3516  3545  3545
  861:  3519  3545  3551
  862:  3525  3552  3553
  863:  3529  3535  3540
  864:  3533  3568  3574
  865:  3536  3561  3565
  866:  3542  3555  3556
  867:  3546  3574  3578
  868:  3551  3556  3561
  869:  3554  3565  3568
  870:  3561  3581  3584
  871:  3563  3584  3591
  872:  3567  3578  3580
  873:  3572  3591  3598
  874:  3577  3598  3602
  875:  3578  3580  3581
  876:  3582  3602  3605
  877:  3589  3613  3625
  878:  3592  3625  3627
  879:  3598  3605  3613
  880:  3603  3627  3630
  881:  3607  3633  3635
  882:  3614  3638  3640
  883:  3615  3635  3636
  884:  3619  3630  3633
  885:  3622  3636  3638
  886:  3628  3640  3649
  887:  3629  3640  3640
  888:  3635  3649  3660
  889:  3639  3660  3679
  890:  3645  3679  3680
  891:  3652  3700  3701
  892:  3654  3690  3693
  893:  3661  3680  3686
  894:  3662  3696  3700
  895:  3666  3701  3701
  896:  3667  3693  3696
  897:  3670  3686  3690
  898:  3674  3708  3709
  899:  3678  3701  3708
  900:  3682  3729  3732
  901:  3688  3719  3720
  902:  3690  3720  3724
  903:  3694  3710  3714
  904:  3698  3718  3719
  905:  3702  3724  3729
  906:  3705  3709  3710
  907:  3707  3714  3718
  908:  3708  3732  3740
  909:  3710  3762  3765
  910:  3711  3765  3767
  911:  3712  3755  3758
  912:  3719  3758  3762
  913:  3723  3741  3755
  914:  3728  3740  3741
  915:  3734  3755  3755
  916:  3740  3741  3741
  917:  3742  3767  3769
  918:  3748  3777  3779
  919:  3749  3785  3787
  920:  3754  3781  3785
  921:  3758  3769  3774
  922:  3760  3774  3777
  923:  3765  3779  3781
  924:  3767  3779  3779
  925:  3769  3814  3826
  926:  3770  3826  3829
  927:  3777  3799  3814
  928:  3782  3787  3798
  929:  3786  3798  3799
  930:  3793  3829  3839
  931:  3800  3839  3840
  932:  3806  3843  3851
  933:  3811  3840  3841
  934:  3816  3856  3858
  935:  3817  3841  3843
  936:  3823  3851  3852
  937:  3826  3852  3856
  938:  3830  3868  3869
  939:  3833  3863  3864
  940:  3835  3864  3867
  941:  3836  3870  3883
  942:  3837  3867  3868
  943:  3838  3883  3888
  944:  3845  3883  3883
  945:  3851  3858  3863
  946:  3854  3869  3870
  947:  3860  3902  3903
  948:  3863  3917  3918
  949:  3865  3896  3902
  950:  3867  3894  3896
  951:  3872  3888  3894
  952:  3878  3918  3918
  953:  3879  3912  3917
  954:  3882  3903  3903
  955:  3884  3903  3912
  956:  3888  3903  3903
  957:  3892  3935  3936
  958:  3897  3934  3935
  959:  3901  3925  3934
  960:  3904  3937  3941
  961:  3910  3936  3937
  962:  3914  3918  3925
  963:  3919  3944  3946
  964:  3923  3957  3958
  965:  3929  3946  3957
  966:  3936  3941  3944
  967:  3943  3979  3982
  968:  3944  3960  3966
  969:  3946  3966  3970
  970:  3950  3982  3984
  971:  3951  3970  3972
  972:  3956  3972  3979
  973:  3958  3958  3960
  974:  3965  4002  4003
  975:  3969  3984  3985
  976:  3971  4004  4007
  977:  3974  3985  3987
  978:  3977  3987  4002
  979:  3979  4007  4013
  980:  3980  4003  4004
  981:  3987  4022  4026
  982:  3992  4013  4020
  983:  3999  4021  4022
  984:  4000  4035  4042
  985:  4003  4026  4035
  986:  4008  4020  4021
  987:  4014  4042  4044
  988:  4017  4044  4053
  989:  4019  4058  4061
  990:  4020  4067  4069
  991:  4025  4061  4061
  992:  4030  4053  4058
  993:  4037  4069  4074
  994:  4042  4061  4067
  995:  4048  4081  4090
  996:  4055  4079  4081
  997:  4056  4076  4079
  998:  4057  4090  4090
  999:  4059  4074  4076
SUM: 4090 4089 0.9998 29.00 24.91 68
