    0:     1     1   454
    1:   317   454   686
    2:   798   798  1147
    3:  1265  1265  1270
    4:  1431  1431  1635
    5:  1452  1635  2164
    6:  1751  2164  2963
    7:  2212  3584  3630
    8:  2264  3072  3125
    9:  2316  3125  3343
   10:  2492  3343  3584
   11:  2803  2963  3072
   12:  2863  3630  3758
   13:  3265  3772  4127
   14:  3331  4611  4630
   15:  3530  4127  4611
   16:  3702  3758  3772
   17:  3980  5028  5213
   18:  4164  4829  5028
   19:  4489  4630  4818
   20:  4508  4818  4829
   21:  4868  5213  5544
   22:  5122  5544  5549
   23:  5516  5549  5579
   24:  5665  5665  5945
   25:  5690  6165  6188
   26:  5734  5945  6165
   27:  5913  6188  6629
   28:  6260  6629  6675
   29:  6560  6839  7667
   30:  6589  6675  6839
   31:  6939  8090  8091
   32:  6956  8091  8235
   33:  7312  7667  8090
   34:  7689  8271  8411
   35:  7744  8614  8841
   36:  7773  8841  8878
   37:  7990  8411  8614
   38:  8228  8235  8271
   39:  8319  8878  8933
   40:  8379  8933  9476
   41:  8593  9476  9500
   42:  9047  9895 10079
   43:  9257  9500  9895
   44:  9734 10731 10845
   45:  9950 10845 10854
   46:  9962 10079 10731
   47: 10171 10854 10901
   48: 10369 10901 10973
   49: 10602 10973 10993
   50: 10851 10993 11419
   51: 11325 11419 11439
   52: 11530 11530 11705
   53: 11593 11705 12211
   54: 11897 12211 12789
   55: 12230 13004 13637
   56: 12503 12789 13004
   57: 12973 13749 14134
   58: 13416 14134 14228
   59: 13447 13637 13749
   60: 13640 14277 14363
   61: 14068 14228 14277
   62: 14385 14385 14607
   63: 14621 14621 14864
   64: 14825 14864 15773
   65: 14918 15781 15806
   66: 15178 16118 16580
   67: 15412 15773 15781
   68: 15671 15806 16118
   69: 16083 16580 16585
   70: 16537 16585 16948
   71: 16967 16967 17003
   72: 17262 17262 17607
   73: 17719 17719 18043
   74: 17801 18118 18543
   75: 17961 18043 18118
   76: 18198 18543 19343
   77: 18680 19343 19410
   78: 18906 19631 19739
   79: 18978 19739 20163
   80: 19168 19410 19631
   81: 19554 20163 20203
   82: 19787 20203 20864
   83: 20206 21600 21609
   84: 20626 20864 21286
   85: 20685 21286 21372
   86: 20764 21372 21600
   87: 20868 21649 21847
   88: 21258 22047 22473
   89: 21372 21609 21649
   90: 21422 21847 22047
   91: 21672 22817 22927
   92: 22036 22532 22817
   93: 22380 22473 22532
   94: 22833 22927 23185
   95: 22857 23185 23731
   96: 22941 24588 24774
   97: 23038 23986 24588
   98: 23071 23731 23986
   99: 23383 24774 24859
  100: 23732 24908 25023
  101: 24061 24898 24908
  102: 24422 24859 24898
  103: 24726 25023 25261
  104: 25222 25261 25593
  105: 25449 25593 26336
  106: 25643 26605 27198
  107: 25979 26336 26359
  108: 26191 26359 26605
  109: 26341 27805 27821
  110: 26441 27786 27805
  111: 26752 27335 27786
  112: 26838 27198 27335
  113: 26841 27821 27915
  114: 27268 28507 28584
  115: 27342 28053 28507
  116: 27530 28584 28760
  117: 27737 27915 28053
  118: 28075 28897 29544
  119: 28379 28760 28897
  120: 28810 29544 29583
  121: 29193 29583 29772
  122: 29204 29772 29961
  123: 29389 29961 29967
  124: 29792 29967 30193
  125: 30182 30193 30859
  126: 30194 31235 31258
  127: 30382 30935 31050
  128: 30495 31050 31235
  129: 30714 30859 30935
  130: 30722 31258 31440
  131: 31041 31440 31633
  132: 31239 31633 31973
  133: 31487 31973 31995
  134: 31528 31995 32025
  135: 31902 32025 32864
  136: 31988 33238 33293
  137: 32088 33293 33616
  138: 32568 32864 33238
  139: 32889 33847 34189
  140: 33012 33695 33847
  141: 33399 33616 33695
  142: 33815 34189 34803
  143: 34051 34803 34895
  144: 34319 35620 35746
  145: 34391 34895 35389
  146: 34642 35389 35620
  147: 35118 35746 35757
  148: 35539 35757 36208
  149: 36029 36208 36683
  150: 36308 36683 36879
  151: 36744 37534 38191
  152: 36868 36879 37534
  153: 37332 38681 39043
  154: 37655 38356 38681
  155: 38144 38191 38356
  156: 38643 39043 39588
  157: 38728 39588 39665
  158: 39182 39665 39852
  159: 39629 39852 40050
  160: 39907 40435 40456
  161: 39909 40050 40435
  162: 40322 40456 41372
  163: 40804 41406 41679
  164: 41007 41383 41406
  165: 41306 41372 41383
  166: 41643 41679 41878
  167: 41993 41993 42445
  168: 42266 42445 42741
  169: 42333 42741 43173
  170: 42433 43173 43255
  171: 42480 43255 43340
  172: 42914 43340 43406
  173: 42930 43406 43919
  174: 43385 43919 44068
  175: 43498 44068 44526
  176: 43982 44526 44765
  177: 44247 45031 45331
  178: 44341 44765 45031
  179: 44575 45331 45531
  180: 44795 46010 46059
  181: 45077 45531 46010
  182: 45347 46170 46257
  183: 45369 46059 46081
  184: 45817 46090 46170
  185: 45961 46081 46090
  186: 46108 46257 46373
  187: 46257 46373 46590
  188: 46581 46590 46758
  189: 47053 47053 47280
  190: 47183 47610 47669
  191: 47198 47280 47610
  192: 47399 48000 48061
  193: 47413 48061 48090
  194: 47443 47669 47996
  195: 47538 47996 48000
  196: 47821 48090 48254
  197: 48131 48674 49229
  198: 48143 48419 48674
  199: 48244 48254 48419
  200: 48667 49440 49609
  201: 48678 49229 49261
  202: 49116 49261 49440
  203: 49270 49609 49643
  204: 49598 49643 49914
  205: 49641 50050 50851
  206: 49854 49914 50050
  207: 49929 50851 50939
  208: 50270 51155 51590
  209: 50481 50939 51026
  210: 50821 51026 51155
  211: 50945 51590 51659
  212: 51131 51975 52280
  213: 51311 51659 51807
  214: 51579 51807 51975
  215: 51739 52344 52892
  216: 51768 52892 52935
  217: 52032 52280 52344
  218: 52365 53177 53468
  219: 52595 52935 52953
  220: 52643 53151 53177
  221: 52765 52953 53151
  222: 53099 53468 53911
  223: 53276 53911 53955
  224: 53565 54048 54568
  225: 53614 53961 54048
  226: 53812 53955 53961
  227: 54067 54661 54765
  228: 54176 54568 54661
  229: 54260 54765 54777
  230: 54480 55035 55045
  231: 54552 54777 55035
  232: 54969 55045 55231
  233: 55186 55231 55404
  234: 55444 55444 55840
  235: 55858 55858 56143
  236: 56082 56143 56682
  237: 56151 56702 56767
  238: 56387 56767 57142
  239: 56623 56682 56702
  240: 56761 57142 57220
  241: 56918 57220 57322
  242: 57378 57378 57532
  243: 57600 57600 58288
  244: 57951 58288 58762
  245: 58400 58762 59232
  246: 58452 59232 59331
  247: 58774 59367 60225
  248: 59135 59331 59367
  249: 59356 60892 60924
  250: 59846 60225 60892
  251: 60273 60924 61114
  252: 60446 61506 61678
  253: 60721 61114 61506
  254: 60965 61905 62648
  255: 61404 61678 61905
  256: 61703 62648 62818
  257: 61924 62818 63143
  258: 61936 63352 63512
  259: 62266 63185 63352
  260: 62517 63143 63185
  261: 62954 63512 63791
  262: 63257 63791 63881
  263: 63531 63881 64070
  264: 63832 64070 64734
  265: 64117 65112 65144
  266: 64250 65161 65300
  267: 64258 64814 65112
  268: 64469 65144 65161
  269: 64688 64734 64814
  270: 64984 65300 65410
  271: 65325 65410 65536
  272: 65582 65582 65649
  273: 65938 65938 66352
  274: 65945 66372 66516
  275: 66079 66352 66372
  276: 66548 66548 66780
  277: 66612 66780 67184
  278: 66944 67184 67317
  279: 67383 67383 67795
  280: 67720 67795 67979
  281: 68146 68146 68638
  282: 68586 68638 68712
  283: 68866 68866 69431
  284: 69085 69704 69734
  285: 69195 69431 69704
  286: 69356 69734 70635
  287: 69468 70671 70773
  288: 69483 70635 70671
  289: 69672 71355 71564
  290: 69830 70913 70962
  291: 70113 70962 71355
  292: 70509 70773 70913
  293: 70910 71971 71976
  294: 71099 72100 72201
  295: 71463 71564 71573
  296: 71531 71976 72100
  297: 71540 71573 71971
  298: 71821 72201 72559
  299: 72267 72559 72800
  300: 72540 72800 73160
  301: 72984 73358 73635
  302: 73060 73160 73358
  303: 73301 73635 73993
  304: 73355 73993 74430
  305: 73560 74566 74657
  306: 73609 74430 74566
  307: 73884 74657 74695
  308: 74119 75335 75479
  309: 74206 75258 75335
  310: 74576 74695 75258
  311: 74722 75781 75791
  312: 74838 75479 75781
  313: 75227 75791 76265
  314: 75546 76265 76390
  315: 75728 76807 76875
  316: 76027 76390 76807
  317: 76346 76939 77568
  318: 76838 76875 76939
  319: 77261 77568 78228
  320: 77588 78228 78394
  321: 78013 78394 78890
  322: 78476 78890 79241
  323: 78751 79241 79246
  324: 78958 79488 80059
  325: 79235 79246 79488
  326: 79715 80059 80181
  327: 79955 80770 80835
  328: 80037 80181 80770
  329: 80534 80835 81443
  330: 81001 81443 81886
  331: 81497 81886 82060
  332: 81805 82060 82158
  333: 81949 82158 82189
  334: 82327 82327 82792
  335: 82674 82792 83069
  336: 82872 83069 83202
  337: 82956 83202 83425
  338: 83431 83431 83829
  339: 83792 83829 84183
  340: 84017 84183 84271
  341: 84279 84279 84412
  342: 84344 84412 84817
  343: 84648 84817 85105
  344: 84782 85105 85415
  345: 84832 85415 85817
  346: 85315 85817 85927
  347: 85684 85927 86417
  348: 86047 87113 87570
  349: 86140 86716 87113
  350: 86223 86417 86716
  351: 86673 87923 88105
  352: 86887 87570 87612
  353: 87331 87612 87923
  354: 87727 88105 88154
  355: 88101 88154 88522
  356: 88548 88548 88579
  357: 88876 88876 89126
  358: 89017 89126 89369
  359: 89177 89369 89654
  360: 89614 89654 89785
  361: 89993 89993 90413
  362: 90251 90413 90757
  363: 90464 90757 91011
  364: 90727 91011 91380
  365: 91092 91399 91462
  366: 91340 91380 91399
  367: 91469 91469 91701
  368: 91821 91821 92600
  369: 91976 92688 93126
  370: 92357 92600 92688
  371: 92728 93126 93285
  372: 92896 93285 93540
  373: 93237 93540 93758
  374: 93573 93830 94373
  375: 93660 93758 93830
  376: 93874 95187 95301
  377: 94069 95301 95315
  378: 94285 94373 95187
  379: 94381 95315 95330
  380: 94598 95360 95367
  381: 94927 95330 95360
  382: 95206 95367 95373
  383: 95636 95636 96292
  384: 95670 96292 96383
  385: 96051 96718 97043
  386: 96167 96383 96718
  387: 96412 97291 97304
  388: 96867 97304 97700
  389: 96963 97043 97291
  390: 97054 97700 97893
  391: 97121 98051 98137
  392: 97272 97893 98051
  393: 97552 98137 98262
  394: 97725 98262 98279
  395: 98075 98279 98306
  396: 98415 98415 98836
  397: 98772 98836 98956
  398: 98912 98956 99293
  399: 99164 99293 99520
  400: 99539 99539 99620
  401: 99631 99631 100346
  402: 100020 100640 100654
  403: 100298 100346 100640
  404: 100724 100724 100799
  405: 100861 100861 101577
  406: 100921 101577 101952
  407: 101245 101952 101967
  408: 101714 102108 102181
  409: 101796 101967 102108
  410: 102279 102279 102933
  411: 102313 103015 103150
  412: 102426 102933 103015
  413: 102871 103150 103289
  414: 103051 103289 103401
  415: 103481 103481 103766
  416: 103814 103814 103880
  417: 103863 103880 104280
  418: 104225 104280 104490
  419: 104294 104490 104568
  420: 104498 104568 104732
  421: 104805 104805 104921
  422: 105217 105217 105482
  423: 105695 105695 106194
  424: 105933 106514 106836
  425: 105958 106194 106514
  426: 106452 106836 106840
  427: 106499 106840 106939
  428: 106950 106950 107719
  429: 107313 108116 108439
  430: 107505 107719 108116
  431: 107694 108439 108652
  432: 108012 108961 109078
  433: 108262 108652 108961
  434: 108330 109078 109238
  435: 108800 109805 109814
  436: 108827 109480 109805
  437: 108866 109238 109480
  438: 109277 110060 110325
  439: 109600 109814 110060
  440: 109680 110325 110986
  441: 110053 111131 111824
  442: 110461 111010 111131
  443: 110645 110986 111010
  444: 111060 111824 111877
  445: 111554 111877 111996
  446: 111897 111996 112150
  447: 112031 112150 112195
  448: 112456 112456 112903
  449: 112799 112903 113120
  450: 113004 113120 113478
  451: 113272 113492 113641
  452: 113366 113478 113492
  453: 113540 113641 114096
  454: 113867 114899 115081
  455: 114024 114096 114899
  456: 114371 115564 116016
  457: 114854 115081 115564
  458: 115307 116180 116290
  459: 115425 116290 116691
  460: 115641 116016 116180
  461: 116118 117204 117307
  462: 116416 116979 117204
  463: 116639 116691 116979
  464: 117137 117307 117322
  465: 117356 117356 117629
  466: 117740 117740 118307
  467: 118179 118307 118326
  468: 118476 118476 119205
  469: 118961 119205 119227
  470: 119074 119227 119262
  471: 119108 119262 119900
  472: 119282 120567 120788
  473: 119501 120147 120567
  474: 119687 119900 120147
  475: 120184 120788 121560
  476: 120636 121560 121702
  477: 121101 121702 122149
  478: 121188 122149 122272
  479: 121664 122272 122479
  480: 121922 122593 122699
  481: 122213 122479 122593
  482: 122398 122699 122767
  483: 122520 122767 123273
  484: 122865 123953 124023
  485: 122974 123273 123322
  486: 123225 123322 123953
  487: 123646 124504 124660
  488: 123807 124023 124088
  489: 123862 124088 124504
  490: 124341 125098 125429
  491: 124593 124660 124671
  492: 124621 124671 125098
  493: 124805 125429 125555
  494: 125214 125555 125645
  495: 125416 125645 125659
  496: 125774 125774 126427
  497: 126086 127274 127329
  498: 126311 126427 126546
  499: 126338 127142 127274
  500: 126382 126825 127142
  501: 126413 126546 126825
  502: 126694 128128 128146
  503: 126917 127800 128128
  504: 127010 127389 127800
  505: 127302 127329 127389
  506: 127635 128668 128958
  507: 127642 128146 128326
  508: 127907 128326 128668
  509: 128386 128958 129216
  510: 128738 129216 129231
  511: 129081 129231 129288
  512: 129259 129288 129397
  513: 129514 129514 130009
  514: 129606 130009 130250
  515: 130082 130250 130545
  516: 130503 130545 130802
  517: 130935 130935 131326
  518: 131395 131395 131489
  519: 131542 131542 131745
  520: 131978 131978 132749
  521: 132107 132749 133090
  522: 132594 133124 133357
  523: 132726 133090 133124
  524: 133053 133357 133405
  525: 133481 133481 133619
  526: 133776 133776 133959
  527: 134169 134169 134571
  528: 134598 134598 135247
  529: 134976 135247 135501
  530: 135409 135501 136168
  531: 135568 136168 136184
  532: 135660 136413 136793
  533: 135984 136184 136413
  534: 136190 136970 137435
  535: 136375 136967 136970
  536: 136385 137450 137587
  537: 136519 136793 136967
  538: 136608 137435 137450
  539: 137083 137587 138096
  540: 137399 138096 138187
  541: 137896 138187 138320
  542: 137946 138540 139084
  543: 137966 138320 138540
  544: 138317 139685 140014
  545: 138450 139585 139685
  546: 138652 139084 139120
  547: 138723 139305 139510
  548: 138773 139120 139305
  549: 138818 139510 139585
  550: 139095 140018 140399
  551: 139500 140399 140513
  552: 139687 140014 140018
  553: 140122 140513 140535
  554: 140551 140551 140817
  555: 141030 141030 141358
  556: 141097 141358 141820
  557: 141433 141820 142539
  558: 141882 142906 143017
  559: 142199 142539 142906
  560: 142598 143017 143208
  561: 142607 143208 143908
  562: 143050 143908 143950
  563: 143447 143950 144774
  564: 143926 144798 144874
  565: 144176 145035 145246
  566: 144350 145246 145447
  567: 144395 144874 145035
  568: 144592 144774 144798
  569: 144732 145447 145506
  570: 145123 145506 145519
  571: 145496 145519 146197
  572: 145594 146358 146729
  573: 145671 146729 147053
  574: 145739 146214 146358
  575: 146089 146197 146214
  576: 146438 147541 147676
  577: 146509 147053 147541
  578: 146951 147676 147894
  579: 147237 147894 147990
  580: 147649 148657 148757
  581: 147827 147990 148657
  582: 148021 148880 149132
  583: 148472 149132 149467
  584: 148678 148757 148867
  585: 148698 148867 148880
  586: 148911 149467 149471
  587: 148970 149471 149635
  588: 149076 149911 149986
  589: 149437 149635 149911
  590: 149471 150229 150623
  591: 149614 150626 150965
  592: 149687 150623 150626
  593: 149863 149986 150229
  594: 150047 150965 151125
  595: 150484 151818 151858
  596: 150486 151659 151818
  597: 150671 151125 151659
  598: 151013 152080 152129
  599: 151103 151858 151953
  600: 151333 151953 152076
  601: 151482 152272 152744
  602: 151489 152129 152272
  603: 151747 152076 152080
  604: 152094 152871 153393
  605: 152382 152771 152871
  606: 152715 152744 152771
  607: 152981 153393 153966
  608: 153127 153966 154039
  609: 153550 154203 154263
  610: 153958 154039 154203
  611: 154387 154387 154544
  612: 154866 154866 155455
  613: 154973 155620 155868
  614: 155226 155455 155620
  615: 155598 155868 156194
  616: 155908 156194 157119
  617: 156338 157452 157708
  618: 156570 157234 157452
  619: 157001 157119 157234
  620: 157311 157708 157903
  621: 157773 157903 158053
  622: 157925 158053 158222
  623: 157977 158222 158363
  624: 158150 158363 158717
  625: 158281 158717 159507
  626: 158619 159507 159547
  627: 159111 159625 160061
  628: 159288 159547 159625
  629: 159429 160061 160288
  630: 159728 160932 161123
  631: 160146 160454 160932
  632: 160184 160288 160454
  633: 160612 161123 161636
  634: 160651 161793 161813
  635: 161002 161723 161793
  636: 161082 161636 161723
  637: 161577 161813 162067
  638: 161621 162201 162436
  639: 161654 162067 162096
  640: 161679 162096 162201
  641: 161979 162927 163069
  642: 162206 162436 162927
  643: 162390 163069 163152
  644: 162784 163152 163312
  645: 163122 163312 163575
  646: 163463 163575 163700
  647: 163768 163768 164015
  648: 163874 164015 164309
  649: 164026 164309 164484
  650: 164119 164484 164767
  651: 164616 164767 165106
  652: 164936 165106 165742
  653: 165343 165956 165996
  654: 165384 165742 165843
  655: 165468 165996 166592
  656: 165575 165843 165956
  657: 166007 166692 167129
  658: 166186 166606 166692
  659: 166428 166592 166606
  660: 166872 167129 167637
  661: 167141 167651 168074
  662: 167480 167637 167651
  663: 167647 168308 168396
  664: 167955 168074 168142
  665: 168049 168142 168308
  666: 168374 168396 169108
  667: 168452 169177 169218
  668: 168536 169218 169898
  669: 168548 169118 169177
  670: 168976 169108 169118
  671: 169169 170618 170798
  672: 169651 169898 170618
  673: 170023 171079 171170
  674: 170267 170859 171079
  675: 170502 171170 171225
  676: 170700 170798 170859
  677: 171175 171225 171525
  678: 171256 171525 171734
  679: 171742 171742 172237
  680: 172206 172237 172857
  681: 172500 172857 173275
  682: 172672 173275 173441
  683: 173108 173441 173673
  684: 173467 173673 174056
  685: 173850 174056 174375
  686: 173895 174375 174798
  687: 174220 174798 174898
  688: 174424 174898 175241
  689: 174613 175241 175741
  690: 174928 175741 175787
  691: 175066 176410 176610
  692: 175498 175787 176410
  693: 175551 176610 176611
  694: 175808 176611 176664
  695: 176213 176984 177028
  696: 176334 176664 176984
  697: 176346 177028 177172
  698: 176419 177452 177482
  699: 176470 177172 177452
  700: 176868 177493 177510
  701: 177090 177482 177493
  702: 177103 177510 178282
  703: 177574 178624 178737
  704: 177822 178430 178624
  705: 177988 178341 178430
  706: 178075 178737 178912
  707: 178154 178282 178341
  708: 178574 179706 179797
  709: 178608 179182 179706
  710: 178781 178912 179182
  711: 179181 179962 180122
  712: 179321 180122 180359
  713: 179410 179815 179962
  714: 179773 179797 179815
  715: 179922 180440 180663
  716: 179999 180359 180440
  717: 180205 180663 181005
  718: 180628 181167 181180
  719: 180936 181005 181167
  720: 181275 181275 181871
  721: 181511 181871 181968
  722: 181792 181968 182191
  723: 182240 182240 182468
  724: 182690 182690 183252
  725: 183071 183252 183971
  726: 183494 184089 184524
  727: 183913 183971 184089
  728: 184109 184968 185069
  729: 184389 184524 184968
  730: 184540 185509 185911
  731: 184862 185069 185509
  732: 185166 186512 186714
  733: 185487 185911 186317
  734: 185694 186317 186512
  735: 186094 186714 186752
  736: 186201 186752 186931
  737: 186677 186931 187435
  738: 187131 187465 187506
  739: 187223 187435 187465
  740: 187631 187631 187729
  741: 187660 187729 188012
  742: 187917 188012 188245
  743: 188315 188315 188325
  744: 188774 188774 189324
  745: 188789 189324 189459
  746: 188899 189459 189912
  747: 189241 189912 190067
  748: 189609 190067 190571
  749: 189752 190571 190745
  750: 190046 190745 190809
  751: 190171 191491 191524
  752: 190353 190809 190924
  753: 190645 190924 190995
  754: 190673 190995 191491
  755: 190716 191524 191594
  756: 191076 192412 192503
  757: 191346 192310 192412
  758: 191368 191684 192310
  759: 191441 191594 191684
  760: 191790 192503 192535
  761: 191884 193232 193278
  762: 192311 192535 193232
  763: 192687 193559 193761
  764: 192788 193761 194311
  765: 193160 193355 193559
  766: 193226 193278 193355
  767: 193525 194530 194768
  768: 193626 194311 194455
  769: 194013 194455 194530
  770: 194492 194950 195132
  771: 194560 194948 194950
  772: 194564 194768 194948
  773: 195023 195930 195939
  774: 195032 195277 195930
  775: 195042 195132 195277
  776: 195163 195982 196095
  777: 195482 195939 195982
  778: 195525 196174 196277
  779: 195870 196095 196174
  780: 196087 196277 196321
  781: 196129 196321 196452
  782: 196347 196524 196569
  783: 196381 196452 196524
  784: 196817 196817 196976
  785: 197268 197268 197282
  786: 197621 197621 198412
  787: 197876 198803 199090
  788: 198235 198412 198803
  789: 198622 199090 199110
  790: 198870 199110 199169
  791: 199097 199169 199225
  792: 199101 199225 199869
  793: 199521 200161 200263
  794: 199787 199869 200161
  795: 200250 200263 200744
  796: 200487 200744 201219
  797: 200691 201219 201554
  798: 200973 201554 201665
  799: 200990 201665 202026
  800: 201467 202026 202480
  801: 201527 202480 202608
  802: 201716 202608 202762
  803: 202072 202762 202792
  804: 202379 202792 203150
  805: 202532 203150 203190
  806: 202986 203190 203553
  807: 203196 203553 203596
  808: 203641 203641 204154
  809: 203889 204154 204249
  810: 204343 204343 204344
  811: 204540 204540 204581
  812: 205001 205001 205423
  813: 205273 205423 205739
  814: 205701 205739 205831
  815: 206152 206152 206382
  816: 206375 206382 207169
  817: 206777 207169 207972
  818: 207209 207972 208280
  819: 207528 208280 208319
  820: 208014 208319 208785
  821: 208460 208785 208850
  822: 208958 208958 209524
  823: 209402 209524 210096
  824: 209819 210239 210597
  825: 209974 210096 210239
  826: 210380 210597 210918
  827: 210444 210918 210946
  828: 210700 210946 211006
  829: 210813 211006 211310
  830: 210942 211310 211551
  831: 211033 211660 212346
  832: 211111 212346 212628
  833: 211378 211551 211660
  834: 211633 213362 213442
  835: 211884 213067 213134
  836: 211945 213134 213220
  837: 212128 213442 213497
  838: 212485 213220 213362
  839: 212489 212628 213067
  840: 212810 213497 213697
  841: 212957 213801 213832
  842: 212972 213797 213801
  843: 213068 213832 213921
  844: 213119 213697 213797
  845: 213577 214085 214433
  846: 213852 214433 214693
  847: 213886 213921 214085
  848: 213931 215195 215198
  849: 214296 214828 215195
  850: 214686 214693 214828
  851: 214729 215198 215498
  852: 215046 215498 215949
  853: 215060 215949 216054
  854: 215415 216207 216366
  855: 215865 216366 216683
  856: 216044 216054 216207
  857: 216449 216683 216718
  858: 216760 216760 217145
  859: 217227 217227 217948
  860: 217439 217948 218074
  861: 217482 218074 218200
  862: 217959 218200 219021
  863: 218302 219021 219132
  864: 218683 219132 219506
  865: 219007 219506 219633
  866: 219335 219633 219824
  867: 219561 219824 220270
  868: 219657 220270 220460
  869: 219978 220523 220883
  870: 220237 220460 220523
  871: 220367 220883 220907
  872: 220737 221422 221715
  873: 220872 220907 221422
  874: 220910 221940 221967
  875: 220956 221967 222264
  876: 220986 221931 221940
  877: 221227 221715 221774
  878: 221395 221862 221931
  879: 221425 221774 221862
  880: 221720 222264 222471
  881: 222044 222471 222932
  882: 222268 222996 223078
  883: 222538 223078 223617
  884: 222830 222932 222996
  885: 223104 223784 224486
  886: 223469 223617 223784
  887: 223963 224639 224852
  888: 224404 224486 224639
  889: 224824 224852 225339
  890: 225058 225339 225367
  891: 225290 225367 225771
  892: 225346 226002 226345
  893: 225617 225771 225848
  894: 225677 225848 226002
  895: 225954 226345 226580
  896: 226112 226580 227089
  897: 226594 227391 227651
  898: 226748 227089 227391
  899: 226952 227651 227781
  900: 227298 227781 227843
  901: 227300 227878 228447
  902: 227684 227843 227878
  903: 228133 228447 228675
  904: 228260 228675 228762
  905: 228566 228762 228777
  906: 228902 228902 229546
  907: 229029 229617 230253
  908: 229044 230261 230265
  909: 229163 229546 229617
  910: 229365 230253 230261
  911: 229797 230265 230341
  912: 230212 230341 230574
  913: 230367 230574 230727
  914: 230817 230817 230947
  915: 230833 231197 231600
  916: 230939 230947 231197
  917: 231254 232176 232252
  918: 231432 231600 232176
  919: 231664 232270 232362
  920: 232114 232252 232270
  921: 232500 232500 233382
  922: 232723 233382 233801
  923: 232729 233801 234115
  924: 233130 234115 234199
  925: 233457 234414 234634
  926: 233472 234199 234414
  927: 233772 234634 234896
  928: 234207 234896 234948
  929: 234306 234948 235089
  930: 234366 235525 235629
  931: 234682 235089 235525
  932: 235027 235850 236105
  933: 235299 235629 235811
  934: 235574 235811 235850
  935: 235648 236105 236291
  936: 235749 236490 236762
  937: 235965 236291 236490
  938: 236207 236762 237239
  939: 236656 237239 237396
  940: 236960 237396 237661
  941: 237404 237661 237748
  942: 237871 237871 238022
  943: 238121 238121 238436
  944: 238322 238436 238538
  945: 238610 238610 238788
  946: 239077 239077 239390
  947: 239507 239507 239922
  948: 239745 239922 240141
  949: 240083 240141 240519
  950: 240292 240519 241316
  951: 240532 241406 241700
  952: 240907 241316 241406
  953: 241043 241700 242086
  954: 241224 242086 242149
  955: 241486 242390 242949
  956: 241850 242149 242390
  957: 242157 242949 243260
  958: 242609 243614 243804
  959: 242842 243260 243614
  960: 243252 243804 243877
  961: 243669 244528 244589
  962: 243798 243877 244528
  963: 243990 244589 244609
  964: 244042 244821 245285
  965: 244426 244609 244821
  966: 244870 245285 245475
  967: 244944 245647 245863
  968: 245028 245475 245647
  969: 245466 245863 245971
  970: 245764 245971 246099
  971: 246017 246099 246176
  972: 246426 246426 246630
  973: 246921 246921 247523
  974: 247041 247668 248079
  975: 247058 248079 248473
  976: 247310 247523 247668
  977: 247721 249082 249173
  978: 248004 248473 248617
  979: 248255 248681 249082
  980: 248390 248617 248681
  981: 248489 249588 249776
  982: 248751 249244 249588
  983: 249152 249173 249244
  984: 249538 249986 250295
  985: 249651 249776 249986
  986: 249693 250295 250348
  987: 250042 250348 250520
  988: 250470 250520 250735
  989: 250785 250785 251375
  990: 250859 251930 251940
  991: 250941 251375 251930
  992: 251209 251940 252264
  993: 251419 252782 253149
  994: 251518 252274 252328
  995: 251907 252328 252782
  996: 252006 252264 252274
  997: 252322 253691 253769
  998: 252486 253249 253481
  999: 252695 253149 253149
 1000: 252754 253481 253691
 1001: 252992 253149 253249
 1002: 253182 254290 254352
 1003: 253237 253787 254290
 1004: 253671 253769 253787
 1005: 253841 254352 254510
 1006: 254045 254510 254998
 1007: 254383 255323 255437
 1008: 254631 256158 256284
 1009: 254657 254998 255188
 1010: 254670 255188 255323
 1011: 254754 255437 256158
 1012: 255160 256912 256989
 1013: 255635 256284 256328
 1014: 255756 256546 256555
 1015: 255880 256328 256546
 1016: 255889 256585 256912
 1017: 256172 256555 256585
 1018: 256625 257017 257115
 1019: 256945 256989 257017
 1020: 257155 257155 257459
 1021: 257553 257553 257704
 1022: 257798 257798 258155
 1023: 258187 258187 258701
 1024: 258474 258701 258857
 1025: 258817 258857 259088
 1026: 259149 259149 259405
 1027: 259563 259563 259942
 1028: 259894 259942 260244
 1029: 260205 260244 260370
 1030: 260281 260370 260402
 1031: 260415 260415 261118
 1032: 260716 261457 261783
 1033: 261002 261118 261457
 1034: 261259 261884 262606
 1035: 261403 261783 261884
 1036: 261502 262606 262735
 1037: 261887 263199 263339
 1038: 262167 263017 263199
 1039: 262506 262735 262786
 1040: 262697 262786 263017
 1041: 263067 263460 263980
 1042: 263180 263339 263460
 1043: 263444 264085 264822
 1044: 263619 263980 264085
 1045: 264018 265080 265209
 1046: 264032 265461 265646
 1047: 264370 264822 265080
 1048: 264822 265209 265461
 1049: 264894 265709 265999
 1050: 265128 265999 266013
 1051: 265307 266013 266247
 1052: 265567 265646 265709
 1053: 265746 266247 266831
 1054: 266086 266850 266875
 1055: 266197 266831 266850
 1056: 266401 267481 267800
 1057: 266459 266875 267472
 1058: 266726 267472 267481
 1059: 266990 267800 267877
 1060: 267390 267934 268437
 1061: 267587 267877 267934
 1062: 267785 268437 268692
 1063: 268017 268704 268922
 1064: 268180 268922 269230
 1065: 268542 269230 269414
 1066: 268565 268692 268704
 1067: 268797 269517 269847
 1068: 268905 269414 269444
 1069: 269232 269444 269517
 1070: 269665 269847 270158
 1071: 270148 270158 270761
 1072: 270570 270761 270955
 1073: 271028 271028 271328
 1074: 271392 271392 271456
 1075: 271527 271527 271613
 1076: 271915 271915 272050
 1077: 272097 272097 272590
 1078: 272467 272590 273247
 1079: 272706 273873 274009
 1080: 272927 273247 273873
 1081: 273360 274359 274518
 1082: 273505 274053 274359
 1083: 273535 274518 274536
 1084: 273614 274536 274743
 1085: 273818 274009 274053
 1086: 274115 275016 275083
 1087: 274266 274743 275016
 1088: 274495 275083 275239
 1089: 274908 275239 275269
 1090: 275241 275269 275360
 1091: 275602 275602 275947
 1092: 275985 275985 276341
 1093: 276294 276341 276764
 1094: 276754 276764 277175
 1095: 277044 277175 277440
 1096: 277196 277440 277523
 1097: 277624 277624 277774
 1098: 278014 278014 278334
 1099: 278068 278334 278356
 1100: 278385 278385 278807
 1101: 278868 278868 279154
 1102: 279315 279315 279353
 1103: 279652 279652 279736
 1104: 279897 279897 280045
 1105: 280168 280168 280511
 1106: 280468 280511 280619
 1107: 280769 280769 280872
 1108: 280946 280946 281091
 1109: 281386 281386 281438
 1110: 281548 281548 281734
 1111: 281868 281868 282037
 1112: 282323 282323 282456
 1113: 282438 282456 282649
 1114: 282646 282649 283002
 1115: 282961 283002 283287
 1116: 283389 283389 283933
 1117: 283532 283933 284088
 1118: 283966 284088 284298
 1119: 284019 284298 284900
 1120: 284251 285193 285776
 1121: 284511 284900 285193
 1122: 284969 286205 286353
 1123: 285187 286159 286205
 1124: 285362 285802 286159
 1125: 285637 285776 285802
 1126: 286028 286353 286421
 1127: 286182 286421 286922
 1128: 286528 286922 287077
 1129: 286721 287077 287504
 1130: 287160 287504 287598
 1131: 287243 287598 288317
 1132: 287551 288567 288601
 1133: 287796 288457 288567
 1134: 288004 288317 288457
 1135: 288428 288683 289194
 1136: 288552 288601 288683
 1137: 289027 289194 289909
 1138: 289275 289909 290132
 1139: 289495 290132 290591
 1140: 289850 290591 290735
 1141: 290113 291151 291234
 1142: 290207 290846 290892
 1143: 290302 290735 290846
 1144: 290490 290892 291151
 1145: 290988 291234 291471
 1146: 291286 291471 291565
 1147: 291784 291784 291837
 1148: 292092 292092 292363
 1149: 292444 292444 292896
 1150: 292487 292896 293416
 1151: 292946 293731 294265
 1152: 293410 293416 293731
 1153: 293662 294265 294355
 1154: 293792 294355 294877
 1155: 293930 294877 294902
 1156: 294401 294902 295071
 1157: 294635 295071 295743
 1158: 294955 296125 296511
 1159: 294963 295743 295857
 1160: 295082 295857 295863
 1161: 295220 296646 296688
 1162: 295308 295863 296125
 1163: 295336 296612 296646
 1164: 295717 296511 296612
 1165: 296132 296688 296701
 1166: 296291 296701 296800
 1167: 296385 296800 297304
 1168: 296696 297304 297752
 1169: 297033 297752 297942
 1170: 297355 297942 298010
 1171: 297785 298010 298375
 1172: 298164 298375 298633
 1173: 298524 298633 298703
 1174: 299020 299020 299357
 1175: 299230 299357 299862
 1176: 299605 299862 300328
 1177: 299640 300328 300558
 1178: 300127 300748 301359
 1179: 300489 300558 300748
 1180: 300934 301441 301789
 1181: 301228 301359 301441
 1182: 301382 301789 302011
 1183: 301611 302011 302165
 1184: 301848 302165 302963
 1185: 302257 302963 302977
 1186: 302302 303765 303772
 1187: 302657 303772 303941
 1188: 302663 303095 303524
 1189: 302788 302977 303095
 1190: 302874 303524 303765
 1191: 302992 303941 304016
 1192: 303178 304612 304632
 1193: 303605 304360 304592
 1194: 303823 304262 304360
 1195: 303867 304592 304612
 1196: 303936 304016 304262
 1197: 304205 304941 305391
 1198: 304434 304632 304941
 1199: 304625 305391 305878
 1200: 304693 306588 306610
 1201: 304722 306485 306588
 1202: 305164 305917 306045
 1203: 305202 305878 305917
 1204: 305303 306438 306485
 1205: 305754 306045 306438
 1206: 305756 306610 306674
 1207: 305906 306690 306911
 1208: 306131 306674 306690
 1209: 306494 306911 307422
 1210: 306862 307568 307629
 1211: 306971 307489 307568
 1212: 307218 307629 307686
 1213: 307381 307422 307489
 1214: 307760 307760 307807
 1215: 308206 308206 308390
 1216: 308664 308664 308720
 1217: 308725 308725 308874
 1218: 309086 309086 309688
 1219: 309436 309688 310414
 1220: 309701 310734 310736
 1221: 309852 310736 310805
 1222: 310225 310414 310734
 1223: 310682 310805 311143
 1224: 311063 311447 311589
 1225: 311106 311143 311447
 1226: 311335 311901 312550
 1227: 311524 311653 311901
 1228: 311557 311589 311653
 1229: 312013 313049 313069
 1230: 312222 312550 313049
 1231: 312582 313453 313597
 1232: 312961 313087 313089
 1233: 313031 313089 313453
 1234: 313055 313069 313087
 1235: 313259 313738 314121
 1236: 313483 314121 314256
 1237: 313541 313597 313738
 1238: 313701 314885 314938
 1239: 313898 314487 314885
 1240: 314236 314256 314487
 1241: 314529 314938 315043
 1242: 314924 315043 315874
 1243: 314971 315874 315985
 1244: 315309 316745 316834
 1245: 315650 315985 316745
 1246: 316057 317127 317232
 1247: 316274 317293 317400
 1248: 316400 317400 317404
 1249: 316428 316834 317127
 1250: 316639 317232 317293
 1251: 317080 317404 317700
 1252: 317171 318106 318574
 1253: 317207 317700 318070
 1254: 317224 318070 318106
 1255: 317519 318753 319286
 1256: 317996 318574 318753
 1257: 318421 319286 319319
 1258: 318495 319319 319520
 1259: 318797 319520 319640
 1260: 319275 319640 320177
 1261: 319737 320249 320659
 1262: 320085 320177 320249
 1263: 320258 320659 320839
 1264: 320728 320839 321386
 1265: 320855 321386 321425
 1266: 321291 321425 321652
 1267: 321411 321652 321734
 1268: 321481 321734 321991
 1269: 321761 321991 322129
 1270: 322152 322152 322174
 1271: 322596 322596 323180
 1272: 322763 323180 323183
 1273: 323005 323183 323439
 1274: 323349 323439 323834
 1275: 323504 323982 324390
 1276: 323693 323834 323982
 1277: 323901 324990 325198
 1278: 324200 324390 324510
 1279: 324215 324510 324733
 1280: 324300 324733 324990
 1281: 324754 325198 325231
 1282: 324966 325231 325337
 1283: 325017 325337 325752
 1284: 325249 325752 325852
 1285: 325619 325852 326269
 1286: 326029 326269 326652
 1287: 326523 326652 327128
 1288: 326709 327221 327632
 1289: 327029 327128 327221
 1290: 327310 327632 328113
 1291: 327664 328113 328123
 1292: 327760 328273 328940
 1293: 327772 328123 328273
 1294: 328219 329001 329013
 1295: 328387 328940 329001
 1296: 328557 329174 329205
 1297: 328613 329205 329724
 1298: 328811 329013 329174
 1299: 328976 329724 329822
 1300: 329417 329983 330611
 1301: 329474 329822 329983
 1302: 329827 330617 330639
 1303: 330257 330611 330617
 1304: 330545 330639 331039
 1305: 330617 331391 332104
 1306: 330845 331189 331391
 1307: 330888 331039 331189
 1308: 331379 332104 332135
 1309: 331602 332811 332903
 1310: 331685 332135 332811
 1311: 332157 333175 333274
 1312: 332174 333624 333723
 1313: 332310 333274 333348
 1314: 332447 332903 333175
 1315: 332595 333348 333624
 1316: 332935 334054 334077
 1317: 333365 333723 334054
 1318: 333622 334077 334386
 1319: 333857 334784 335014
 1320: 333969 334423 334490
 1321: 334086 334386 334423
 1322: 334322 334490 334784
 1323: 334490 335014 335377
 1324: 334707 335522 335706
 1325: 334874 335377 335522
 1326: 335160 336107 336209
 1327: 335215 335874 335883
 1328: 335385 335883 336107
 1329: 335406 335706 335874
 1330: 335902 336209 336267
 1331: 336289 336289 336624
 1332: 336666 336666 336704
 1333: 336699 336704 337070
 1334: 336879 337070 337337
 1335: 337061 337337 337385
 1336: 337139 337385 337400
 1337: 337274 337400 337429
 1338: 337737 337737 337758
 1339: 337781 337781 338029
 1340: 337979 338029 338093
 1341: 338461 338461 339006
 1342: 338815 339006 339901
 1343: 339104 339901 339926
 1344: 339334 340329 340498
 1345: 339668 339926 340329
 1346: 340150 340596 340871
 1347: 340215 340498 340596
 1348: 340257 340871 341120
 1349: 340753 341120 341368
 1350: 341121 341818 342354
 1351: 341137 341368 341818
 1352: 341618 342354 342408
 1353: 341880 342718 342992
 1354: 342337 342408 342718
 1355: 342462 343130 343568
 1356: 342482 343568 343664
 1357: 342623 343016 343130
 1358: 342769 342992 343016
 1359: 343170 343919 344202
 1360: 343414 343902 343919
 1361: 343518 343664 343902
 1362: 343977 344202 344616
 1363: 344064 344616 344954
 1364: 344332 344954 345120
 1365: 344555 345120 345227
 1366: 344819 345227 345432
 1367: 344904 345432 345443
 1368: 345297 345443 345649
 1369: 345487 345649 345653
 1370: 345643 345653 345721
 1371: 345651 345721 345999
 1372: 346077 346077 346132
 1373: 346130 346132 346287
 1374: 346212 346287 347051
 1375: 346663 347051 347305
 1376: 346854 347659 347849
 1377: 346909 347305 347659
 1378: 347135 347849 348024
 1379: 347287 348723 348730
 1380: 347515 348178 348491
 1381: 347649 348491 348723
 1382: 347766 348024 348178
 1383: 348005 349270 349700
 1384: 348074 348730 348862
 1385: 348436 348981 349270
 1386: 348683 348862 348981
 1387: 349087 349887 350026
 1388: 349108 350026 350594
 1389: 349355 349700 349887
 1390: 349768 350654 351233
 1391: 350200 351233 351420
 1392: 350455 350594 350654
 1393: 350711 352029 352175
 1394: 350843 351931 352029
 1395: 351322 351420 351931
 1396: 351608 352331 352912
 1397: 351962 352175 352331
 1398: 352297 352912 352953
 1399: 352713 353325 353575
 1400: 352738 353311 353325
 1401: 352869 352953 353311
 1402: 353019 354039 354311
 1403: 353466 353575 354039
 1404: 353962 354311 354629
 1405: 354239 354629 355057
 1406: 354634 355331 355455
 1407: 354650 355455 355575
 1408: 354849 355212 355331
 1409: 354982 355057 355212
 1410: 355164 355575 355649
 1411: 355357 355649 356362
 1412: 355585 357174 357207
 1413: 355960 356717 357174
 1414: 356102 356362 356717
 1415: 356571 357315 357447
 1416: 356644 357207 357315
 1417: 357085 357447 357561
 1418: 357224 357561 357890
 1419: 357621 358682 358764
 1420: 357706 358073 358682
 1421: 357751 357890 358073
 1422: 358138 358860 358911
 1423: 358270 358764 358860
 1424: 358605 358911 359321
 1425: 359025 359321 359817
 1426: 359406 359817 360007
 1427: 359895 360007 360014
 1428: 360057 360057 360568
 1429: 360231 360568 360689
 1430: 360390 360689 361010
 1431: 360863 361010 361186
 1432: 361109 361186 361550
 1433: 361567 361567 361623
 1434: 361871 361871 361932
 1435: 361893 362508 363151
 1436: 361926 361932 362508
 1437: 362297 363151 363213
 1438: 362427 363304 364228
 1439: 362435 363230 363304
 1440: 362706 363213 363230
 1441: 363191 364234 364538
 1442: 363234 365110 365182
 1443: 363497 364538 364644
 1444: 363838 364896 365110
 1445: 363850 364228 364234
 1446: 363934 365182 365203
 1447: 364168 364644 364896
 1448: 364568 365763 365789
 1449: 364787 365690 365763
 1450: 364836 365203 365690
 1451: 364932 365789 366009
 1452: 365242 367008 367059
 1453: 365246 366149 367008
 1454: 365718 366009 366149
 1455: 366127 367278 367579
 1456: 366569 367096 367278
 1457: 366967 367059 367096
 1458: 367338 367642 367743
 1459: 367531 367579 367642
 1460: 367633 367743 367829
 1461: 367847 367847 367884
 1462: 368038 368038 368563
 1463: 368058 369076 369276
 1464: 368201 368563 368983
 1465: 368500 368983 369076
 1466: 368982 369677 369881
 1467: 369258 369276 369677
 1468: 369622 369998 370110
 1469: 369858 369881 369998
 1470: 370152 370152 370423
 1471: 370234 370423 370607
 1472: 370275 370607 371094
 1473: 370499 371220 371231
 1474: 370643 371094 371220
 1475: 370769 371372 371562
 1476: 370893 371231 371372
 1477: 371328 371562 371702
 1478: 371620 371702 371979
 1479: 372031 372031 372070
 1480: 372226 372226 372677
 1481: 372356 372677 372742
 1482: 372463 372742 373201
 1483: 372936 373201 373329
 1484: 373125 373329 373853
 1485: 373434 374218 374402
 1486: 373790 373853 374218
 1487: 374012 374475 374574
 1488: 374385 374402 374475
 1489: 374696 374696 375455
 1490: 375062 375455 376295
 1491: 375328 376295 376401
 1492: 375609 376943 376980
 1493: 375918 376980 377236
 1494: 376076 376676 376943
 1495: 376087 376401 376676
 1496: 376519 377372 377643
 1497: 376552 377238 377306
 1498: 376602 377306 377372
 1499: 376614 377643 377839
 1500: 376830 377839 378002
 1501: 377054 377236 377238
 1502: 377267 378002 378254
 1503: 377739 378254 378972
 1504: 378134 379654 379697
 1505: 378241 379601 379654
 1506: 378463 379697 379878
 1507: 378717 379020 379139
 1508: 378794 378972 379020
 1509: 378873 379139 379601
 1510: 379158 380378 380445
 1511: 379248 380087 380191
 1512: 379481 380191 380378
 1513: 379738 379878 380059
 1514: 379869 380059 380087
 1515: 379893 380876 380960
 1516: 379984 380445 380761
 1517: 380406 380761 380876
 1518: 380602 380960 381052
 1519: 380997 381052 381655
 1520: 381175 381655 381835
 1521: 381530 381835 382633
 1522: 381907 382803 383555
 1523: 382313 382633 382740
 1524: 382488 382740 382803
 1525: 382679 384496 384544
 1526: 382757 383699 384186
 1527: 382936 384186 384245
 1528: 383343 384245 384496
 1529: 383439 383555 383699
 1530: 383646 384867 385226
 1531: 384033 384846 384867
 1532: 384402 384544 384846
 1533: 384508 385226 385332
 1534: 384712 385432 385462
 1535: 384872 385844 386224
 1536: 384877 385332 385432
 1537: 385162 386224 386225
 1538: 385290 385462 385844
 1539: 385629 386225 386384
 1540: 385809 386475 386930
 1541: 386074 386384 386475
 1542: 386387 387310 387758
 1543: 386458 387203 387310
 1544: 386841 386930 387203
 1545: 387101 388352 388467
 1546: 387389 387758 388352
 1547: 387780 388467 388604
 1548: 388239 389062 389282
 1549: 388465 388604 388614
 1550: 388466 388614 389062
 1551: 388514 389610 390265
 1552: 388919 389282 389610
 1553: 389309 390265 390320
 1554: 389337 390669 390713
 1555: 389675 390462 390669
 1556: 389937 390320 390462
 1557: 390405 390713 391022
 1558: 390456 391022 391096
 1559: 390753 391136 391886
 1560: 390960 391096 391136
 1561: 390986 391886 392011
 1562: 391193 392011 392170
 1563: 391349 392237 392670
 1564: 391765 392170 392237
 1565: 392097 393097 393170
 1566: 392369 392670 393097
 1567: 392793 393373 393648
 1568: 393008 393170 393373
 1569: 393221 393899 394281
 1570: 393267 393648 393899
 1571: 393720 394281 394412
 1572: 393878 394412 394636
 1573: 394264 394636 395060
 1574: 394725 395060 395109
 1575: 394869 395109 395140
 1576: 395113 395140 395142
 1577: 395279 395279 395844
 1578: 395367 395845 396105
 1579: 395487 396105 396742
 1580: 395694 395844 395845
 1581: 396116 397426 397692
 1582: 396450 396834 397426
 1583: 396608 396742 396834
 1584: 396770 397839 397907
 1585: 397065 398154 398231
 1586: 397490 397907 398154
 1587: 397510 398231 398483
 1588: 397680 397692 397839
 1589: 397973 398483 398578
 1590: 398064 398987 399192
 1591: 398365 398578 398987
 1592: 398474 399192 399251
 1593: 398763 399366 399791
 1594: 399054 399251 399366
 1595: 399257 399936 400188
 1596: 399621 399791 399936
 1597: 400101 400188 400588
 1598: 400574 400588 400709
 1599: 400824 400824 400829
 1600: 400836 400836 401016
 1601: 401183 401183 401966
 1602: 401478 402023 402222
 1603: 401501 401966 402023
 1604: 401775 402223 402322
 1605: 401874 402222 402223
 1606: 402130 402322 402490
 1607: 402333 402490 402559
 1608: 402703 402703 402957
 1609: 402768 402957 403620
 1610: 403173 403620 403834
 1611: 403335 403834 403836
 1612: 403730 403836 404090
 1613: 404201 404201 404653
 1614: 404483 404800 404947
 1615: 404489 404653 404800
 1616: 404758 404947 405211
 1617: 404992 405211 405788
 1618: 405213 405921 406172
 1619: 405246 406322 406651
 1620: 405321 405793 405921
 1621: 405685 406172 406322
 1622: 405719 405788 405793
 1623: 405918 406784 406836
 1624: 405980 406836 407114
 1625: 406047 406651 406709
 1626: 406082 407114 407184
 1627: 406321 406709 406784
 1628: 406695 407184 407224
 1629: 406995 407224 407330
 1630: 407428 407428 407728
 1631: 407882 407882 408090
 1632: 408044 408090 408120
 1633: 408313 408313 408705
 1634: 408760 408760 408923
 1635: 409142 409142 409703
 1636: 409578 409703 410152
 1637: 409933 410152 410599
 1638: 410248 410599 411428
 1639: 410623 412031 412073
 1640: 410945 412073 412203
 1641: 411292 411428 412031
 1642: 411466 412910 412916
 1643: 411755 412916 412991
 1644: 412053 412203 412910
 1645: 412260 413217 413356
 1646: 412658 412991 413217
 1647: 413094 413356 413698
 1648: 413445 413698 413989
 1649: 413891 413989 414174
 1650: 413901 414174 414234
 1651: 414223 414234 414470
 1652: 414299 414470 415007
 1653: 414717 415239 415436
 1654: 414952 415007 415239
 1655: 415224 415436 416106
 1656: 415462 416106 416231
 1657: 415878 416401 416817
 1658: 416086 416231 416401
 1659: 416550 416817 417630
 1660: 416846 417630 417961
 1661: 417086 417970 418007
 1662: 417421 417961 417970
 1663: 417678 418007 418022
 1664: 418062 418062 418094
 1665: 418550 418550 418933
 1666: 418584 418933 419103
 1667: 418927 419103 419502
 1668: 419417 419732 419804
 1669: 419422 419502 419732
 1670: 419479 419804 419836
 1671: 419763 419836 419872
 1672: 420162 420162 420351
 1673: 420372 420372 420560
 1674: 420780 420780 420916
 1675: 420895 420916 420976
 1676: 421243 421243 421544
 1677: 421645 421645 421987
 1678: 421679 421987 422038
 1679: 422052 422052 422571
 1680: 422416 422571 422685
 1681: 422731 422731 422805
 1682: 422904 422904 423384
 1683: 422915 423669 423964
 1684: 423336 423384 423669
 1685: 423727 423964 424594
 1686: 424022 425163 425199
 1687: 424298 424594 425163
 1688: 424677 425685 425821
 1689: 424980 425199 425422
 1690: 425143 425422 425685
 1691: 425637 425821 426771
 1692: 425913 427368 427539
 1693: 426111 426891 427368
 1694: 426168 426771 426891
 1695: 426398 427539 427591
 1696: 426833 428218 428343
 1697: 427155 427768 428218
 1698: 427361 427591 427768
 1699: 427634 428343 428507
 1700: 427985 428545 428581
 1701: 428093 428507 428545
 1702: 428436 428581 429020
 1703: 428779 429020 429345
 1704: 429152 429345 429496
 1705: 429163 429496 429715
 1706: 429230 429715 429778
 1707: 429281 429778 430454
 1708: 429684 430689 431113
 1709: 429840 430541 430689
 1710: 430163 430454 430541
 1711: 430547 431198 431301
 1712: 430982 431113 431198
 1713: 431350 431350 431584
 1714: 431392 431584 431586
 1715: 431662 431662 432165
 1716: 431971 432165 432194
 1717: 432013 432194 432648
 1718: 432278 432648 433115
 1719: 432654 433119 433616
 1720: 432688 433115 433119
 1721: 432865 433616 433693
 1722: 433260 433693 433949
 1723: 433706 433949 434089
 1724: 434185 434185 434578
 1725: 434446 434578 434979
 1726: 434937 434979 435292
 1727: 434999 435292 435851
 1728: 435353 435851 435861
 1729: 435421 435861 435929
 1730: 435495 435955 436043
 1731: 435787 435929 435955
 1732: 436007 436043 436053
 1733: 436045 436053 436356
 1734: 436266 436356 436501
 1735: 436392 436501 436817
 1736: 436695 436817 436914
 1737: 437053 437053 437265
 1738: 437087 437265 437478
 1739: 437586 437586 438168
 1740: 437994 438168 438661
 1741: 438311 438661 438939
 1742: 438718 438939 438977
 1743: 439044 439044 439280
 1744: 439356 439356 439622
 1745: 439516 439622 439637
 1746: 439752 439752 439881
 1747: 440025 440025 440034
 1748: 440313 440313 440605
 1749: 440757 440757 441357
 1750: 440983 441394 441478
 1751: 441250 441357 441394
 1752: 441626 441626 441736
 1753: 441855 441855 442424
 1754: 442287 442424 442790
 1755: 442713 442790 443015
 1756: 443203 443203 443395
 1757: 443444 443444 443750
 1758: 443570 443834 444576
 1759: 443730 443750 443834
 1760: 444195 444842 445082
 1761: 444523 444576 444842
 1762: 444798 445082 445522
 1763: 444957 445522 445597
 1764: 445370 445597 445678
 1765: 445446 445678 445750
 1766: 445622 445750 446157
 1767: 445792 446157 446738
 1768: 446263 446738 447432
 1769: 446729 447432 447438
 1770: 446858 447605 447794
 1771: 447103 448221 448340
 1772: 447240 447438 447605
 1773: 447258 447794 448050
 1774: 447314 448050 448221
 1775: 447518 448513 448537
 1776: 447520 448479 448513
 1777: 447743 448537 449049
 1778: 447878 449049 449263
 1779: 448220 448340 448479
 1780: 448709 449263 449332
 1781: 448900 449444 449836
 1782: 449163 449332 449444
 1783: 449384 449878 449973
 1784: 449647 449836 449878
 1785: 449786 449973 450291
 1786: 449866 450291 450309
 1787: 449880 450309 450642
 1788: 450252 450642 451013
 1789: 450736 451325 451805
 1790: 450948 451013 451325
 1791: 451399 451805 452233
 1792: 451621 452233 452312
 1793: 452114 452632 452679
 1794: 452174 452312 452632
 1795: 452584 452679 453297
 1796: 452838 453360 453526
 1797: 453055 453297 453360
 1798: 453520 453526 454201
 1799: 453774 454291 454621
 1800: 453901 454201 454291
 1801: 454025 454621 454663
 1802: 454305 454663 454801
 1803: 454733 454801 454829
 1804: 454905 454905 455423
 1805: 454988 455423 455475
 1806: 455089 456056 456178
 1807: 455191 455475 455597
 1808: 455401 455597 456056
 1809: 455585 456299 456652
 1810: 456017 456178 456299
 1811: 456339 456652 456821
 1812: 456536 456821 457114
 1813: 456742 457114 457359
 1814: 457223 457359 457956
 1815: 457616 457956 458662
 1816: 457972 458662 458844
 1817: 458289 458844 459083
 1818: 458446 459083 459300
 1819: 458737 459330 459470
 1820: 458895 459470 459558
 1821: 459112 459300 459330
 1822: 459522 459558 459668
 1823: 459608 459668 460064
 1824: 460024 460064 460365
 1825: 460418 460418 460570
 1826: 460786 460786 461047
 1827: 460822 461047 461350
 1828: 461080 461698 461704
 1829: 461309 461350 461698
 1830: 461514 461704 461943
 1831: 461863 461943 462065
 1832: 462004 462065 462274
 1833: 462204 462274 462540
 1834: 462617 462617 463001
 1835: 462748 463001 463840
 1836: 463115 464251 464393
 1837: 463449 463840 464251
 1838: 463618 464393 464537
 1839: 464019 464788 465207
 1840: 464212 464537 464788
 1841: 464647 465207 465255
 1842: 464661 465975 466075
 1843: 464790 465255 465678
 1844: 465005 465678 465849
 1845: 465019 465849 465975
 1846: 465502 466075 466291
 1847: 465987 466646 466767
 1848: 466019 466291 466646
 1849: 466445 466925 467723
 1850: 466624 466767 466902
 1851: 466644 466902 466925
 1852: 467052 467723 467907
 1853: 467378 468160 468458
 1854: 467654 467907 468160
 1855: 467819 469116 469401
 1856: 467843 468538 468664
 1857: 467876 468458 468538
 1858: 467950 468664 468786
 1859: 468262 468786 469042
 1860: 468285 469042 469116
 1861: 468498 470221 470328
 1862: 468690 469891 469942
 1863: 468823 469401 469891
 1864: 469209 470208 470221
 1865: 469381 469942 470208
 1866: 469500 470371 470700
 1867: 469614 470328 470371
 1868: 469661 470963 471197
 1869: 469768 470862 470963
 1870: 469937 470704 470862
 1871: 470231 470700 470704
 1872: 470607 471216 471460
 1873: 470840 471197 471216
 1874: 471332 471460 472023
 1875: 471574 472023 472088
 1876: 471949 472195 472972
 1877: 471971 472088 472195
 1878: 472127 473473 473614
 1879: 472421 473614 473837
 1880: 472637 472972 472992
 1881: 472748 472992 473252
 1882: 472907 473252 473473
 1883: 473272 473998 474164
 1884: 473439 474425 474696
 1885: 473471 474404 474425
 1886: 473719 474164 474404
 1887: 473752 473837 473998
 1888: 473908 475005 475108
 1889: 473984 475261 475345
 1890: 474299 474696 475005
 1891: 474463 475108 475261
 1892: 474739 475534 475799
 1893: 474998 475799 476292
 1894: 475341 475345 475534
 1895: 475819 476980 477037
 1896: 475841 476795 476980
 1897: 476239 476292 476795
 1898: 476555 477037 477443
 1899: 476945 477443 477884
 1900: 477183 477889 478017
 1901: 477506 477884 477889
 1902: 477757 478045 478149
 1903: 477869 478017 478045
 1904: 477994 478415 478484
 1905: 478053 478484 478987
 1906: 478062 478149 478415
 1907: 478194 479083 479297
 1908: 478606 478987 479083
 1909: 478826 479297 479356
 1910: 479274 479356 479472
 1911: 479592 479592 480136
 1912: 479880 480136 480643
 1913: 480033 480643 480867
 1914: 480515 480867 480989
 1915: 480605 480989 481343
 1916: 481073 481343 481730
 1917: 481282 481730 482118
 1918: 481554 482514 483114
 1919: 481684 483114 483266
 1920: 481697 482118 482180
 1921: 482037 482180 482514
 1922: 482451 483266 483417
 1923: 482760 483417 483710
 1924: 483127 483732 484305
 1925: 483211 483710 483732
 1926: 483440 484501 485100
 1927: 483727 484305 484329
 1928: 483848 485100 485176
 1929: 483972 484329 484501
 1930: 484459 485307 485684
 1931: 484785 485176 485204
 1932: 484915 485684 486043
 1933: 485091 485204 485307
 1934: 485450 486043 486586
 1935: 485753 486586 486716
 1936: 486251 486797 487334
 1937: 486647 486716 486797
 1938: 486766 487334 487456
 1939: 487007 487698 488020
 1940: 487243 487456 487698
 1941: 487547 488020 488063
 1942: 487777 488063 488809
 1943: 488262 489125 489610
 1944: 488297 488950 489125
 1945: 488754 488809 488950
 1946: 489080 489820 490168
 1947: 489559 489610 489820
 1948: 489879 490168 490423
 1949: 490241 490423 490470
 1950: 490705 490705 490731
 1951: 490758 490758 491350
 1952: 491070 491350 491376
 1953: 491446 491446 491481
 1954: 491602 491602 492230
 1955: 492022 492230 492780
 1956: 492467 492780 493114
 1957: 492826 493114 493213
 1958: 493146 493213 493551
 1959: 493176 493551 493572
 1960: 493632 493632 493894
 1961: 494011 494011 494419
 1962: 494282 494419 494570
 1963: 494523 495078 495103
 1964: 494538 494570 495078
 1965: 494810 495571 495879
 1966: 495081 495103 495571
 1967: 495524 496199 496670
 1968: 495800 495973 496199
 1969: 495817 495879 495973
 1970: 496256 497271 497378
 1971: 496582 496670 497271
 1972: 496747 498016 498087
 1973: 496809 497378 497472
 1974: 496842 498087 498276
 1975: 497184 497472 497481
 1976: 497264 497481 498016
 1977: 497537 498833 499102
 1978: 497619 498276 498429
 1979: 498064 498429 498593
 1980: 498185 498593 498833
 1981: 498264 499102 499183
 1982: 498309 499739 500338
 1983: 498787 499390 499739
 1984: 499130 499183 499390
 1985: 499385 500757 500859
 1986: 499820 500338 500459
 1987: 499989 500459 500495
 1988: 500259 500495 500757
 1989: 500347 500859 500902
 1990: 500672 500902 501155
 1991: 500967 501155 501204
 1992: 501121 501204 501877
 1993: 501380 502153 502211
 1994: 501466 501877 502148
 1995: 501801 502148 502153
 1996: 502225 502225 502581
 1997: 502327 502581 502691
 1998: 502765 502765 503543
 1999: 503057 504121 504214
 2000: 503135 503543 503607
 2001: 503201 503607 503677
 2002: 503334 503677 504121
 2003: 503450 504214 504458
 2004: 503919 504677 504858
 2005: 504128 504458 504677
 2006: 504264 504858 505255
 2007: 504466 505571 505826
 2008: 504543 505974 506168
 2009: 504572 505431 505571
 2010: 504741 505826 505974
 2011: 505114 505255 505431
 2012: 505395 506168 506194
 2013: 505460 506428 506704
 2014: 505517 506194 506428
 2015: 505521 506704 506873
 2016: 505929 506873 507003
 2017: 506080 507003 507061
 2018: 506388 507061 507513
 2019: 506835 507513 507532
 2020: 507309 507532 507772
 2021: 507382 507772 507866
 2022: 507546 507866 508198
 2023: 507949 508510 508891
 2024: 508189 508198 508510
 2025: 508595 508891 509226
 2026: 508893 509226 509485
 2027: 508898 509485 509883
 2028: 509154 509883 509905
 2029: 509456 510378 510394
 2030: 509885 509905 510378
 2031: 510336 510394 510442
 2032: 510714 510714 511184
 2033: 511095 511184 511351
 2034: 511467 511467 511751
 2035: 511932 511932 511967
 2036: 512420 512420 513034
 2037: 512878 513034 513260
 2038: 513194 513260 513678
 2039: 513589 513678 514286
 2040: 513883 514286 514776
 2041: 514351 515128 515897
 2042: 514434 514852 515118
 2043: 514609 514776 514852
 2044: 514653 515118 515128
 2045: 514808 516100 516657
 2046: 515093 515897 515924
 2047: 515406 515924 516039
 2048: 515617 516039 516100
 2049: 515969 516968 517436
 2050: 515994 516657 516968
 2051: 516426 517436 517578
 2052: 516784 517903 518332
 2053: 516951 517677 517903
 2054: 517203 517647 517677
 2055: 517437 517578 517647
 2056: 517803 518714 518946
 2057: 517946 518332 518452
 2058: 518123 518452 518714
 2059: 518414 519183 519457
 2060: 518712 519457 519909
 2061: 518909 518946 519183
 2062: 518965 520597 520782
 2063: 519215 519909 520267
 2064: 519422 520338 520597
 2065: 519776 520267 520338
 2066: 520199 521324 521333
 2067: 520447 520782 521324
 2068: 520625 521333 521591
 2069: 521085 521591 521623
 2070: 521565 521623 522097
 2071: 522046 522097 522401
 2072: 522445 522445 522890
 2073: 522743 522890 522985
 2074: 523188 523188 523215
 2075: 523487 523487 523794
 2076: 523527 523794 524301
 2077: 523857 524860 525103
 2078: 523867 525103 525133
 2079: 524233 524301 524860
 2080: 524419 525373 525413
 2081: 524871 525133 525191
 2082: 524881 525191 525373
 2083: 525275 525678 526009
 2084: 525393 525413 525678
 2085: 525514 526181 526189
 2086: 525564 526009 526181
 2087: 526010 526189 526891
 2088: 526237 527135 527300
 2089: 526264 527300 527444
 2090: 526600 526891 527135
 2091: 527018 527596 527852
 2092: 527344 527444 527596
 2093: 527818 527852 527933
 2094: 528149 528149 528159
 2095: 528204 528204 528850
 2096: 528268 528850 528870
 2097: 528397 528901 529001
 2098: 528607 528870 528901
 2099: 528870 529001 529511
 2100: 529249 529511 529622
 2101: 529677 529677 529767
 2102: 530165 530165 530273
 2103: 530544 530544 530863
 2104: 530665 530863 531246
 2105: 531055 531246 531349
 2106: 531290 531349 531649
 2107: 531626 531649 532142
 2108: 531684 532142 532640
 2109: 532084 532640 532798
 2110: 532237 532798 532928
 2111: 532646 532928 533403
 2112: 533111 533487 533759
 2113: 533403 533403 533487
 2114: 533468 533759 533791
 2115: 533474 533791 534569
 2116: 533915 534569 534588
 2117: 534290 534588 534599
 2118: 534601 534601 534950
 2119: 534748 535385 536177
 2120: 534911 534950 535385
 2121: 535304 536232 536245
 2122: 535651 536317 536584
 2123: 536114 536177 536232
 2124: 536156 536245 536317
 2125: 536453 536584 536652
 2126: 536773 536773 536796
 2127: 537188 537188 537344
 2128: 537436 537436 537591
 2129: 537899 537899 538111
 2130: 538164 538164 538475
 2131: 538424 538475 539000
 2132: 538830 539000 539143
 2133: 538968 539143 539308
 2134: 539360 539360 539494
 2135: 539513 539513 539970
 2136: 539837 539970 539990
 2137: 540295 540295 540546
 2138: 540573 540573 541072
 2139: 540653 541209 541324
 2140: 540939 541097 541209
 2141: 540958 541324 541751
 2142: 541045 541072 541097
 2143: 541439 541751 542209
 2144: 541582 542209 542252
 2145: 541734 542252 542355
 2146: 542062 542355 542361
 2147: 542179 542674 542715
 2148: 542228 542361 542674
 2149: 542683 542715 543129
 2150: 542726 543702 543797
 2151: 543094 543129 543702
 2152: 543553 543797 543932
 2153: 543988 543988 544669
 2154: 544109 544879 544918
 2155: 544277 545009 545431
 2156: 544553 544669 544879
 2157: 544641 544918 545009
 2158: 544812 545962 546282
 2159: 545168 545431 545490
 2160: 545247 545490 545962
 2161: 545606 546401 546414
 2162: 545990 547116 547207
 2163: 546032 547078 547116
 2164: 546083 546282 546401
 2165: 546267 546414 547078
 2166: 546753 547207 547292
 2167: 547069 547691 548077
 2168: 547164 547292 547691
 2169: 547491 548600 548739
 2170: 547501 548077 548180
 2171: 547719 548558 548600
 2172: 547993 548180 548558
 2173: 548439 548739 548773
 2174: 548795 548795 549280
 2175: 549109 549280 549989
 2176: 549446 550043 550358
 2177: 549454 550358 550611
 2178: 549803 549989 550043
 2179: 550288 550611 550806
 2180: 550623 550806 551187
 2181: 550946 551187 551674
 2182: 551409 551674 551913
 2183: 551894 551913 552020
 2184: 551992 552020 552047
 2185: 552219 552219 552433
 2186: 552641 552641 552802
 2187: 553011 553011 553442
 2188: 553026 553442 553616
 2189: 553492 553616 553725
 2190: 553787 553787 553969
 2191: 554282 554282 554578
 2192: 554370 554578 554837
 2193: 554437 554837 555708
 2194: 554591 556590 556683
 2195: 554866 555708 555809
 2196: 555064 556463 556590
 2197: 555443 555809 556463
 2198: 555812 556856 557307
 2199: 556191 557448 557514
 2200: 556259 556683 556792
 2201: 556323 557514 557560
 2202: 556446 557307 557448
 2203: 556668 556792 556856
 2204: 556921 557560 558163
 2205: 556933 558163 558444
 2206: 557404 558444 558527
 2207: 557586 558527 558632
 2208: 557598 558940 559013
 2209: 557764 559013 559120
 2210: 558039 558632 558825
 2211: 558043 559120 559263
 2212: 558079 558825 558846
 2213: 558324 559263 559316
 2214: 558371 558846 558940
 2215: 558842 559437 560052
 2216: 559120 559316 559437
 2217: 559398 560052 560171
 2218: 559583 560493 560578
 2219: 560051 560171 560493
 2220: 560481 560578 561378
 2221: 560828 562157 562218
 2222: 561029 561378 562157
 2223: 561479 562218 562247
 2224: 561887 562784 562917
 2225: 562144 562247 562784
 2226: 562418 562917 563206
 2227: 562478 563295 563305
 2228: 562908 563206 563295
 2229: 563122 563305 563637
 2230: 563144 563990 564221
 2231: 563277 563637 563990
 2232: 563425 565025 565181
 2233: 563441 564880 565025
 2234: 563772 565181 565326
 2235: 563983 564767 564880
 2236: 563987 564221 564474
 2237: 564188 564474 564767
 2238: 564655 565544 565992
 2239: 564814 565461 565544
 2240: 565084 565326 565461
 2241: 565145 566052 566205
 2242: 565325 565992 566052
 2243: 565682 566259 566335
 2244: 566111 566205 566259
 2245: 566199 566335 567017
 2246: 566457 567381 567475
 2247: 566710 567017 567104
 2248: 566845 567104 567381
 2249: 567088 567941 567965
 2250: 567343 567475 567941
 2251: 567573 568036 568381
 2252: 567588 567965 568036
 2253: 568054 568650 569366
 2254: 568139 568381 568650
 2255: 568498 569491 569621
 2256: 568541 569386 569491
 2257: 568943 569812 569884
 2258: 568986 569621 569812
 2259: 569321 569366 569386
 2260: 569654 569884 570285
 2261: 570079 570776 570948
 2262: 570226 570566 570776
 2263: 570228 570285 570566
 2264: 570678 571173 571254
 2265: 570930 570948 571173
 2266: 571132 571254 571729
 2267: 571598 571729 572260
 2268: 572014 572693 573554
 2269: 572215 572260 572693
 2270: 572273 574214 574295
 2271: 572631 574093 574214
 2272: 573114 573706 573897
 2273: 573440 574295 574364
 2274: 573462 573897 574093
 2275: 573463 573564 573706
 2276: 573551 573554 573564
 2277: 574001 574424 574783
 2278: 574108 574858 575214
 2279: 574129 574364 574424
 2280: 574328 574783 574858
 2281: 574591 575214 575313
 2282: 574849 575472 575658
 2283: 574970 575658 575768
 2284: 575132 575313 575472
 2285: 575309 576046 576416
 2286: 575694 575768 576046
 2287: 576017 576416 576712
 2288: 576314 576712 577148
 2289: 576710 577148 577485
 2290: 577024 577485 577642
 2291: 577200 577642 577652
 2292: 577525 577652 578205
 2293: 577665 578275 578818
 2294: 577744 578205 578275
 2295: 578235 578818 579125
 2296: 578671 579125 579174
 2297: 578853 579174 579293
 2298: 579339 579339 579556
 2299: 579710 579710 580020
 2300: 579838 580020 580220
 2301: 580209 580220 580290
 2302: 580294 580294 580657
 2303: 580677 580677 581053
 2304: 581024 581053 581259
 2305: 581227 581259 581496
 2306: 581406 582210 582559
 2307: 581472 581496 581809
 2308: 581480 581809 582210
 2309: 581920 582661 583348
 2310: 582288 582559 582661
 2311: 582656 583668 583932
 2312: 582843 583348 583422
 2313: 582845 583422 583668
 2314: 583200 583932 584067
 2315: 583523 584067 584289
 2316: 583946 584289 584867
 2317: 584445 584867 585239
 2318: 584836 585239 585986
 2319: 585229 586063 586273
 2320: 585393 586273 586556
 2321: 585795 585986 586063
 2322: 586275 586556 587297
 2323: 586626 587297 587336
 2324: 586801 587421 587729
 2325: 586878 587729 588222
 2326: 587101 587336 587421
 2327: 587452 588840 588956
 2328: 587949 588839 588840
 2329: 588035 588222 588839
 2330: 588263 588956 588958
 2331: 588601 589103 589476
 2332: 588708 588958 589103
 2333: 588870 589476 589781
 2334: 589092 589781 589895
 2335: 589331 590066 590556
 2336: 589486 590054 590066
 2337: 589718 589895 590054
 2338: 589829 590926 591162
 2339: 589953 590556 590754
 2340: 590329 590754 590926
 2341: 590662 591306 591483
 2342: 590810 591574 591654
 2343: 590823 591483 591574
 2344: 590864 591483 591483
 2345: 591133 591162 591306
 2346: 591472 591654 592127
 2347: 591592 592127 592615
 2348: 591678 592686 592732
 2349: 592079 592615 592686
 2350: 592439 592732 593071
 2351: 592738 594020 594228
 2352: 592761 593300 593363
 2353: 592876 593363 594020
 2354: 592937 593071 593300
 2355: 593421 594393 594750
 2356: 593659 594340 594393
 2357: 594071 594750 595071
 2358: 594170 594228 594340
 2359: 594636 595447 595519
 2360: 594696 595252 595447
 2361: 594909 595071 595119
 2362: 595069 595119 595252
 2363: 595148 595519 595611
 2364: 595603 595611 596081
 2365: 595993 596081 596413
 2366: 596264 596413 596664
 2367: 596583 596664 596874
 2368: 596709 596874 597155
 2369: 597112 597155 597649
 2370: 597452 597649 598048
 2371: 597905 598048 598666
 2372: 598379 598675 599258
 2373: 598383 598666 598675
 2374: 598809 599258 599468
 2375: 599084 599468 599500
 2376: 599292 599500 599505
 2377: 599680 599680 599921
 2378: 600004 600004 600202
 2379: 600120 600202 600578
 2380: 600571 600578 601124
 2381: 600667 601124 601556
 2382: 600865 601761 601943
 2383: 600884 601556 601761
 2384: 601237 601943 601955
 2385: 601252 602412 602597
 2386: 601563 601955 602047
 2387: 601836 602047 602412
 2388: 602171 602734 602767
 2389: 602532 602597 602734
 2390: 602782 602782 603064
 2391: 603031 603064 603707
 2392: 603159 603734 604349
 2393: 603487 603707 603719
 2394: 603594 603719 603734
 2395: 603828 604349 604508
 2396: 604282 604508 605054
 2397: 604564 605113 605412
 2398: 604812 605054 605113
 2399: 605291 605412 605512
 2400: 605516 605516 606299
 2401: 605813 607145 607213
 2402: 606276 606299 607145
 2403: 606599 607510 607737
 2404: 606949 607341 607510
 2405: 607011 607213 607341
 2406: 607334 607737 607763
 2407: 607395 607763 608043
 2408: 607846 608043 608167
 2409: 608252 608252 608914
 2410: 608588 608914 609077
 2411: 608706 609077 609378
 2412: 609179 609378 609598
 2413: 609623 609623 609981
 2414: 609826 609981 610384
 2415: 610151 610384 610396
 2416: 610569 610569 611182
 2417: 611036 611182 611700
 2418: 611231 611700 611881
 2419: 611412 611881 612373
 2420: 611890 612845 612916
 2421: 612037 612916 613031
 2422: 612094 612446 612845
 2423: 612348 612373 612446
 2424: 612447 613801 613854
 2425: 612516 613031 613302
 2426: 612818 613302 613801
 2427: 613046 613879 614083
 2428: 613135 613854 613879
 2429: 613633 614083 614120
 2430: 613731 614120 614181
 2431: 613955 614181 614796
 2432: 614403 614796 615146
 2433: 614802 615146 615242
 2434: 615286 615286 615410
 2435: 615476 615476 616237
 2436: 615802 616393 616485
 2437: 616066 616237 616393
 2438: 616114 616485 617122
 2439: 616508 617122 617378
 2440: 616689 617713 618010
 2441: 616775 618010 618050
 2442: 616927 617378 617713
 2443: 617187 618499 618532
 2444: 617677 618493 618499
 2445: 617715 618532 618841
 2446: 617799 618050 618493
 2447: 617905 618841 618951
 2448: 618360 618951 619005
 2449: 618538 619730 619872
 2450: 618627 619005 619730
 2451: 619030 619872 619919
 2452: 619238 620357 620415
 2453: 619540 619919 620239
 2454: 619729 620239 620357
 2455: 620134 620415 620821
 2456: 620296 620821 621062
 2457: 620652 621062 621415
 2458: 620960 621449 621811
 2459: 621019 621415 621449
 2460: 621396 621811 621851
 2461: 621784 621851 622581
 2462: 622144 622581 622645
 2463: 622641 622645 623001
 2464: 622643 623001 623283
 2465: 622900 623313 623451
 2466: 622945 623283 623313
 2467: 622954 623451 623777
 2468: 623284 623777 623891
 2469: 623296 624596 624900
 2470: 623306 623891 624104
 2471: 623698 624104 624596
 2472: 624109 625300 625359
 2473: 624598 624900 625300
 2474: 624965 626000 626395
 2475: 624984 625676 626000
 2476: 625130 625359 625676
 2477: 625339 626395 626476
 2478: 625742 626625 626874
 2479: 626067 626874 627272
 2480: 626450 626476 626625
 2481: 626948 627272 627319
 2482: 627192 627319 628163
 2483: 627376 628203 628298
 2484: 627695 628298 628542
 2485: 627790 628542 628807
 2486: 627906 628807 629125
 2487: 627909 628163 628203
 2488: 628147 629125 629132
 2489: 628395 629740 629902
 2490: 628436 629132 629580
 2491: 628789 629580 629740
 2492: 628966 629902 629989
 2493: 629162 630071 630188
 2494: 629433 629989 630071
 2495: 629921 630188 630337
 2496: 630027 630727 631000
 2497: 630112 630337 630727
 2498: 630608 631000 631432
 2499: 631034 631432 631521
SUM: 631521 600198 0.9504 704.62 464.54 1999
