    0:     1     1     4
    1:     4     4    11
    2:     6    11    14
    3:    13    14    22
    4:    19    54    55
    5:    20    22    43
    6:    23    55    57
    7:    30    69    70
    8:    35    71    73
    9:    40    43    54
   10:    46   101   107
   11:    48    57    68
   12:    52    70    71
   13:    59    68    69
   14:    60    73   101
   15:    67   108   109
   16:    71   107   108
   17:    74   125   128
   18:    79   109   110
   19:    83   115   116
   20:    89   116   125
   21:    93   107   107
   22:    95   110   115
   23:    98   125   125
   24:   100   107   107
   25:   105   157   158
   26:   110   115   115
   27:   117   173   174
   28:   123   128   157
   29:   127   158   159
   30:   131   179   182
   31:   134   164   173
   32:   138   182   184
   33:   143   184   186
   34:   147   159   164
   35:   148   157   157
   36:   149   174   176
   37:   155   184   184
   38:   162   164   164
   39:   169   176   179
   40:   175   184   184
   41:   177   186   199
   42:   184   199   207
   43:   188   253   254
   44:   192   213   241
   45:   199   212   213
   46:   200   257   258
   47:   206   254   255
   48:   207   207   212
   49:   211   251   253
   50:   215   249   251
   51:   218   245   248
   52:   220   241   241
   53:   221   248   249
   54:   225   241   242
   55:   226   255   257
   56:   231   242   245
   57:   235   260   263
   58:   236   258   258
   59:   243   263   263
   60:   248   258   260
   61:   250   264   266
   62:   254   263   264
   63:   256   267   291
   64:   257   297   299
   65:   261   303   305
   66:   266   266   267
   67:   271   308   311
   68:   278   291   297
   69:   279   317   345
   70:   282   311   311
   71:   288   306   308
   72:   290   299   303
   73:   296   311   317
   74:   299   305   306
   75:   303   345   345
   76:   310   352   357
   77:   315   358   364
   78:   321   364   368
   79:   328   347   349
   80:   330   357   358
   81:   337   349   350
   82:   338   364   364
   83:   340   345   347
   84:   344   349   349
   85:   347   350   352
   86:   354   368   389
   87:   359   397   400
   88:   366   402   403
   89:   372   403   404
   90:   373   407   415
   91:   376   404   405
   92:   380   389   389
   93:   383   389   397
   94:   388   405   407
   95:   392   400   402
   96:   399   405   405
   97:   400   442   443
   98:   406   416   441
   99:   412   415   416
  100:   417   495   497
  101:   424   448   461
  102:   429   447   448
  103:   435   443   444
  104:   437   444   447
  105:   440   441   442
  106:   446   497   497
  107:   452   465   495
  108:   456   499   502
  109:   457   461   465
  110:   461   514   516
  111:   468   502   502
  112:   475   497   499
  113:   482   524   526
  114:   488   495   495
  115:   495   507   514
  116:   500   502   507
  117:   503   526   557
  118:   508   516   521
  119:   511   521   524
  120:   516   568   574
  121:   522   578   579
  122:   528   557   563
  123:   535   563   568
  124:   542   581   583
  125:   546   579   581
  126:   553   574   576
  127:   560   583   586
  128:   564   577   578
  129:   571   574   574
  130:   573   576   577
  131:   580   596   598
  132:   585   586   596
  133:   588   598   616
  134:   592   616   618
  135:   597   621   623
  136:   604   634   636
  137:   606   623   634
  138:   613   618   621
  139:   619   636   656
  140:   624   671   672
  141:   626   667   668
  142:   633   656   658
  143:   640   663   667
  144:   643   668   671
  145:   646   656   656
  146:   647   678   703
  147:   651   658   663
  148:   655   675   678
  149:   661   672   674
  150:   666   705   709
  151:   668   674   675
  152:   671   710   716
  153:   675   719   721
  154:   676   723   725
  155:   678   721   723
  156:   683   709   710
  157:   689   723   723
  158:   694   710   710
  159:   695   703   705
  160:   697   716   716
  161:   704   726   727
  162:   709   725   726
  163:   715   716   719
  164:   718   725   725
  165:   724   745   746
  166:   725   727   745
  167:   731   758   763
  168:   733   763   768
  169:   736   750   758
  170:   740   799   803
  171:   746   746   750
  172:   752   814   816
  173:   756   769   799
  174:   761   768   769
  175:   764   819   822
  176:   771   803   805
  177:   773   817   819
  178:   780   822   826
  179:   784   816   817
  180:   790   822   822
  181:   795   799   799
  182:   799   812   814
  183:   801   805   812
  184:   808   826   827
  185:   815   827   853
  186:   821   861   862
  187:   827   853   861
  188:   834   872   879
  189:   841   879   880
  190:   843   867   872
  191:   849   862   867
  192:   852   880   880
  193:   856   880   908
  194:   859   862   862
  195:   865   908   913
  196:   867   915   916
  197:   872   926   927
  198:   877   920   926
  199:   881   927   928
  200:   886   916   917
  201:   890   927   927
  202:   897   917   920
  203:   901   933   935
  204:   906   916   916
  205:   911   913   915
  206:   913   913   913
  207:   919   968   969
  208:   924   928   933
  209:   929   936   963
  210:   933   935   936
  211:   936   981   989
  212:   940   963   963
  213:   944   963   968
  214:   949   969   970
  215:   956   991   992
  216:   958   970   975
  217:   963   970   970
  218:   970   992  1016
  219:   971   975   981
  220:   975   989   991
  221:   982   989   989
  222:   983  1029  1032
  223:   984  1032  1036
  224:   988   989   989
  225:   995  1067  1072
  226:  1001  1016  1020
  227:  1004  1020  1022
  228:  1009  1027  1029
  229:  1016  1022  1026
  230:  1018  1038  1067
  231:  1023  1026  1027
  232:  1030  1036  1038
  233:  1036  1082  1084
  234:  1039  1089  1090
  235:  1042  1073  1078
  236:  1048  1072  1073
  237:  1052  1087  1089
  238:  1058  1078  1079
  239:  1063  1094  1096
  240:  1064  1096  1098
  241:  1071  1084  1086
  242:  1074  1086  1087
  243:  1076  1079  1082
  244:  1080  1090  1092
  245:  1084  1092  1094
  246:  1090  1098  1122
  247:  1093  1136  1138
  248:  1094  1122  1122
  249:  1096  1132  1135
  250:  1103  1138  1139
  251:  1109  1143  1145
  252:  1113  1122  1132
  253:  1118  1139  1143
  254:  1119  1135  1135
  255:  1120  1135  1136
  256:  1124  1178  1181
  257:  1131  1145  1174
  258:  1137  1138  1138
  259:  1141  1189  1191
  260:  1147  1174  1178
  261:  1149  1204  1235
  262:  1152  1191  1191
  263:  1157  1183  1184
  264:  1159  1191  1194
  265:  1160  1181  1183
  266:  1161  1194  1196
  267:  1168  1194  1194
  268:  1169  1174  1174
  269:  1171  1196  1199
  270:  1175  1191  1191
  271:  1181  1194  1194
  272:  1184  1184  1189
  273:  1186  1239  1240
  274:  1187  1243  1245
  275:  1190  1238  1239
  276:  1195  1199  1204
  277:  1201  1235  1238
  278:  1203  1246  1250
  279:  1205  1250  1255
  280:  1210  1235  1235
  281:  1215  1255  1257
  282:  1222  1245  1246
  283:  1228  1264  1266
  284:  1233  1255  1255
  285:  1237  1240  1241
  286:  1240  1241  1243
  287:  1245  1261  1264
  288:  1249  1257  1261
  289:  1256  1257  1257
  290:  1257  1266  1285
  291:  1263  1299  1301
  292:  1265  1285  1294
  293:  1272  1294  1295
  294:  1273  1337  1338
  295:  1275  1295  1297
  296:  1277  1301  1329
  297:  1280  1331  1336
  298:  1282  1338  1338
  299:  1283  1329  1329
  300:  1290  1297  1299
  301:  1291  1338  1340
  302:  1298  1336  1337
  303:  1303  1351  1352
  304:  1305  1340  1340
  305:  1312  1348  1349
  306:  1313  1352  1354
  307:  1319  1350  1351
  308:  1326  1329  1331
  309:  1332  1340  1340
  310:  1334  1347  1348
  311:  1337  1340  1347
  312:  1343  1357  1370
  313:  1347  1349  1350
  314:  1352  1354  1357
  315:  1358  1370  1374
  316:  1359  1418  1419
  317:  1361  1411  1418
  318:  1367  1386  1411
  319:  1374  1374  1386
  320:  1380  1424  1429
  321:  1386  1431  1432
  322:  1392  1419  1424
  323:  1393  1433  1435
  324:  1399  1429  1431
  325:  1402  1419  1419
  326:  1407  1432  1433
  327:  1414  1472  1475
  328:  1418  1432  1432
  329:  1419  1435  1465
  330:  1423  1481  1482
  331:  1426  1475  1475
  332:  1432  1482  1482
  333:  1434  1487  1489
  334:  1439  1467  1470
  335:  1443  1475  1479
  336:  1446  1475  1475
  337:  1451  1482  1484
  338:  1453  1480  1481
  339:  1456  1484  1487
  340:  1463  1465  1467
  341:  1467  1490  1494
  342:  1470  1470  1472
  343:  1476  1479  1480
  344:  1479  1489  1490
  345:  1486  1494  1523
  346:  1487  1529  1533
  347:  1493  1539  1547
  348:  1498  1533  1539
  349:  1501  1547  1548
  350:  1507  1548  1549
  351:  1510  1523  1529
  352:  1513  1523  1523
  353:  1516  1549  1553
  354:  1519  1529  1529
  355:  1526  1539  1539
  356:  1532  1549  1549
  357:  1539  1553  1582
  358:  1543  1591  1592
  359:  1547  1595  1598
  360:  1551  1598  1602
  361:  1553  1592  1593
  362:  1555  1606  1607
  363:  1561  1582  1585
  364:  1568  1602  1602
  365:  1575  1585  1591
  366:  1582  1593  1594
  367:  1584  1592  1592
  368:  1586  1602  1606
  369:  1590  1632  1640
  370:  1592  1593  1593
  371:  1593  1594  1595
  372:  1598  1598  1598
  373:  1605  1607  1632
  374:  1612  1640  1647
  375:  1617  1648  1650
  376:  1623  1632  1632
  377:  1630  1650  1651
  378:  1636  1651  1670
  379:  1640  1647  1648
  380:  1646  1680  1682
  381:  1649  1670  1674
  382:  1655  1692  1694
  383:  1662  1674  1680
  384:  1664  1691  1692
  385:  1665  1682  1684
  386:  1666  1694  1696
  387:  1667  1696  1698
  388:  1674  1689  1691
  389:  1678  1684  1687
  390:  1682  1687  1689
  391:  1685  1727  1731
  392:  1688  1743  1744
  393:  1693  1698  1727
  394:  1697  1741  1742
  395:  1700  1754  1758
  396:  1705  1731  1733
  397:  1711  1744  1748
  398:  1715  1753  1754
  399:  1722  1733  1737
  400:  1725  1742  1743
  401:  1732  1737  1741
  402:  1737  1748  1753
  403:  1740  1798  1799
  404:  1743  1758  1758
  405:  1750  1758  1788
  406:  1753  1803  1804
  407:  1758  1804  1806
  408:  1759  1815  1818
  409:  1763  1814  1815
  410:  1764  1797  1798
  411:  1768  1810  1811
  412:  1769  1799  1802
  413:  1771  1815  1815
  414:  1775  1788  1793
  415:  1777  1793  1796
  416:  1783  1806  1809
  417:  1786  1809  1810
  418:  1790  1802  1803
  419:  1791  1806  1806
  420:  1792  1796  1797
  421:  1796  1812  1814
  422:  1800  1806  1806
  423:  1803  1818  1837
  424:  1809  1811  1812
  425:  1816  1842  1843
  426:  1819  1844  1847
  427:  1821  1883  1887
  428:  1823  1838  1842
  429:  1828  1843  1844
  430:  1832  1837  1838
  431:  1834  1852  1878
  432:  1835  1851  1852
  433:  1839  1887  1889
  434:  1842  1844  1844
  435:  1847  1847  1851
  436:  1848  1889  1892
  437:  1850  1851  1851
  438:  1857  1898  1900
  439:  1862  1892  1898
  440:  1863  1900  1902
  441:  1870  1879  1880
  442:  1873  1880  1883
  443:  1878  1878  1879
  444:  1884  1933  1935
  445:  1888  1905  1930
  446:  1890  1898  1898
  447:  1897  1902  1905
  448:  1900  1940  1943
  449:  1905  1935  1936
  450:  1910  1930  1933
  451:  1915  1943  1944
  452:  1917  1933  1933
  453:  1923  1947  1966
  454:  1926  1944  1947
  455:  1927  1936  1938
  456:  1933  1944  1944
  457:  1937  1938  1940
  458:  1942  1969  1977
  459:  1947  1966  1969
  460:  1950  1994  2023
  461:  1956  1977  1980
  462:  1963  1980  1993
  463:  1970  1977  1977
  464:  1974  2029  2031
  465:  1980  1993  1993
  466:  1985  1993  1994
  467:  1986  2046  2050
  468:  1992  2031  2031
  469:  1994  2031  2036
  470:  1997  2042  2043
  471:  1998  2051  2053
  472:  1999  2041  2042
  473:  2003  2040  2041
  474:  2005  2045  2046
  475:  2007  2039  2040
  476:  2011  2023  2029
  477:  2014  2036  2039
  478:  2018  2023  2023
  479:  2024  2046  2046
  480:  2030  2043  2044
  481:  2033  2044  2045
  482:  2040  2079  2081
  483:  2043  2053  2078
  484:  2047  2050  2051
  485:  2051  2078  2079
  486:  2055  2081  2086
  487:  2060  2104  2131
  488:  2067  2088  2100
  489:  2069  2086  2086
  490:  2074  2086  2088
  491:  2080  2131  2133
  492:  2086  2100  2104
  493:  2092  2144  2147
  494:  2097  2133  2134
  495:  2099  2140  2144
  496:  2103  2151  2153
  497:  2108  2181  2184
  498:  2113  2134  2137
  499:  2115  2150  2151
  500:  2122  2147  2150
  501:  2125  2154  2181
  502:  2131  2137  2140
  503:  2138  2153  2154
  504:  2143  2190  2191
  505:  2147  2185  2187
  506:  2148  2199  2203
  507:  2150  2181  2181
  508:  2155  2184  2185
  509:  2160  2187  2190
  510:  2163  2181  2181
  511:  2169  2209  2210
  512:  2175  2192  2199
  513:  2179  2206  2209
  514:  2181  2191  2192
  515:  2187  2210  2237
  516:  2193  2203  2206
  517:  2199  2240  2241
  518:  2204  2256  2257
  519:  2211  2264  2293
  520:  2212  2237  2237
  521:  2213  2262  2264
  522:  2216  2237  2240
  523:  2220  2241  2252
  524:  2226  2264  2264
  525:  2233  2260  2261
  526:  2239  2254  2256
  527:  2241  2261  2262
  528:  2243  2299  2300
  529:  2244  2252  2254
  530:  2251  2300  2302
  531:  2254  2257  2260
  532:  2255  2310  2311
  533:  2258  2261  2261
  534:  2261  2305  2309
  535:  2265  2311  2315
  536:  2272  2317  2323
  537:  2278  2309  2310
  538:  2281  2315  2315
  539:  2284  2302  2305
  540:  2288  2293  2299
  541:  2289  2310  2310
  542:  2292  2315  2317
  543:  2294  2352  2353
  544:  2300  2311  2311
  545:  2303  2310  2310
  546:  2308  2323  2352
  547:  2312  2363  2367
  548:  2316  2368  2369
  549:  2318  2367  2367
  550:  2325  2354  2355
  551:  2328  2374  2377
  552:  2332  2377  2379
  553:  2334  2369  2374
  554:  2338  2355  2359
  555:  2339  2352  2352
  556:  2343  2353  2354
  557:  2349  2367  2368
  558:  2351  2377  2377
  559:  2355  2359  2363
  560:  2357  2381  2408
  561:  2364  2379  2381
  562:  2365  2411  2412
  563:  2368  2408  2409
  564:  2370  2420  2421
  565:  2374  2409  2410
  566:  2377  2421  2421
  567:  2383  2421  2424
  568:  2389  2408  2408
  569:  2391  2410  2411
  570:  2397  2417  2420
  571:  2403  2410  2410
  572:  2405  2412  2417
  573:  2409  2424  2427
  574:  2412  2421  2421
  575:  2417  2424  2424
  576:  2422  2427  2446
  577:  2428  2504  2505
  578:  2433  2446  2455
  579:  2435  2459  2464
  580:  2442  2466  2467
  581:  2445  2457  2459
  582:  2451  2455  2457
  583:  2453  2469  2474
  584:  2457  2464  2466
  585:  2458  2511  2513
  586:  2459  2474  2474
  587:  2462  2517  2519
  588:  2464  2474  2504
  589:  2465  2467  2469
  590:  2469  2516  2517
  591:  2471  2529  2533
  592:  2472  2513  2515
  593:  2476  2519  2522
  594:  2481  2507  2511
  595:  2485  2515  2516
  596:  2490  2504  2504
  597:  2492  2506  2507
  598:  2495  2511  2511
  599:  2500  2505  2506
  600:  2503  2533  2534
  601:  2505  2516  2516
  602:  2508  2522  2529
  603:  2514  2519  2519
  604:  2518  2564  2565
  605:  2525  2534  2564
  606:  2528  2529  2529
  607:  2530  2585  2588
  608:  2533  2590  2591
  609:  2536  2581  2583
  610:  2539  2588  2590
  611:  2541  2573  2576
  612:  2542  2576  2578
  613:  2548  2576  2576
  614:  2555  2591  2591
  615:  2557  2565  2573
  616:  2561  2565  2565
  617:  2562  2583  2585
  618:  2563  2591  2619
  619:  2569  2578  2581
  620:  2575  2619  2619
  621:  2577  2623  2626
  622:  2584  2588  2588
  623:  2591  2626  2628
  624:  2596  2626  2626
  625:  2601  2643  2645
  626:  2606  2635  2636
  627:  2608  2645  2645
  628:  2611  2619  2623
  629:  2618  2637  2642
  630:  2621  2628  2635
  631:  2627  2636  2637
  632:  2631  2645  2650
  633:  2633  2642  2643
  634:  2640  2650  2680
  635:  2642  2645  2645
  636:  2647  2680  2681
  637:  2654  2690  2694
  638:  2661  2685  2686
  639:  2662  2681  2685
  640:  2669  2703  2709
  641:  2676  2694  2695
  642:  2677  2702  2703
  643:  2684  2686  2690
  644:  2689  2695  2702
  645:  2695  2709  2733
  646:  2699  2740  2741
  647:  2705  2743  2744
  648:  2710  2745  2746
  649:  2714  2747  2752
  650:  2721  2733  2738
  651:  2727  2746  2747
  652:  2730  2752  2753
  653:  2731  2738  2739
  654:  2733  2744  2745
  655:  2734  2741  2743
  656:  2738  2739  2740
  657:  2740  2744  2744
  658:  2746  2755  2758
  659:  2748  2758  2769
  660:  2749  2753  2755
  661:  2752  2753  2753
  662:  2756  2758  2758
  663:  2761  2793  2794
  664:  2763  2790  2793
  665:  2764  2769  2773
  666:  2766  2773  2787
  667:  2767  2787  2790
  668:  2771  2773  2773
  669:  2774  2802  2803
  670:  2776  2804  2831
  671:  2778  2794  2794
  672:  2782  2831  2832
  673:  2786  2803  2804
  674:  2791  2794  2799
  675:  2796  2799  2802
  676:  2801  2834  2837
  677:  2806  2839  2841
  678:  2807  2837  2839
  679:  2814  2846  2848
  680:  2820  2832  2834
  681:  2822  2841  2844
  682:  2825  2848  2848
  683:  2826  2831  2831
  684:  2832  2845  2846
  685:  2836  2851  2867
  686:  2840  2844  2845
  687:  2846  2867  2871
  688:  2847  2848  2851
  689:  2854  2873  2875
  690:  2856  2872  2873
  691:  2860  2876  2880
  692:  2861  2920  2922
  693:  2863  2871  2872
  694:  2866  2875  2876
  695:  2871  2887  2891
  696:  2878  2880  2887
  697:  2885  2932  2937
  698:  2889  2891  2919
  699:  2894  2937  2938
  700:  2898  2941  2945
  701:  2899  2919  2920
  702:  2904  2929  2932
  703:  2906  2923  2929
  704:  2909  2938  2939
  705:  2913  2939  2941
  706:  2914  2922  2923
  707:  2921  2929  2929
  708:  2924  2947  2969
  709:  2929  2945  2947
  710:  2936  2939  2939
  711:  2942  2978  2985
  712:  2947  2986  2989
  713:  2949  2969  2973
  714:  2955  2991  2994
  715:  2962  2973  2977
  716:  2968  2994  3023
  717:  2971  2977  2978
  718:  2974  2985  2986
  719:  2980  2989  2991
  720:  2983  3023  3034
  721:  2987  3036  3040
  722:  2991  3035  3036
  723:  2998  3050  3052
  724:  3003  3042  3043
  725:  3010  3041  3042
  726:  3012  3043  3044
  727:  3014  3023  3023
  728:  3018  3040  3041
  729:  3021  3034  3034
  730:  3026  3081  3083
  731:  3032  3034  3035
  732:  3035  3083  3084
  733:  3042  3044  3050
  734:  3048  3092  3098
  735:  3052  3052  3078
  736:  3055  3131  3134
  737:  3060  3098  3101
  738:  3065  3090  3092
  739:  3071  3078  3081
  740:  3073  3092  3092
  741:  3074  3101  3102
  742:  3076  3084  3090
  743:  3078  3101  3101
  744:  3084  3136  3137
  745:  3086  3138  3139
  746:  3090  3134  3136
  747:  3095  3102  3131
  748:  3102  3136  3136
  749:  3103  3139  3142
  750:  3105  3157  3160
  751:  3106  3142  3142
  752:  3111  3156  3157
  753:  3112  3137  3138
  754:  3113  3146  3149
  755:  3118  3142  3143
  756:  3121  3160  3162
  757:  3128  3157  3157
  758:  3135  3155  3156
  759:  3136  3162  3191
  760:  3140  3143  3146
  761:  3142  3197  3198
  762:  3146  3191  3197
  763:  3149  3149  3154
  764:  3153  3154  3155
  765:  3158  3215  3216
  766:  3159  3198  3198
  767:  3164  3204  3205
  768:  3170  3205  3206
  769:  3174  3216  3218
  770:  3178  3202  3204
  771:  3184  3198  3202
  772:  3187  3208  3210
  773:  3190  3206  3208
  774:  3196  3220  3249
  775:  3198  3208  3208
  776:  3200  3210  3215
  777:  3202  3218  3218
  778:  3206  3218  3220
  779:  3212  3267  3271
  780:  3214  3261  3262
  781:  3220  3249  3255
  782:  3224  3275  3276
  783:  3230  3262  3263
  784:  3234  3255  3256
  785:  3237  3276  3276
  786:  3242  3249  3249
  787:  3245  3255  3255
  788:  3251  3256  3261
  789:  3253  3271  3275
  790:  3259  3276  3278
  791:  3260  3263  3267
  792:  3262  3309  3312
  793:  3263  3318  3319
  794:  3270  3278  3309
  795:  3274  3319  3320
  796:  3277  3328  3329
  797:  3282  3314  3318
  798:  3285  3312  3314
  799:  3291  3329  3331
  800:  3295  3331  3333
  801:  3298  3326  3328
  802:  3299  3329  3329
  803:  3302  3328  3328
  804:  3304  3320  3322
  805:  3311  3325  3326
  806:  3313  3329  3329
  807:  3315  3322  3325
  808:  3317  3333  3350
  809:  3324  3350  3355
  810:  3329  3355  3360
  811:  3336  3370  3374
  812:  3337  3367  3368
  813:  3342  3366  3367
  814:  3346  3404  3405
  815:  3349  3360  3365
  816:  3354  3368  3370
  817:  3356  3365  3366
  818:  3357  3367  3367
  819:  3362  3366  3366
  820:  3368  3374  3404
  821:  3371  3405  3408
  822:  3376  3431  3432
  823:  3380  3432  3433
  824:  3386  3422  3431
  825:  3390  3408  3413
  826:  3397  3413  3421
  827:  3399  3408  3408
  828:  3401  3433  3434
  829:  3408  3431  3431
  830:  3410  3421  3422
  831:  3416  3461  3462
  832:  3423  3472  3473
  833:  3426  3477  3478
  834:  3427  3434  3461
  835:  3431  3462  3466
  836:  3435  3478  3478
  837:  3442  3466  3470
  838:  3443  3486  3487
  839:  3444  3488  3517
  840:  3448  3473  3474
  841:  3449  3478  3484
  842:  3450  3470  3472
  843:  3456  3461  3461
  844:  3459  3484  3486
  845:  3462  3487  3488
  846:  3467  3474  3477
  847:  3474  3517  3521
  848:  3478  3521  3528
  849:  3479  3517  3517
  850:  3484  3531  3536
  851:  3490  3536  3537
  852:  3497  3536  3536
  853:  3499  3543  3570
  854:  3500  3541  3543
  855:  3502  3537  3538
  856:  3504  3539  3541
  857:  3508  3528  3528
  858:  3509  3528  3531
  859:  3515  3521  3521
  860:  3516  3531  3531
  861:  3519  3537  3537
  862:  3525  3538  3539
  863:  3529  3578  3580
  864:  3533  3574  3576
  865:  3536  3582  3585
  866:  3542  3592  3594
  867:  3546  3570  3572
  868:  3551  3585  3589
  869:  3554  3580  3582
  870:  3561  3576  3578
  871:  3563  3585  3585
  872:  3567  3572  3574
  873:  3572  3589  3592
  874:  3577  3594  3596
  875:  3578  3599  3623
  876:  3582  3596  3599
  877:  3589  3625  3627
  878:  3592  3623  3625
  879:  3598  3638  3639
  880:  3603  3627  3628
  881:  3607  3631  3633
  882:  3614  3636  3638
  883:  3615  3633  3634
  884:  3619  3628  3631
  885:  3622  3634  3636
  886:  3628  3639  3647
  887:  3629  3638  3638
  888:  3635  3636  3636
  889:  3639  3647  3677
  890:  3645  3677  3678
  891:  3652  3698  3699
  892:  3654  3688  3691
  893:  3661  3678  3684
  894:  3662  3694  3698
  895:  3666  3699  3699
  896:  3667  3691  3694
  897:  3670  3686  3688
  898:  3674  3706  3707
  899:  3678  3704  3706
  900:  3682  3684  3686
  901:  3688  3698  3698
  902:  3690  3694  3694
  903:  3694  3699  3704
  904:  3698  3699  3699
  905:  3702  3739  3749
  906:  3705  3707  3708
  907:  3707  3757  3760
  908:  3708  3708  3738
  909:  3710  3762  3763
  910:  3711  3763  3765
  911:  3712  3753  3756
  912:  3719  3760  3760
  913:  3723  3749  3753
  914:  3728  3738  3739
  915:  3734  3753  3753
  916:  3740  3767  3795
  917:  3742  3765  3767
  918:  3748  3756  3757
  919:  3749  3749  3749
  920:  3754  3795  3807
  921:  3758  3760  3762
  922:  3760  3813  3815
  923:  3765  3808  3811
  924:  3767  3812  3813
  925:  3769  3815  3820
  926:  3770  3820  3823
  927:  3777  3807  3808
  928:  3782  3853  3854
  929:  3786  3823  3853
  930:  3793  3813  3813
  931:  3800  3811  3812
  932:  3806  3860  3861
  933:  3811  3811  3811
  934:  3816  3854  3854
  935:  3817  3866  3869
  936:  3823  3859  3860
  937:  3826  3854  3856
  938:  3830  3864  3865
  939:  3833  3860  3860
  940:  3835  3861  3863
  941:  3836  3878  3879
  942:  3837  3863  3864
  943:  3838  3879  3884
  944:  3845  3879  3879
  945:  3851  3856  3859
  946:  3854  3865  3866
  947:  3860  3869  3869
  948:  3863  3884  3914
  949:  3865  3869  3870
  950:  3867  3870  3876
  951:  3872  3876  3878
  952:  3878  3914  3914
  953:  3879  3914  3915
  954:  3882  3921  3929
  955:  3884  3915  3920
  956:  3888  3929  3929
  957:  3892  3931  3932
  958:  3897  3930  3931
  959:  3901  3929  3930
  960:  3904  3933  3937
  961:  3910  3932  3933
  962:  3914  3920  3921
  963:  3919  3932  3932
  964:  3923  3937  3954
  965:  3929  3954  3955
  966:  3936  3964  3968
  967:  3943  3971  3974
  968:  3944  3955  3958
  969:  3946  3958  3962
  970:  3950  3975  3976
  971:  3951  3962  3964
  972:  3956  3968  3971
  973:  3958  3976  4000
  974:  3965  4004  4005
  975:  3969  3974  3975
  976:  3971  4000  4001
  977:  3974  4017  4021
  978:  3977  4005  4006
  979:  3979  4026  4057
  980:  3980  4002  4004
  981:  3987  4006  4008
  982:  3992  4001  4002
  983:  3999  4004  4004
  984:  4000  4021  4024
  985:  4003  4008  4017
  986:  4008  4063  4065
  987:  4014  4024  4026
  988:  4017  4017  4017
  989:  4019  4065  4071
  990:  4020  4058  4063
  991:  4025  4071  4071
  992:  4030  4071  4074
  993:  4037  4057  4058
  994:  4042  4065  4065
  995:  4048  4074  4074
  996:  4055  4065  4065
  997:  4056  4063  4063
  998:  4057  4074  4074
  999:  4059  4074  4088
SUM: 4088 4087 0.9998 29.11 25.02 78
