    0:     1     1    25
    1:     2    26    31
    2:     3    60    61
    3:     4    51    53
    4:     5    38    39
    5:     7    53    53
    6:     9    56    60
    7:    10    31    38
    8:    12    25    26
    9:    13    53    53
   10:    15    49    51
   11:    16    25    25
   12:    18    44    45
   13:    19    39    39
   14:    20    39    42
   15:    21    43    44
   16:    22    48    49
   17:    23    54    56
   18:    24    61    61
   19:    25    46    48
   20:    27    53    54
   21:    28    44    44
   22:    30    61    61
   23:    32    45    45
   24:    34    61    61
   25:    35    42    42
   26:    37    38    38
   27:    38    42    43
   28:    39    45    46
   29:    40    81    83
   30:    41    86    87
   31:    43    45    45
   32:    45    83    84
   33:    46    51    51
   34:    48    78    79
   35:    49    60    60
   36:    50    77    78
   37:    51    88    89
   38:    52    87    88
   39:    53    61    74
   40:    54    88    88
   41:    57    89    90
   42:    58    74    75
   43:    60    79    81
   44:    62   114   116
   45:    63    91    92
   46:    64   120   121
   47:    65   112   113
   48:    68    75    75
   49:    69    90    90
   50:    70   113   113
   51:    71   119   120
   52:    72    75    77
   53:    73    78    78
   54:    74    90    91
   55:    75   121   122
   56:    76   121   121
   57:    78    88    88
   58:    79    79    79
   59:    80    90    90
   60:    81   122   123
   61:    82    89    89
   62:    84    84    86
   63:    87   116   117
   64:    90    92   105
   65:    91   105   109
   66:    92   123   123
   67:    93   105   105
   68:    95   143   144
   69:    96   117   119
   70:    97   113   113
   71:    98   119   119
   72:    99   141   142
   73:   101   109   112
   74:   102   148   153
   75:   103   116   116
   76:   105   123   123
   77:   106   113   114
   78:   107   153   153
   79:   109   146   148
   80:   110   145   146
   81:   112   132   135
   82:   113   116   116
   83:   117   144   144
   84:   118   140   141
   85:   119   135   138
   86:   120   138   140
   87:   121   123   126
   88:   122   126   129
   89:   123   129   130
   90:   124   146   146
   91:   127   153   154
   92:   129   154   184
   93:   130   130   132
   94:   133   148   148
   95:   134   138   138
   96:   135   146   146
   97:   136   142   142
   98:   137   142   143
   99:   138   144   145
SUM: 184 183 0.9946 24.36 22.53 57
