    0:     1     1    25
    1:     2    26    31
    2:     3    60    61
    3:     4    51    53
    4:     5    38    39
    5:     7    53    53
    6:     9    56    60
    7:    10    31    38
    8:    12    25    26
    9:    13    53    53
   10:    15    49    51
   11:    16    25    25
   12:    18    44    45
   13:    19    39    39
   14:    20    39    42
   15:    21    42    44
   16:    22    48    49
   17:    23    53    56
   18:    24    61    61
   19:    25    45    48
   20:    27    62    68
   21:    28    77    78
   22:    30    61    61
   23:    32    76    77
   24:    34    61    61
   25:    35    79    80
   26:    37    83    84
   27:    38    78    79
   28:    39    75    76
   29:    40    81    83
   30:    41    84    87
   31:    43    77    77
   32:    45    84    84
   33:    46    68    71
   34:    48    79    79
   35:    49    61    62
   36:    50    78    78
   37:    51    88    89
   38:    52    87    88
   39:    53    71    74
   40:    54    88    88
   41:    57    89    90
   42:    58    74    75
   43:    60    80    81
   44:    62   113   116
   45:    63    91    92
   46:    64   120   121
   47:    65   109   113
   48:    68   107   109
   49:    69    90    90
   50:    70   113   113
   51:    71   117   120
   52:    72   106   107
   53:    73   105   106
   54:    74    90    91
   55:    75   121   122
   56:    76   121   121
   57:    78    95    96
   58:    79    98   105
   59:    80    90    90
   60:    81   122   123
   61:    82    92    95
   62:    84    96    98
   63:    87   116   117
   64:    90   105   105
   65:    91   135   137
   66:    92   123   123
   67:    93   140   141
   68:    95   142   144
   69:    96   126   127
   70:    97   132   133
   71:    98   127   127
   72:    99   141   142
   73:   101   133   134
   74:   102   148   153
   75:   103   129   130
   76:   105   123   123
   77:   106   130   132
   78:   107   153   153
   79:   109   146   148
   80:   110   144   146
   81:   112   134   135
   82:   113   130   130
   83:   117   144   144
   84:   118   141   141
   85:   119   137   138
   86:   120   138   140
   87:   121   123   126
   88:   122   127   129
   89:   123   130   130
   90:   124   160   162
   91:   127   153   154
   92:   129   176   184
   93:   130   170   176
   94:   133   154   160
   95:   134   166   170
   96:   135   162   162
   97:   136   165   166
   98:   137   163   165
   99:   138   162   163
SUM: 184 183 0.9946 32.16 30.33 57
