    0:     1     1     4
    1:     4     4    11
    2:     6    11    14
    3:    13    14    22
    4:    19    22    31
    5:    20    31    43
    6:    23    43    57
    7:    30    57    70
    8:    35    70    73
    9:    40    73    92
   10:    46    92    95
   11:    48    95   112
   12:    52   112   115
   13:    59   115   117
   14:    60   117   141
   15:    67   141   149
   16:    71   149   150
   17:    74   150   170
   18:    79   170   188
   19:    83   188   194
   20:    89   194   203
   21:    93   203   221
   22:    95   221   229
   23:    98   229   239
   24:   100   239   257
   25:   105   257   264
   26:   110   264   279
   27:   117   279   280
   28:   123   280   297
   29:   127   297   299
   30:   131   299   322
   31:   134   322   331
   32:   138   331   342
   33:   143   342   344
   34:   147   344   366
   35:   148   366   373
   36:   149   373   392
   37:   155   392   400
   38:   162   400   420
   39:   169   420   435
   40:   175   435   440
   41:   177   440   451
   42:   184   451   459
   43:   188   459   468
   44:   192   468   481
   45:   199   481   509
   46:   200   509   520
   47:   206   520   523
   48:   207   523   536
   49:   211   536   551
   50:   215   551   553
   51:   218   553   556
   52:   220   556   563
   53:   221   563   571
   54:   225   571   578
   55:   226   578   593
   56:   231   593   605
   57:   235   605   623
   58:   236   623   628
   59:   243   628   633
   60:   248   633   636
   61:   250   636   642
   62:   254   642   644
   63:   256   644   665
   64:   257   665   673
   65:   261   673   679
   66:   266   679   689
   67:   271   689   693
   68:   278   693   707
   69:   279   707   715
   70:   282   715   737
   71:   288   737   740
   72:   290   740   745
   73:   296   745   759
   74:   299   759   770
   75:   303   770   787
   76:   310   787   799
   77:   315   799   806
   78:   321   806   810
   79:   328   810   829
   80:   330   829   838
   81:   337   838   846
   82:   338   846   860
   83:   340   860   877
   84:   344   877   879
   85:   347   879   882
   86:   354   882   887
   87:   359   887   898
   88:   366   898   901
   89:   372   901   902
   90:   373   902   913
   91:   376   913   923
   92:   380   923   939
   93:   383   939   947
   94:   388   947   957
   95:   392   957   962
   96:   399   962   965
   97:   400   965   977
   98:   406   977   979
   99:   412   979  1004
  100:   417  1004  1033
  101:   424  1033  1057
  102:   429  1057  1070
  103:   435  1070  1074
  104:   437  1074  1077
  105:   440  1077  1082
  106:   446  1082  1087
  107:   452  1087  1089
  108:   456  1089  1096
  109:   457  1096  1119
  110:   461  1119  1128
  111:   468  1128  1142
  112:   475  1142  1145
  113:   482  1145  1172
  114:   488  1172  1203
  115:   495  1203  1222
  116:   500  1222  1229
  117:   503  1229  1241
  118:   508  1241  1267
  119:   511  1267  1270
  120:   516  1270  1282
  121:   522  1282  1287
  122:   528  1287  1303
  123:   535  1303  1308
  124:   542  1308  1323
  125:   546  1323  1325
  126:   553  1325  1330
  127:   560  1330  1340
  128:   564  1340  1348
  129:   571  1348  1352
  130:   573  1352  1355
  131:   580  1355  1356
  132:   585  1356  1358
  133:   588  1358  1374
  134:   592  1374  1376
  135:   597  1376  1381
  136:   604  1381  1394
  137:   606  1394  1396
  138:   613  1396  1409
  139:   619  1409  1414
  140:   624  1414  1430
  141:   626  1430  1434
  142:   633  1434  1444
  143:   640  1444  1453
  144:   643  1453  1457
  145:   646  1457  1472
  146:   647  1472  1475
  147:   651  1475  1485
  148:   655  1485  1500
  149:   661  1500  1504
  150:   666  1504  1519
  151:   668  1519  1535
  152:   671  1535  1544
  153:   675  1544  1549
  154:   676  1549  1553
  155:   678  1553  1555
  156:   683  1555  1568
  157:   689  1568  1581
  158:   694  1581  1594
  159:   695  1594  1599
  160:   697  1599  1610
  161:   704  1610  1621
  162:   709  1621  1622
  163:   715  1622  1629
  164:   718  1629  1635
  165:   724  1635  1650
  166:   725  1650  1651
  167:   731  1651  1669
  168:   733  1669  1674
  169:   736  1674  1684
  170:   740  1684  1699
  171:   746  1699  1706
  172:   752  1706  1712
  173:   756  1712  1729
  174:   761  1729  1759
  175:   764  1759  1766
  176:   771  1766  1783
  177:   773  1783  1797
  178:   780  1797  1804
  179:   784  1804  1813
  180:   790  1813  1818
  181:   795  1818  1841
  182:   799  1841  1856
  183:   801  1856  1858
  184:   808  1858  1873
  185:   815  1873  1899
  186:   821  1899  1908
  187:   827  1908  1909
  188:   834  1909  1927
  189:   841  1927  1928
  190:   843  1928  1936
  191:   849  1936  1941
  192:   852  1941  1954
  193:   856  1954  1982
  194:   859  1982  1992
  195:   865  1992  1997
  196:   867  1997  2000
  197:   872  2000  2011
  198:   877  2011  2012
  199:   881  2012  2014
  200:   886  2014  2025
  201:   890  2025  2035
  202:   897  2035  2042
  203:   901  2042  2057
  204:   906  2057  2076
  205:   911  2076  2077
  206:   913  2077  2079
  207:   919  2079  2081
  208:   924  2081  2099
  209:   929  2099  2123
  210:   933  2123  2150
  211:   936  2150  2151
  212:   940  2151  2177
  213:   944  2177  2182
  214:   949  2182  2184
  215:   956  2184  2206
  216:   958  2206  2223
  217:   963  2223  2228
  218:   970  2228  2230
  219:   971  2230  2243
  220:   975  2243  2253
  221:   982  2253  2255
  222:   983  2255  2260
  223:   984  2260  2264
  224:   988  2264  2265
  225:   995  2265  2288
  226:  1001  2288  2294
  227:  1004  2294  2296
  228:  1009  2296  2303
  229:  1016  2303  2306
  230:  1018  2306  2323
  231:  1023  2323  2341
  232:  1030  2341  2352
  233:  1036  2352  2364
  234:  1039  2364  2370
  235:  1042  2370  2382
  236:  1048  2382  2387
  237:  1052  2387  2403
  238:  1058  2403  2413
  239:  1063  2413  2430
  240:  1064  2430  2432
  241:  1071  2432  2444
  242:  1074  2444  2445
  243:  1076  2445  2450
  244:  1080  2450  2460
  245:  1084  2460  2462
  246:  1090  2462  2482
  247:  1093  2482  2498
  248:  1094  2498  2514
  249:  1096  2514  2527
  250:  1103  2527  2531
  251:  1109  2531  2537
  252:  1113  2537  2550
  253:  1118  2550  2561
  254:  1119  2561  2569
  255:  1120  2569  2570
  256:  1124  2570  2583
  257:  1131  2583  2590
  258:  1137  2590  2612
  259:  1141  2612  2617
  260:  1147  2617  2630
  261:  1149  2630  2635
  262:  1152  2635  2653
  263:  1157  2653  2660
  264:  1159  2660  2670
  265:  1160  2670  2681
  266:  1161  2681  2694
  267:  1168  2694  2696
  268:  1169  2696  2716
  269:  1171  2716  2741
  270:  1175  2741  2749
  271:  1181  2749  2752
  272:  1184  2752  2757
  273:  1186  2757  2768
  274:  1187  2768  2773
  275:  1190  2773  2779
  276:  1195  2779  2806
  277:  1201  2806  2834
  278:  1203  2834  2846
  279:  1205  2846  2851
  280:  1210  2851  2871
  281:  1215  2871  2893
  282:  1222  2893  2904
  283:  1228  2904  2924
  284:  1233  2924  2935
  285:  1237  2935  2949
  286:  1240  2949  2951
  287:  1245  2951  2972
  288:  1249  2972  2975
  289:  1256  2975  2979
  290:  1257  2979  2989
  291:  1263  2989  3005
  292:  1265  3005  3012
  293:  1272  3012  3013
  294:  1273  3013  3026
  295:  1275  3026  3041
  296:  1277  3041  3065
  297:  1280  3065  3072
  298:  1282  3072  3074
  299:  1283  3074  3083
  300:  1290  3083  3109
  301:  1291  3109  3124
  302:  1298  3124  3127
  303:  1303  3127  3142
  304:  1305  3142  3154
  305:  1312  3154  3163
  306:  1313  3163  3168
  307:  1319  3168  3171
  308:  1326  3171  3191
  309:  1332  3191  3200
  310:  1334  3200  3208
  311:  1337  3208  3209
  312:  1343  3209  3212
  313:  1347  3212  3218
  314:  1352  3218  3225
  315:  1358  3225  3234
  316:  1359  3234  3239
  317:  1361  3239  3240
  318:  1367  3240  3247
  319:  1374  3247  3272
  320:  1380  3272  3279
  321:  1386  3279  3282
  322:  1392  3282  3290
  323:  1393  3290  3301
  324:  1399  3301  3305
  325:  1402  3305  3317
  326:  1407  3317  3331
  327:  1414  3331  3349
  328:  1418  3349  3366
  329:  1419  3366  3393
  330:  1423  3393  3410
  331:  1426  3410  3417
  332:  1432  3417  3424
  333:  1434  3424  3431
  334:  1439  3431  3450
  335:  1443  3450  3459
  336:  1446  3459  3463
  337:  1451  3463  3472
  338:  1453  3472  3475
  339:  1456  3475  3481
  340:  1463  3481  3501
  341:  1467  3501  3528
  342:  1470  3528  3550
  343:  1476  3550  3558
  344:  1479  3558  3568
  345:  1486  3568  3593
  346:  1487  3593  3603
  347:  1493  3603  3617
  348:  1498  3617  3625
  349:  1501  3625  3634
  350:  1507  3634  3635
  351:  1510  3635  3655
  352:  1513  3655  3661
  353:  1516  3661  3691
  354:  1519  3691  3715
  355:  1526  3715  3725
  356:  1532  3725  3735
  357:  1539  3735  3760
  358:  1543  3760  3770
  359:  1547  3770  3776
  360:  1551  3776  3780
  361:  1553  3780  3789
  362:  1555  3789  3803
  363:  1561  3803  3825
  364:  1568  3825  3842
  365:  1575  3842  3853
  366:  1582  3853  3856
  367:  1584  3856  3858
  368:  1586  3858  3872
  369:  1590  3872  3888
  370:  1592  3888  3891
  371:  1593  3891  3893
  372:  1598  3893  3896
  373:  1605  3896  3912
  374:  1612  3912  3927
  375:  1617  3927  3930
  376:  1623  3930  3948
  377:  1630  3948  3967
  378:  1636  3967  3986
  379:  1640  3986  4002
  380:  1646  4002  4006
  381:  1649  4006  4014
  382:  1655  4014  4034
  383:  1662  4034  4048
  384:  1664  4048  4060
  385:  1665  4060  4068
  386:  1666  4068  4080
  387:  1667  4080  4082
  388:  1674  4082  4089
  389:  1678  4089  4093
  390:  1682  4093  4095
  391:  1685  4095  4111
  392:  1688  4111  4124
  393:  1693  4124  4141
  394:  1697  4141  4156
  395:  1700  4156  4172
  396:  1705  4172  4197
  397:  1711  4197  4212
  398:  1715  4212  4218
  399:  1722  4218  4235
  400:  1725  4235  4241
  401:  1732  4241  4243
  402:  1737  4243  4255
  403:  1740  4255  4269
  404:  1743  4269  4288
  405:  1750  4288  4318
  406:  1753  4318  4334
  407:  1758  4334  4336
  408:  1759  4336  4348
  409:  1763  4348  4351
  410:  1764  4351  4368
  411:  1768  4368  4381
  412:  1769  4381  4390
  413:  1771  4390  4403
  414:  1775  4403  4425
  415:  1777  4425  4428
  416:  1783  4428  4441
  417:  1786  4441  4442
  418:  1790  4442  4449
  419:  1791  4449  4452
  420:  1792  4452  4461
  421:  1796  4461  4478
  422:  1800  4478  4486
  423:  1803  4486  4493
  424:  1809  4493  4506
  425:  1816  4506  4513
  426:  1819  4513  4517
  427:  1821  4517  4529
  428:  1823  4529  4536
  429:  1828  4536  4538
  430:  1832  4538  4544
  431:  1834  4544  4556
  432:  1835  4556  4582
  433:  1839  4582  4597
  434:  1842  4597  4604
  435:  1847  4604  4611
  436:  1848  4611  4622
  437:  1850  4622  4633
  438:  1857  4633  4636
  439:  1862  4636  4638
  440:  1863  4638  4642
  441:  1870  4642  4664
  442:  1873  4664  4667
  443:  1878  4667  4671
  444:  1884  4671  4677
  445:  1888  4677  4682
  446:  1890  4682  4700
  447:  1897  4700  4707
  448:  1900  4707  4719
  449:  1905  4719  4726
  450:  1910  4726  4729
  451:  1915  4729  4740
  452:  1917  4740  4751
  453:  1923  4751  4756
  454:  1926  4756  4775
  455:  1927  4775  4784
  456:  1933  4784  4790
  457:  1937  4790  4794
  458:  1942  4794  4795
  459:  1947  4795  4803
  460:  1950  4803  4807
  461:  1956  4807  4822
  462:  1963  4822  4835
  463:  1970  4835  4851
  464:  1974  4851  4855
  465:  1980  4855  4875
  466:  1985  4875  4876
  467:  1986  4876  4878
  468:  1992  4878  4897
  469:  1994  4897  4902
  470:  1997  4902  4909
  471:  1998  4909  4919
  472:  1999  4919  4930
  473:  2003  4930  4931
  474:  2005  4931  4936
  475:  2007  4936  4942
  476:  2011  4942  4953
  477:  2014  4953  4963
  478:  2018  4963  4979
  479:  2024  4979  5002
  480:  2030  5002  5004
  481:  2033  5004  5005
  482:  2040  5005  5019
  483:  2043  5019  5022
  484:  2047  5022  5045
  485:  2051  5045  5067
  486:  2055  5067  5074
  487:  2060  5074  5083
  488:  2067  5083  5106
  489:  2069  5106  5120
  490:  2074  5120  5122
  491:  2080  5122  5131
  492:  2086  5131  5156
  493:  2092  5156  5167
  494:  2097  5167  5180
  495:  2099  5180  5190
  496:  2103  5190  5199
  497:  2108  5199  5222
  498:  2113  5222  5229
  499:  2115  5229  5243
  500:  2122  5243  5244
  501:  2125  5244  5267
  502:  2131  5267  5280
  503:  2138  5280  5294
  504:  2143  5294  5311
  505:  2147  5311  5315
  506:  2148  5315  5331
  507:  2150  5331  5353
  508:  2155  5353  5357
  509:  2160  5357  5362
  510:  2163  5362  5371
  511:  2169  5371  5400
  512:  2175  5400  5411
  513:  2179  5411  5421
  514:  2181  5421  5438
  515:  2187  5438  5447
  516:  2193  5447  5470
  517:  2199  5470  5489
  518:  2204  5489  5505
  519:  2211  5505  5527
  520:  2212  5527  5529
  521:  2213  5529  5556
  522:  2216  5556  5580
  523:  2220  5580  5592
  524:  2226  5592  5604
  525:  2233  5604  5607
  526:  2239  5607  5612
  527:  2241  5612  5618
  528:  2243  5618  5638
  529:  2244  5638  5650
  530:  2251  5650  5660
  531:  2254  5660  5676
  532:  2255  5676  5683
  533:  2258  5683  5691
  534:  2261  5691  5701
  535:  2265  5701  5707
  536:  2272  5707  5715
  537:  2278  5715  5728
  538:  2281  5728  5733
  539:  2284  5733  5743
  540:  2288  5743  5749
  541:  2289  5749  5760
  542:  2292  5760  5767
  543:  2294  5767  5789
  544:  2300  5789  5805
  545:  2303  5805  5806
  546:  2308  5806  5822
  547:  2312  5822  5837
  548:  2316  5837  5839
  549:  2318  5839  5841
  550:  2325  5841  5853
  551:  2328  5853  5875
  552:  2332  5875  5877
  553:  2334  5877  5882
  554:  2338  5882  5897
  555:  2339  5897  5904
  556:  2343  5904  5906
  557:  2349  5906  5920
  558:  2351  5920  5929
  559:  2355  5929  5943
  560:  2357  5943  5952
  561:  2364  5952  5979
  562:  2365  5979  6002
  563:  2368  6002  6005
  564:  2370  6005  6017
  565:  2374  6017  6028
  566:  2377  6028  6039
  567:  2383  6039  6042
  568:  2389  6042  6058
  569:  2391  6058  6061
  570:  2397  6061  6070
  571:  2403  6070  6080
  572:  2405  6080  6087
  573:  2409  6087  6097
  574:  2412  6097  6103
  575:  2417  6103  6106
  576:  2422  6106  6122
  577:  2428  6122  6123
  578:  2433  6123  6133
  579:  2435  6133  6142
  580:  2442  6142  6145
  581:  2445  6145  6153
  582:  2451  6153  6155
  583:  2453  6155  6172
  584:  2457  6172  6180
  585:  2458  6180  6193
  586:  2459  6193  6214
  587:  2462  6214  6229
  588:  2464  6229  6244
  589:  2465  6244  6269
  590:  2469  6269  6281
  591:  2471  6281  6297
  592:  2472  6297  6315
  593:  2476  6315  6322
  594:  2481  6322  6333
  595:  2485  6333  6338
  596:  2490  6338  6350
  597:  2492  6350  6353
  598:  2495  6353  6357
  599:  2500  6357  6362
  600:  2503  6362  6390
  601:  2505  6390  6408
  602:  2508  6408  6421
  603:  2514  6421  6431
  604:  2518  6431  6445
  605:  2525  6445  6446
  606:  2528  6446  6471
  607:  2530  6471  6472
  608:  2533  6472  6475
  609:  2536  6475  6483
  610:  2539  6483  6490
  611:  2541  6490  6504
  612:  2542  6504  6506
  613:  2548  6506  6508
  614:  2555  6508  6523
  615:  2557  6523  6541
  616:  2561  6541  6549
  617:  2562  6549  6569
  618:  2563  6569  6591
  619:  2569  6591  6609
  620:  2575  6609  6627
  621:  2577  6627  6634
  622:  2584  6634  6652
  623:  2591  6652  6668
  624:  2596  6668  6670
  625:  2601  6670  6689
  626:  2606  6689  6698
  627:  2608  6698  6707
  628:  2611  6707  6729
  629:  2618  6729  6748
  630:  2621  6748  6755
  631:  2627  6755  6757
  632:  2631  6757  6770
  633:  2633  6770  6777
  634:  2640  6777  6800
  635:  2642  6800  6825
  636:  2647  6825  6849
  637:  2654  6849  6862
  638:  2661  6862  6870
  639:  2662  6870  6871
  640:  2669  6871  6895
  641:  2676  6895  6909
  642:  2677  6909  6917
  643:  2684  6917  6930
  644:  2689  6930  6942
  645:  2695  6942  6959
  646:  2699  6959  6967
  647:  2705  6967  6970
  648:  2710  6970  6972
  649:  2714  6972  6978
  650:  2721  6978  6992
  651:  2727  6992  7001
  652:  2730  7001  7007
  653:  2731  7007  7021
  654:  2733  7021  7027
  655:  2734  7027  7029
  656:  2738  7029  7032
  657:  2740  7032  7036
  658:  2746  7036  7050
  659:  2748  7050  7061
  660:  2749  7061  7069
  661:  2752  7069  7071
  662:  2756  7071  7076
  663:  2761  7076  7090
  664:  2763  7090  7091
  665:  2764  7091  7099
  666:  2766  7099  7113
  667:  2767  7113  7116
  668:  2771  7116  7127
  669:  2774  7127  7129
  670:  2776  7129  7155
  671:  2778  7155  7172
  672:  2782  7172  7188
  673:  2786  7188  7214
  674:  2791  7214  7219
  675:  2796  7219  7222
  676:  2801  7222  7241
  677:  2806  7241  7245
  678:  2807  7245  7247
  679:  2814  7247  7256
  680:  2820  7256  7270
  681:  2822  7270  7280
  682:  2825  7280  7284
  683:  2826  7284  7301
  684:  2832  7301  7316
  685:  2836  7316  7327
  686:  2840  7327  7337
  687:  2846  7337  7343
  688:  2847  7343  7355
  689:  2854  7355  7363
  690:  2856  7363  7365
  691:  2860  7365  7372
  692:  2861  7372  7386
  693:  2863  7386  7392
  694:  2866  7392  7396
  695:  2871  7396  7411
  696:  2878  7411  7415
  697:  2885  7415  7421
  698:  2889  7421  7439
  699:  2894  7439  7458
  700:  2898  7458  7465
  701:  2899  7465  7490
  702:  2904  7490  7502
  703:  2906  7502  7505
  704:  2909  7505  7515
  705:  2913  7515  7517
  706:  2914  7517  7535
  707:  2921  7535  7541
  708:  2924  7541  7545
  709:  2929  7545  7567
  710:  2936  7567  7575
  711:  2942  7575  7577
  712:  2947  7577  7581
  713:  2949  7581  7597
  714:  2955  7597  7618
  715:  2962  7618  7635
  716:  2968  7635  7647
  717:  2971  7647  7660
  718:  2974  7660  7668
  719:  2980  7668  7673
  720:  2983  7673  7688
  721:  2987  7688  7694
  722:  2991  7694  7698
  723:  2998  7698  7714
  724:  3003  7714  7723
  725:  3010  7723  7724
  726:  3012  7724  7726
  727:  3014  7726  7747
  728:  3018  7747  7765
  729:  3021  7765  7772
  730:  3026  7772  7775
  731:  3032  7775  7779
  732:  3035  7779  7782
  733:  3042  7782  7800
  734:  3048  7800  7804
  735:  3052  7804  7824
  736:  3055  7824  7826
  737:  3060  7826  7851
  738:  3065  7851  7860
  739:  3071  7860  7871
  740:  3073  7871  7882
  741:  3074  7882  7892
  742:  3076  7892  7904
  743:  3078  7904  7915
  744:  3084  7915  7937
  745:  3086  7937  7939
  746:  3090  7939  7942
  747:  3095  7942  7947
  748:  3102  7947  7952
  749:  3103  7952  7958
  750:  3105  7958  7976
  751:  3106  7976  7994
  752:  3111  7994  8009
  753:  3112  8009  8028
  754:  3113  8028  8039
  755:  3118  8039  8045
  756:  3121  8045  8064
  757:  3128  8064  8069
  758:  3135  8069  8070
  759:  3136  8070  8093
  760:  3140  8093  8106
  761:  3142  8106  8112
  762:  3146  8112  8113
  763:  3149  8113  8128
  764:  3153  8128  8129
  765:  3158  8129  8132
  766:  3159  8132  8150
  767:  3164  8150  8157
  768:  3170  8157  8158
  769:  3174  8158  8170
  770:  3178  8170  8184
  771:  3184  8184  8186
  772:  3187  8186  8194
  773:  3190  8194  8196
  774:  3196  8196  8213
  775:  3198  8213  8230
  776:  3200  8230  8237
  777:  3202  8237  8240
  778:  3206  8240  8242
  779:  3212  8242  8249
  780:  3214  8249  8258
  781:  3220  8258  8265
  782:  3224  8265  8286
  783:  3230  8286  8299
  784:  3234  8299  8306
  785:  3237  8306  8326
  786:  3242  8326  8353
  787:  3245  8353  8359
  788:  3251  8359  8365
  789:  3253  8365  8379
  790:  3259  8379  8382
  791:  3260  8382  8393
  792:  3262  8393  8410
  793:  3263  8410  8417
  794:  3270  8417  8427
  795:  3274  8427  8438
  796:  3277  8438  8447
  797:  3282  8447  8458
  798:  3285  8458  8462
  799:  3291  8462  8479
  800:  3295  8479  8481
  801:  3298  8481  8486
  802:  3299  8486  8487
  803:  3302  8487  8488
  804:  3304  8488  8494
  805:  3311  8494  8498
  806:  3313  8498  8501
  807:  3315  8501  8505
  808:  3317  8505  8514
  809:  3324  8514  8519
  810:  3329  8519  8524
  811:  3336  8524  8538
  812:  3337  8538  8544
  813:  3342  8544  8545
  814:  3346  8545  8567
  815:  3349  8567  8587
  816:  3354  8587  8592
  817:  3356  8592  8596
  818:  3357  8596  8597
  819:  3362  8597  8598
  820:  3368  8598  8620
  821:  3371  8620  8624
  822:  3376  8624  8648
  823:  3380  8648  8649
  824:  3386  8649  8651
  825:  3390  8651  8669
  826:  3397  8669  8677
  827:  3399  8677  8690
  828:  3401  8690  8716
  829:  3408  8716  8719
  830:  3410  8719  8728
  831:  3416  8728  8742
  832:  3423  8742  8753
  833:  3426  8753  8758
  834:  3427  8758  8775
  835:  3431  8775  8780
  836:  3435  8780  8792
  837:  3442  8792  8800
  838:  3443  8800  8817
  839:  3444  8817  8845
  840:  3448  8845  8860
  841:  3449  8860  8870
  842:  3450  8870  8882
  843:  3456  8882  8893
  844:  3459  8893  8918
  845:  3462  8918  8920
  846:  3467  8920  8931
  847:  3474  8931  8945
  848:  3478  8945  8952
  849:  3479  8952  8963
  850:  3484  8963  8982
  851:  3490  8982  8983
  852:  3497  8983  8984
  853:  3499  8984  9004
  854:  3500  9004  9031
  855:  3502  9031  9036
  856:  3504  9036  9039
  857:  3508  9039  9052
  858:  3509  9052  9055
  859:  3515  9055  9065
  860:  3516  9065  9075
  861:  3519  9075  9081
  862:  3525  9081  9083
  863:  3529  9083  9096
  864:  3533  9096  9100
  865:  3536  9100  9109
  866:  3542  9109  9118
  867:  3546  9118  9140
  868:  3551  9140  9157
  869:  3554  9157  9164
  870:  3561  9164  9168
  871:  3563  9168  9175
  872:  3567  9175  9186
  873:  3572  9186  9204
  874:  3577  9204  9208
  875:  3578  9208  9229
  876:  3582  9229  9253
  877:  3589  9253  9273
  878:  3592  9273  9275
  879:  3598  9275  9289
  880:  3603  9289  9300
  881:  3607  9300  9305
  882:  3614  9305  9310
  883:  3615  9310  9314
  884:  3619  9314  9317
  885:  3622  9317  9322
  886:  3628  9322  9333
  887:  3629  9333  9342
  888:  3635  9342  9344
  889:  3639  9344  9363
  890:  3645  9363  9364
  891:  3652  9364  9385
  892:  3654  9385  9393
  893:  3661  9393  9400
  894:  3662  9400  9414
  895:  3666  9414  9415
  896:  3667  9415  9420
  897:  3670  9420  9426
  898:  3674  9426  9445
  899:  3678  9445  9446
  900:  3682  9446  9466
  901:  3688  9466  9478
  902:  3690  9478  9482
  903:  3694  9482  9492
  904:  3698  9492  9497
  905:  3702  9497  9507
  906:  3705  9507  9526
  907:  3707  9526  9534
  908:  3708  9534  9556
  909:  3710  9556  9581
  910:  3711  9581  9583
  911:  3712  9583  9592
  912:  3719  9592  9596
  913:  3723  9596  9603
  914:  3728  9603  9617
  915:  3734  9617  9631
  916:  3740  9631  9645
  917:  3742  9645  9673
  918:  3748  9673  9683
  919:  3749  9683  9691
  920:  3754  9691  9693
  921:  3758  9693  9704
  922:  3760  9704  9707
  923:  3765  9707  9711
  924:  3767  9711  9713
  925:  3769  9713  9720
  926:  3770  9720  9723
  927:  3777  9723  9738
  928:  3782  9738  9752
  929:  3786  9752  9753
  930:  3793  9753  9773
  931:  3800  9773  9774
  932:  3806  9774  9785
  933:  3811  9785  9795
  934:  3816  9795  9812
  935:  3817  9812  9827
  936:  3823  9827  9836
  937:  3826  9836  9840
  938:  3830  9840  9849
  939:  3833  9849  9854
  940:  3835  9854  9857
  941:  3836  9857  9873
  942:  3837  9873  9888
  943:  3838  9888  9908
  944:  3845  9908  9913
  945:  3851  9913  9933
  946:  3854  9933  9940
  947:  3860  9940  9943
  948:  3863  9943  9958
  949:  3865  9958  9974
  950:  3867  9974  9980
  951:  3872  9980  9982
  952:  3878  9982 10006
  953:  3879 10006 10007
  954:  3882 10007 10021
  955:  3884 10021 10030
  956:  3888 10030 10039
  957:  3892 10039 10042
  958:  3897 10042 10043
  959:  3901 10043 10044
  960:  3904 10044 10051
  961:  3910 10051 10055
  962:  3914 10055 10067
  963:  3919 10067 10078
  964:  3923 10078 10090
  965:  3929 10090 10091
  966:  3936 10091 10104
  967:  3943 10104 10110
  968:  3944 10110 10126
  969:  3946 10126 10130
  970:  3950 10130 10144
  971:  3951 10144 10156
  972:  3956 10156 10163
  973:  3958 10163 10182
  974:  3965 10182 10187
  975:  3969 10187 10205
  976:  3971 10205 10227
  977:  3974 10227 10247
  978:  3977 10247 10262
  979:  3979 10262 10273
  980:  3980 10273 10282
  981:  3987 10282 10286
  982:  3992 10286 10292
  983:  3999 10292 10294
  984:  4000 10294 10314
  985:  4003 10314 10321
  986:  4008 10321 10335
  987:  4014 10335 10358
  988:  4017 10358 10367
  989:  4019 10367 10375
  990:  4020 10375 10383
  991:  4025 10383 10391
  992:  4030 10391 10394
  993:  4037 10394 10410
  994:  4042 10410 10417
  995:  4048 10417 10426
  996:  4055 10426 10435
  997:  4056 10435 10437
  998:  4057 10437 10448
  999:  4059 10448 10462
SUM: 10462 10461 0.9999 3180.24 3169.78 6389
