    0:     1     1   394
    1:   170   394   431
    2:   194   431   716
    3:   265   716   797
    4:   424   797  1222
    5:   592  1222  1243
    6:   605  1243  1647
    7:   642  1647  1739
    8:   648  1739  1938
    9:   728  1938  2644
   10:   769  2644  3459
   11:   862  3459  3581
   12:   905  3581  4072
   13:  1034  4072  4220
   14:  1037  4220  4474
   15:  1093  4474  4791
   16:  1198  4791  5046
   17:  1200  5046  5435
   18:  1251  5435  6051
   19:  1266  6051  6325
   20:  1285  6325  6620
   21:  1487  6620  6935
   22:  1506  6935  7008
   23:  1551  7008  7014
   24:  1616  7014  7215
   25:  1640  7215  7321
   26:  1663  7321  8306
   27:  1687  8306  8596
   28:  1793  8596  9195
   29:  1822  9195  9893
   30:  1869  9893  9938
   31:  1918  9938 10564
   32:  1941 10564 10858
   33:  1963 10858 11109
   34:  1976 11109 11432
   35:  1987 11432 11482
   36:  2043 11482 11800
   37:  2160 11800 12482
   38:  2198 12482 12993
   39:  2204 12993 13729
   40:  2238 13729 14354
   41:  2645 14354 14626
   42:  2677 14626 14979
   43:  2707 14979 15144
   44:  2743 15144 15689
   45:  2930 15689 15884
   46:  2983 15884 16337
   47:  2989 16337 16718
   48:  3176 16718 17164
   49:  3235 17164 17414
   50:  3348 17414 18024
   51:  3397 18024 18413
   52:  3508 18413 18447
   53:  3513 18447 18545
   54:  3568 18545 18576
   55:  3581 18576 19318
   56:  3633 19318 20048
   57:  3687 20048 20751
   58:  3729 20751 20755
   59:  3996 20755 20791
   60:  4050 20791 20862
   61:  4133 20862 21729
   62:  4158 21729 22456
   63:  4280 22456 22997
   64:  4286 22997 23143
   65:  4312 23143 23653
   66:  4315 23653 23743
   67:  4329 23743 23792
   68:  4332 23792 24377
   69:  4799 24377 24707
   70:  4835 24707 25118
   71:  4880 25118 25846
   72:  4908 25846 25932
   73:  5010 25932 26157
   74:  5141 26157 26188
   75:  5203 26188 26564
   76:  5272 26564 26667
   77:  5305 26667 27327
   78:  5624 27327 28057
   79:  5632 28057 28153
   80:  5687 28153 28481
   81:  5892 28481 28655
   82:  5906 28655 29121
   83:  5943 29121 29235
   84:  5974 29235 29408
   85:  6090 29408 29742
   86:  6150 29742 30226
   87:  6221 30226 30846
   88:  6239 30846 31353
   89:  6309 31353 31669
   90:  6314 31669 31804
   91:  6349 31804 32306
   92:  6388 32306 32372
   93:  6451 32372 32718
   94:  6631 32718 32998
   95:  6678 32998 33244
   96:  6684 33244 33272
   97:  6705 33272 33379
   98:  6743 33379 33418
   99:  6888 33418 33740
  100:  6910 33740 33951
  101:  6941 33951 34030
  102:  6957 34030 34325
  103:  7051 34325 34668
  104:  7179 34668 34875
  105:  7252 34875 35110
  106:  7263 35110 35803
  107:  7302 35803 36385
  108:  7457 36385 36464
  109:  7574 36464 36716
  110:  7597 36716 37044
  111:  7671 37044 37496
  112:  7690 37496 37700
  113:  7705 37700 37953
  114:  7737 37953 38538
  115:  7777 38538 39108
  116:  7850 39108 39262
  117:  7859 39262 39316
  118:  8131 39316 39330
  119:  8165 39330 39371
  120:  8232 39371 39573
  121:  8347 39573 39836
  122:  8373 39836 40376
  123:  8444 40376 40399
  124:  8845 40399 40638
  125:  8940 40638 40778
  126:  9014 40778 40859
  127:  9228 40859 41369
  128:  9247 41369 42099
  129:  9296 42099 42549
  130:  9309 42549 42876
  131:  9324 42876 42987
  132:  9407 42987 43476
  133:  9478 43476 43815
  134:  9489 43815 44156
  135:  9532 44156 44410
  136:  9824 44410 44919
  137:  9870 44919 44971
  138:  9910 44971 45168
  139:  9953 45168 45501
  140: 10002 45501 45748
  141: 10086 45748 45796
  142: 10139 45796 46300
  143: 10413 46300 46421
  144: 10516 46421 46702
  145: 10544 46702 47161
  146: 10578 47161 47570
  147: 10671 47570 48044
  148: 10797 48044 48335
  149: 10882 48335 48963
  150: 10909 48963 49800
  151: 10995 49800 49973
  152: 11026 49973 50115
  153: 11088 50115 50722
  154: 11107 50722 51469
  155: 11120 51469 52172
  156: 11134 52172 52303
  157: 11265 52303 52461
  158: 11311 52461 52578
  159: 11352 52578 53169
  160: 11374 53169 53702
  161: 11384 53702 53819
  162: 11405 53819 54034
  163: 11486 54034 54807
  164: 11499 54807 55081
  165: 11500 55081 55217
  166: 11546 55217 55446
  167: 11655 55446 55539
  168: 11800 55539 56005
  169: 11860 56005 56257
  170: 11891 56257 56895
  171: 12009 56895 57100
  172: 12071 57100 57206
  173: 12087 57206 57802
  174: 12128 57802 58402
  175: 12148 58402 58461
  176: 12182 58461 58781
  177: 12209 58781 59039
  178: 12226 59039 59389
  179: 12313 59389 59988
  180: 12341 59988 60327
  181: 12484 60327 60390
  182: 12524 60390 60545
  183: 12588 60545 60889
  184: 12821 60889 61034
  185: 12854 61034 61202
  186: 12997 61202 61348
  187: 13123 61348 61610
  188: 13234 61610 62010
  189: 13277 62010 62193
  190: 13353 62193 62671
  191: 13513 62671 63337
  192: 13516 63337 63520
  193: 13591 63520 63574
  194: 13604 63574 63650
  195: 13676 63650 63809
  196: 13678 63809 63819
  197: 13700 63819 63835
  198: 13707 63835 64213
  199: 13806 64213 64998
  200: 14058 64998 65042
  201: 14090 65042 65766
  202: 14111 65766 66420
  203: 14130 66420 66561
  204: 14144 66561 67211
  205: 14162 67211 67359
  206: 14194 67359 68076
  207: 14327 68076 68363
  208: 14353 68363 68436
  209: 14429 68436 68760
  210: 14451 68760 68918
  211: 14581 68918 69132
  212: 14598 69132 69583
  213: 14728 69583 69826
  214: 14729 69826 70663
  215: 14737 70663 71315
  216: 14865 71315 71447
  217: 14901 71447 71748
  218: 14936 71748 72260
  219: 15033 72260 72292
  220: 15069 72292 72814
  221: 15159 72814 72956
  222: 15206 72956 73737
  223: 15291 73737 74632
  224: 15337 74632 74997
  225: 15370 74997 75058
  226: 15395 75058 75372
  227: 15465 75372 75851
  228: 15652 75851 75927
  229: 15718 75927 76071
  230: 15797 76071 76169
  231: 15798 76169 76391
  232: 15801 76391 76462
  233: 15857 76462 76485
  234: 16114 76485 76657
  235: 16115 76657 76758
  236: 16144 76758 77127
  237: 16207 77127 77199
  238: 16302 77199 77742
  239: 16473 77742 77811
  240: 16568 77811 77888
  241: 16634 77888 78135
  242: 16666 78135 78324
  243: 16732 78324 78394
  244: 16874 78394 78493
  245: 16878 78493 78822
  246: 17029 78822 79244
  247: 17302 79244 80080
  248: 17351 80080 80496
  249: 17382 80496 80546
  250: 17486 80546 80633
  251: 17607 80633 80915
  252: 17613 80915 81209
  253: 17769 81209 81641
  254: 17842 81641 81675
  255: 18180 81675 82101
  256: 18182 82101 82334
  257: 18215 82334 82527
  258: 18328 82527 83085
  259: 18408 83085 83400
  260: 18417 83400 83493
  261: 18427 83493 83754
  262: 18548 83754 84632
  263: 18720 84632 84811
  264: 18789 84811 84856
  265: 18888 84856 84974
  266: 18957 84974 85154
  267: 19000 85154 85304
  268: 19181 85304 85678
  269: 19232 85678 85902
  270: 19238 85902 85957
  271: 19399 85957 86320
  272: 19403 86320 86444
  273: 19455 86444 87043
  274: 19470 87043 87722
  275: 19517 87722 87864
  276: 19679 87864 88162
  277: 19704 88162 88247
  278: 19796 88247 88747
  279: 20065 88747 88872
  280: 20106 88872 89265
  281: 20189 89265 89942
  282: 20209 89942 90023
  283: 20303 90023 90067
  284: 20344 90067 90123
  285: 20432 90123 90423
  286: 20520 90423 90489
  287: 20594 90489 90668
  288: 20722 90668 91288
  289: 20790 91288 91415
  290: 20816 91415 91476
  291: 20844 91476 91592
  292: 20927 91592 92009
  293: 21082 92009 92229
  294: 21199 92229 92692
  295: 21288 92692 93319
  296: 21348 93319 93468
  297: 21369 93468 93896
  298: 21417 93896 94067
  299: 21642 94067 94132
  300: 21656 94132 94391
  301: 21695 94391 94619
  302: 21713 94619 95448
  303: 21786 95448 95449
  304: 21800 95449 95632
  305: 21803 95632 95885
  306: 21829 95885 96000
  307: 21910 96000 96606
  308: 22160 96606 97038
  309: 22192 97038 97258
  310: 22228 97258 97968
  311: 22502 97968 98856
  312: 22541 98856 99566
  313: 22638 99566 100233
  314: 22653 100233 100444
  315: 22770 100444 100757
  316: 22799 100757 100921
  317: 22819 100921 101260
  318: 22840 101260 101582
  319: 22905 101582 102024
  320: 22911 102024 102233
  321: 23082 102233 102483
  322: 23447 102483 102663
  323: 23479 102663 103059
  324: 23486 103059 103318
  325: 23579 103318 103538
  326: 23680 103538 103747
  327: 23719 103747 104278
  328: 23899 104278 104293
  329: 23902 104293 104334
  330: 24030 104334 105072
  331: 24077 105072 105767
  332: 24080 105767 106327
  333: 24166 106327 106745
  334: 24228 106745 106763
  335: 24319 106763 107150
  336: 24489 107150 107199
  337: 24491 107199 107484
  338: 24504 107484 107991
  339: 24644 107991 108112
  340: 24650 108112 108409
  341: 24750 108409 108673
  342: 24771 108673 109344
  343: 25058 109344 109347
  344: 25083 109347 109477
  345: 25104 109477 109564
  346: 25252 109564 110172
  347: 25273 110172 110354
  348: 25314 110354 110391
  349: 25329 110391 110441
  350: 25346 110441 110538
  351: 25422 110538 111328
  352: 25473 111328 111902
  353: 25820 111902 111915
  354: 25824 111915 112089
  355: 26017 112089 112788
  356: 26054 112788 113315
  357: 26295 113315 113340
  358: 26421 113340 113639
  359: 26539 113639 114471
  360: 26786 114471 114530
  361: 26804 114530 115307
  362: 26913 115307 115659
  363: 27009 115659 115942
  364: 27048 115942 116664
  365: 27062 116664 116961
  366: 27183 116961 117167
  367: 27277 117167 117687
  368: 27328 117687 118093
  369: 27574 118093 118246
  370: 27632 118246 118580
  371: 27719 118580 118630
  372: 27779 118630 118917
  373: 27843 118917 119201
  374: 27909 119201 119205
  375: 27957 119205 119387
  376: 27997 119387 119526
  377: 28032 119526 120032
  378: 28045 120032 120115
  379: 28080 120115 120587
  380: 28081 120587 120607
  381: 28096 120607 120869
  382: 28131 120869 120958
  383: 28140 120958 120994
  384: 28210 120994 121784
  385: 28251 121784 121859
  386: 28506 121859 121900
  387: 28513 121900 122305
  388: 28621 122305 122455
  389: 28783 122455 122770
  390: 28785 122770 122775
  391: 28962 122775 122873
  392: 28965 122873 123047
  393: 29042 123047 123114
  394: 29078 123114 123311
  395: 29194 123311 123690
  396: 29257 123690 124272
  397: 29275 124272 124305
  398: 29436 124305 124920
  399: 29563 124920 125085
  400: 29602 125085 125342
  401: 29680 125342 125481
  402: 29712 125481 125845
  403: 29882 125845 126470
  404: 29921 126470 127135
  405: 29968 127135 127468
  406: 29979 127468 127541
  407: 30156 127541 127726
  408: 30236 127726 128084
  409: 30275 128084 128590
  410: 30337 128590 128743
  411: 30380 128743 128799
  412: 30394 128799 129314
  413: 30400 129314 129909
  414: 30723 129909 130752
  415: 30784 130752 131258
  416: 30795 131258 131447
  417: 30907 131447 131734
  418: 31133 131734 131911
  419: 31204 131911 132221
  420: 31249 132221 132500
  421: 31374 132500 133012
  422: 31420 133012 133135
  423: 31536 133135 133734
  424: 31559 133734 133809
  425: 31572 133809 134450
  426: 31609 134450 134682
  427: 31888 134682 134719
  428: 31910 134719 135223
  429: 31983 135223 135406
  430: 32235 135406 135468
  431: 32312 135468 135543
  432: 32349 135543 135853
  433: 32418 135853 135928
  434: 32425 135928 136055
  435: 32516 136055 136384
  436: 32542 136384 136412
  437: 32553 136412 136656
  438: 32573 136656 136823
  439: 32732 136823 137247
  440: 32741 137247 137708
  441: 32772 137708 138179
  442: 32850 138179 138377
  443: 32856 138377 138966
  444: 32891 138966 139164
  445: 32903 139164 139527
  446: 33069 139527 139976
  447: 33114 139976 140486
  448: 33131 140486 140714
  449: 33204 140714 140962
  450: 33227 140962 140990
  451: 33368 140990 141232
  452: 33509 141232 141649
  453: 33539 141649 142554
  454: 33727 142554 142683
  455: 33793 142683 142855
  456: 33815 142855 143743
  457: 33875 143743 143769
  458: 33896 143769 144037
  459: 34020 144037 144048
  460: 34051 144048 144384
  461: 34312 144384 145110
  462: 34417 145110 145296
  463: 34471 145296 145842
  464: 34519 145842 146665
  465: 34542 146665 147271
  466: 34590 147271 147902
  467: 34619 147902 148107
  468: 34627 148107 148440
  469: 34666 148440 149069
  470: 34820 149069 150040
  471: 34825 150040 150908
  472: 35024 150908 151404
  473: 35026 151404 151855
  474: 35049 151855 152525
  475: 35170 152525 152763
  476: 35293 152763 152925
  477: 35432 152925 153133
  478: 35448 153133 153333
  479: 35504 153333 153640
  480: 35557 153640 153770
  481: 35597 153770 153953
  482: 35785 153953 154192
  483: 35812 154192 154906
  484: 35850 154906 155594
  485: 35854 155594 156037
  486: 35948 156037 156182
  487: 35987 156182 156700
  488: 36092 156700 156906
  489: 36222 156906 157327
  490: 36247 157327 157931
  491: 36321 157931 158460
  492: 36358 158460 158838
  493: 36438 158838 158952
  494: 36573 158952 159353
  495: 36595 159353 159509
  496: 36918 159509 159844
  497: 36947 159844 160073
  498: 36987 160073 160346
  499: 37192 160346 160535
  500: 37224 160535 160706
  501: 37231 160706 161631
  502: 37240 161631 162065
  503: 37334 162065 162442
  504: 37549 162442 162783
  505: 37721 162783 163090
  506: 37734 163090 163388
  507: 37763 163388 163417
  508: 38076 163417 163830
  509: 38212 163830 163856
  510: 38250 163856 163866
  511: 38262 163866 163967
  512: 38315 163967 163983
  513: 38367 163983 164059
  514: 38946 164059 164242
  515: 38996 164242 164912
  516: 39036 164912 165346
  517: 39045 165346 165709
  518: 39069 165709 165782
  519: 39220 165782 165964
  520: 39389 165964 166679
  521: 39673 166679 167006
  522: 39714 167006 167117
  523: 39755 167117 167243
  524: 39840 167243 167387
  525: 39905 167387 167569
  526: 39949 167569 168225
  527: 39962 168225 168439
  528: 40084 168439 168727
  529: 40091 168727 168865
  530: 40436 168865 169084
  531: 40555 169084 169259
  532: 40566 169259 169762
  533: 40596 169762 170255
  534: 40775 170255 170475
  535: 40794 170475 171078
  536: 40820 171078 171670
  537: 40839 171670 172183
  538: 40942 172183 172251
  539: 40952 172251 172478
  540: 41144 172478 172765
  541: 41198 172765 173110
  542: 41243 173110 173418
  543: 41272 173418 173836
  544: 41303 173836 173996
  545: 41308 173996 174082
  546: 41457 174082 174493
  547: 41469 174493 174523
  548: 41475 174523 174727
  549: 41561 174727 175020
  550: 41684 175020 175228
  551: 41748 175228 175698
  552: 41842 175698 175983
  553: 41950 175983 176054
  554: 41993 176054 176233
  555: 42019 176233 176274
  556: 42111 176274 176788
  557: 42181 176788 177068
  558: 42561 177068 177553
  559: 42660 177553 178011
  560: 42868 178011 178356
  561: 42909 178356 179087
  562: 43035 179087 179314
  563: 43099 179314 179636
  564: 43110 179636 180270
  565: 43124 180270 180961
  566: 43227 180961 181160
  567: 43489 181160 181448
  568: 43493 181448 181718
  569: 43629 181718 181961
  570: 43827 181961 182319
  571: 43905 182319 182822
  572: 44026 182822 183202
  573: 44027 183202 183741
  574: 44037 183741 183778
  575: 44054 183778 184470
  576: 44186 184470 185035
  577: 44338 185035 185047
  578: 44355 185047 185246
  579: 44413 185246 185339
  580: 44504 185339 185701
  581: 44531 185701 185960
  582: 44578 185960 186140
  583: 44767 186140 186388
  584: 44873 186388 186895
  585: 45083 186895 187772
  586: 45164 187772 188088
  587: 45253 188088 188431
  588: 45322 188431 188859
  589: 45325 188859 188989
  590: 45416 188989 189234
  591: 45431 189234 189453
  592: 45749 189453 189952
  593: 45807 189952 190357
  594: 45842 190357 190822
  595: 45853 190822 191628
  596: 45869 191628 192131
  597: 45930 192131 192247
  598: 45983 192247 192643
  599: 46032 192643 192834
  600: 46039 192834 192988
  601: 46052 192988 193322
  602: 46200 193322 193401
  603: 46269 193401 193727
  604: 46367 193727 194341
  605: 46371 194341 194462
  606: 46383 194462 194914
  607: 46517 194914 195513
  608: 46726 195513 196243
  609: 46760 196243 196813
  610: 46798 196813 197189
  611: 46800 197189 197724
  612: 46801 197724 198206
  613: 46853 198206 198622
  614: 47307 198622 199305
  615: 47322 199305 199660
  616: 47537 199660 200188
  617: 47578 200188 200334
  618: 47652 200334 201107
  619: 47665 201107 201436
  620: 47683 201436 201588
  621: 47696 201588 201993
  622: 47699 201993 202454
  623: 47759 202454 202608
  624: 47814 202608 202688
  625: 47906 202688 203282
  626: 47947 203282 203561
  627: 48363 203561 203794
  628: 48380 203794 204638
  629: 48582 204638 205534
  630: 48607 205534 206165
  631: 48807 206165 206286
  632: 48921 206286 206787
  633: 49072 206787 206865
  634: 49242 206865 207451
  635: 49368 207451 207563
  636: 49411 207563 208420
  637: 49509 208420 208912
  638: 49519 208912 209108
  639: 49635 209108 209473
  640: 49718 209473 209626
  641: 49792 209626 210027
  642: 49808 210027 210558
  643: 49810 210558 210777
  644: 49905 210777 211333
  645: 49942 211333 212295
  646: 49970 212295 212620
  647: 49990 212620 212845
  648: 49994 212845 212847
  649: 50180 212847 213704
  650: 50210 213704 213934
  651: 50216 213934 213975
  652: 50307 213975 214013
  653: 50328 214013 214036
  654: 50335 214036 214827
  655: 50384 214827 215553
  656: 50442 215553 216206
  657: 50592 216206 216830
  658: 50693 216830 216987
  659: 50705 216987 217421
  660: 50853 217421 217503
  661: 50899 217503 217866
  662: 51052 217866 218388
  663: 51077 218388 218620
  664: 51200 218620 219353
  665: 51370 219353 219413
  666: 51574 219413 220246
  667: 51758 220246 220581
  668: 51873 220581 221053
  669: 51921 221053 221765
  670: 51938 221765 221842
  671: 52016 221842 222048
  672: 52021 222048 222286
  673: 52071 222286 222589
  674: 52110 222589 222766
  675: 52134 222766 223134
  676: 52149 223134 223607
  677: 52194 223607 224296
  678: 52238 224296 224979
  679: 52592 224979 225461
  680: 52803 225461 226093
  681: 52841 226093 226107
  682: 52990 226107 226668
  683: 53044 226668 227004
  684: 53093 227004 227343
  685: 53149 227343 227639
  686: 53368 227639 228153
  687: 53412 228153 228312
  688: 53500 228312 229227
  689: 53635 229227 230059
  690: 53699 230059 230072
  691: 53734 230072 230715
  692: 53881 230715 230784
  693: 54006 230784 231303
  694: 54068 231303 231799
  695: 54130 231799 232097
  696: 54218 232097 232554
  697: 54253 232554 232961
  698: 54277 232961 233300
  699: 54294 233300 233437
  700: 54455 233437 233460
  701: 54500 233460 233555
  702: 54683 233555 233620
  703: 54825 233620 233909
  704: 54958 233909 233989
  705: 55050 233989 234271
  706: 55171 234271 234593
  707: 55184 234593 235174
  708: 55364 235174 235487
  709: 55631 235487 235988
  710: 55744 235988 236049
  711: 56042 236049 236111
  712: 56094 236111 236223
  713: 56096 236223 236638
  714: 56118 236638 237179
  715: 56175 237179 237274
  716: 56442 237274 238120
  717: 56709 238120 238222
  718: 56870 238222 238286
  719: 56920 238286 238394
  720: 56973 238394 238907
  721: 56982 238907 239018
  722: 57006 239018 239049
  723: 57281 239049 239137
  724: 57303 239137 239891
  725: 57385 239891 240800
  726: 57434 240800 241412
  727: 57487 241412 241747
  728: 57545 241747 241970
  729: 57568 241970 241987
  730: 57594 241987 242355
  731: 57698 242355 242481
  732: 57734 242481 242833
  733: 57747 242833 243265
  734: 57757 243265 243942
  735: 57850 243942 244495
  736: 58411 244495 244799
  737: 58481 244799 245054
  738: 58973 245054 245578
  739: 59030 245578 245720
  740: 59077 245720 246092
  741: 59118 246092 246545
  742: 59124 246545 246837
  743: 59134 246837 247052
  744: 59148 247052 247279
  745: 59187 247279 247350
  746: 59312 247350 247665
  747: 59417 247665 247702
  748: 59535 247702 248433
  749: 59573 248433 248436
  750: 59695 248436 249247
  751: 59716 249247 249942
  752: 59726 249942 249998
  753: 59732 249998 250726
  754: 59814 250726 251214
  755: 59820 251214 251699
  756: 59836 251699 252070
  757: 59858 252070 252297
  758: 60047 252297 252406
  759: 60225 252406 252702
  760: 60342 252702 252922
  761: 60404 252922 253210
  762: 60451 253210 253490
  763: 60569 253490 253549
  764: 60590 253549 253618
  765: 60605 253618 253761
  766: 60632 253761 254144
  767: 60777 254144 254149
  768: 60803 254149 254652
  769: 60866 254652 254671
  770: 60927 254671 254982
  771: 60934 254982 255090
  772: 60946 255090 255493
  773: 60948 255493 255771
  774: 61050 255771 256639
  775: 61064 256639 257049
  776: 61086 257049 257250
  777: 61096 257250 257258
  778: 61100 257258 257462
  779: 61450 257462 258092
  780: 61459 258092 258219
  781: 61491 258219 258473
  782: 61561 258473 258692
  783: 61711 258692 259386
  784: 61723 259386 259852
  785: 61872 259852 260127
  786: 61878 260127 260375
  787: 61925 260375 261091
  788: 61953 261091 261354
  789: 61982 261354 261803
  790: 62027 261803 262236
  791: 62094 262236 262455
  792: 62113 262455 262473
  793: 62156 262473 262918
  794: 62236 262918 263063
  795: 62302 263063 263418
  796: 62371 263418 263573
  797: 62388 263573 264299
  798: 62399 264299 264433
  799: 62408 264433 264652
  800: 62462 264652 265335
  801: 62531 265335 265374
  802: 62580 265374 265468
  803: 62602 265468 265608
  804: 62615 265608 266281
  805: 62658 266281 266626
  806: 62835 266626 267135
  807: 62997 267135 267619
  808: 63063 267619 268084
  809: 63089 268084 268236
  810: 63194 268236 268296
  811: 63266 268296 268912
  812: 63291 268912 269052
  813: 63428 269052 269518
  814: 63652 269518 269747
  815: 63813 269747 270539
  816: 63825 270539 270983
  817: 63979 270983 271125
  818: 64009 271125 271626
  819: 64080 271626 272001
  820: 64123 272001 272447
  821: 64136 272447 272739
  822: 64153 272739 273040
  823: 64459 273040 273787
  824: 64477 273787 274304
  825: 64602 274304 274998
  826: 64634 274998 275537
  827: 64716 275537 275750
  828: 64739 275750 275889
  829: 64757 275889 276027
  830: 64927 276027 276524
  831: 65045 276524 276760
  832: 65046 276760 276798
  833: 65140 276798 277073
  834: 65142 277073 277146
  835: 65208 277146 277271
  836: 65243 277271 278113
  837: 65269 278113 278621
  838: 65458 278621 278954
  839: 65535 278954 279056
  840: 65713 279056 279476
  841: 65773 279476 279753
  842: 65797 279753 279895
  843: 65867 279895 280485
  844: 65884 280485 280520
  845: 65926 280520 281235
  846: 66190 281235 281353
  847: 66240 281353 282116
  848: 66318 282116 282896
  849: 66328 282896 283373
  850: 66370 283373 283411
  851: 66483 283411 283497
  852: 66564 283497 284225
  853: 66584 284225 284724
  854: 66598 284724 285026
  855: 66711 285026 285825
  856: 66763 285825 286073
  857: 66804 286073 286524
  858: 66860 286524 287276
  859: 66923 287276 287986
  860: 67067 287986 288722
  861: 67209 288722 289542
  862: 67228 289542 290026
  863: 67354 290026 290565
  864: 67414 290565 290635
  865: 67476 290635 290665
  866: 67560 290665 291297
  867: 67677 291297 291309
  868: 67719 291309 291616
  869: 67906 291616 292195
  870: 68089 292195 292284
  871: 68177 292284 292568
  872: 68179 292568 292864
  873: 68195 292864 293306
  874: 68207 293306 293516
  875: 68233 293516 294281
  876: 68344 294281 294428
  877: 68477 294428 294573
  878: 68528 294573 295212
  879: 68691 295212 295813
  880: 68758 295813 296223
  881: 68759 296223 296406
  882: 68880 296406 296951
  883: 68950 296951 297533
  884: 69090 297533 297824
  885: 69228 297824 298057
  886: 69246 298057 298280
  887: 69260 298280 298564
  888: 69339 298564 298682
  889: 69464 298682 299116
  890: 69475 299116 299807
  891: 69598 299807 300607
  892: 69621 300607 300881
  893: 69809 300881 301000
  894: 69834 301000 301049
  895: 69955 301049 301122
  896: 69977 301122 301173
  897: 69989 301173 301937
  898: 70066 301937 302630
  899: 70092 302630 302897
  900: 70116 302897 303247
  901: 70137 303247 303612
  902: 70221 303612 303696
  903: 70327 303696 303788
  904: 70444 303788 304028
  905: 70454 304028 304388
  906: 70539 304388 304399
  907: 70677 304399 304405
  908: 70741 304405 304590
  909: 70832 304590 304690
  910: 70894 304690 305044
  911: 70995 305044 305364
  912: 71025 305364 305428
  913: 71191 305428 305518
  914: 71269 305518 306309
  915: 71316 306309 307052
  916: 71346 307052 307264
  917: 71389 307264 307979
  918: 71400 307979 308169
  919: 71430 308169 308906
  920: 71538 308906 309371
  921: 71686 309371 309391
  922: 71725 309391 309647
  923: 71762 309647 309930
  924: 71809 309930 310818
  925: 71950 310818 310885
  926: 72020 310885 311443
  927: 72167 311443 311796
  928: 72216 311796 311987
  929: 72409 311987 312607
  930: 72623 312607 312871
  931: 72628 312871 312994
  932: 72637 312994 313225
  933: 72661 313225 313469
  934: 72751 313469 313825
  935: 72767 313825 313974
  936: 72773 313974 314385
  937: 72958 314385 314822
  938: 73065 314822 315005
  939: 73114 315005 315089
  940: 73153 315089 315192
  941: 73175 315192 315504
  942: 73364 315504 315607
  943: 73606 315607 315889
  944: 73760 315889 316372
  945: 73817 316372 316441
  946: 73841 316441 316658
  947: 73848 316658 316858
  948: 73856 316858 316888
  949: 73936 316888 317324
  950: 74258 317324 317372
  951: 74281 317372 318154
  952: 74461 318154 318271
  953: 74523 318271 318754
  954: 74574 318754 319380
  955: 74745 319380 320244
  956: 74780 320244 320996
  957: 74975 320996 321134
  958: 74999 321134 321726
  959: 75088 321726 322462
  960: 75199 322462 322542
  961: 75455 322542 322719
  962: 75588 322719 322722
  963: 75633 322722 323600
  964: 75674 323600 324421
  965: 75775 324421 324720
  966: 76033 324720 325119
  967: 76082 325119 325983
  968: 76098 325983 326811
  969: 76157 326811 327462
  970: 76164 327462 327715
  971: 76234 327715 327738
  972: 76303 327738 327804
  973: 76412 327804 328151
  974: 76453 328151 328571
  975: 76455 328571 328838
  976: 76544 328838 329032
  977: 76565 329032 329557
  978: 76569 329557 329735
  979: 76615 329735 329954
  980: 76743 329954 330237
  981: 76916 330237 330821
  982: 76934 330821 331223
  983: 77016 331223 331258
  984: 77059 331258 331462
  985: 77068 331462 331777
  986: 77150 331777 331979
  987: 77173 331979 332442
  988: 77283 332442 332556
  989: 77372 332556 332635
  990: 77388 332635 333291
  991: 77590 333291 333986
  992: 77601 333986 334249
  993: 77623 334249 334639
  994: 77816 334639 334743
  995: 77899 334743 335360
  996: 77977 335360 335691
  997: 78009 335691 336117
  998: 78019 336117 336852
  999: 78066 336852 337276
 1000: 78233 337276 337618
 1001: 78307 337618 337622
 1002: 78332 337622 338513
 1003: 78445 338513 338970
 1004: 78512 338970 339396
 1005: 78587 339396 339867
 1006: 78808 339867 340213
 1007: 78882 340213 340637
 1008: 78889 340637 340710
 1009: 78919 340710 341065
 1010: 78931 341065 341440
 1011: 78980 341440 341592
 1012: 79104 341592 341687
 1013: 79205 341687 341748
 1014: 79542 341748 342240
 1015: 79590 342240 343145
 1016: 79597 343145 344037
 1017: 80291 344037 344320
 1018: 80796 344320 344716
 1019: 80927 344716 344903
 1020: 81045 344903 345034
 1021: 81051 345034 345314
 1022: 81077 345314 345345
 1023: 81089 345345 345671
 1024: 81105 345671 345769
 1025: 81123 345769 345906
 1026: 81339 345906 346266
 1027: 81578 346266 346315
 1028: 81596 346315 346369
 1029: 81626 346369 346857
 1030: 81742 346857 347452
 1031: 81759 347452 347531
 1032: 81938 347531 348213
 1033: 81961 348213 348916
 1034: 82269 348916 349727
 1035: 82320 349727 350408
 1036: 82381 350408 350606
 1037: 82435 350606 350878
 1038: 82460 350878 351060
 1039: 82480 351060 351247
 1040: 82492 351247 351273
 1041: 82623 351273 351632
 1042: 82636 351632 352321
 1043: 82779 352321 352722
 1044: 82829 352722 352921
 1045: 82897 352921 353009
 1046: 83281 353009 353537
 1047: 83294 353537 353637
 1048: 83336 353637 353730
 1049: 83688 353730 354012
 1050: 83715 354012 354253
 1051: 83721 354253 354373
 1052: 83746 354373 354420
 1053: 83760 354420 354443
 1054: 83774 354443 354740
 1055: 83782 354740 354773
 1056: 83832 354773 355194
 1057: 83949 355194 355263
 1058: 83953 355263 355364
 1059: 84061 355364 355434
 1060: 84172 355434 355642
 1061: 84192 355642 356181
 1062: 84208 356181 356615
 1063: 84273 356615 357102
 1064: 84500 357102 357157
 1065: 84512 357157 357470
 1066: 84543 357470 357490
 1067: 84555 357490 357881
 1068: 84569 357881 358184
 1069: 84635 358184 358203
 1070: 84985 358203 358556
 1071: 85268 358556 358777
 1072: 85447 358777 359064
 1073: 85552 359064 359265
 1074: 85767 359265 359714
 1075: 85785 359714 359912
 1076: 85846 359912 360175
 1077: 85872 360175 360476
 1078: 85940 360476 360598
 1079: 85976 360598 360926
 1080: 86021 360926 360933
 1081: 86145 360933 361187
 1082: 86259 361187 361351
 1083: 86300 361351 361352
 1084: 86325 361352 362295
 1085: 86352 362295 362557
 1086: 86447 362557 362564
 1087: 86554 362564 362906
 1088: 86558 362906 363018
 1089: 86626 363018 363499
 1090: 86628 363499 363684
 1091: 86722 363684 363903
 1092: 86745 363903 364489
 1093: 86777 364489 365346
 1094: 86940 365346 365475
 1095: 86980 365475 365873
 1096: 87004 365873 365986
 1097: 87014 365986 366149
 1098: 87029 366149 366650
 1099: 87030 366650 366738
 1100: 87095 366738 366879
 1101: 87200 366879 366911
 1102: 87272 366911 367126
 1103: 87473 367126 367285
 1104: 87475 367285 367431
 1105: 87559 367431 367889
 1106: 87590 367889 368207
 1107: 87672 368207 368428
 1108: 87710 368428 369022
 1109: 87758 369022 369290
 1110: 87863 369290 369897
 1111: 87936 369897 370757
 1112: 87945 370757 371484
 1113: 87952 371484 371940
 1114: 87981 371940 372125
 1115: 88094 372125 372912
 1116: 88139 372912 373281
 1117: 88156 373281 373742
 1118: 88160 373742 373806
 1119: 88264 373806 373857
 1120: 88347 373857 374196
 1121: 88360 374196 374610
 1122: 88487 374610 375424
 1123: 88560 375424 376035
 1124: 88699 376035 376149
 1125: 88751 376149 376645
 1126: 89145 376645 377118
 1127: 89219 377118 377131
 1128: 89380 377131 377744
 1129: 89420 377744 378262
 1130: 89559 378262 378274
 1131: 89567 378274 378377
 1132: 89665 378377 378399
 1133: 89700 378399 378864
 1134: 89746 378864 379524
 1135: 89901 379524 379528
 1136: 89961 379528 379623
 1137: 89972 379623 379959
 1138: 90120 379959 380357
 1139: 90186 380357 380418
 1140: 90339 380418 381037
 1141: 90366 381037 381815
 1142: 90384 381815 381886
 1143: 90673 381886 382725
 1144: 90754 382725 383022
 1145: 90781 383022 383134
 1146: 90848 383134 383224
 1147: 90970 383224 383319
 1148: 91070 383319 383462
 1149: 91078 383462 383480
 1150: 91105 383480 384265
 1151: 91134 384265 384389
 1152: 91135 384389 384776
 1153: 91154 384776 385184
 1154: 91174 385184 385248
 1155: 91240 385248 385952
 1156: 91415 385952 386733
 1157: 91702 386733 387508
 1158: 91834 387508 388348
 1159: 91852 388348 388813
 1160: 91884 388813 388841
 1161: 92099 388841 389259
 1162: 92222 389259 389931
 1163: 92306 389931 390650
 1164: 92341 390650 390761
 1165: 92366 390761 391278
 1166: 92382 391278 391485
 1167: 92417 391485 392007
 1168: 92452 392007 392426
 1169: 92635 392426 392484
 1170: 92772 392484 392654
 1171: 92779 392654 393361
 1172: 92797 393361 393532
 1173: 93040 393532 393661
 1174: 93044 393661 393780
 1175: 93273 393780 394039
 1176: 93295 394039 394876
 1177: 93442 394876 395244
 1178: 93504 395244 395567
 1179: 93675 395567 395972
 1180: 93686 395972 396158
 1181: 93763 396158 396191
 1182: 93837 396191 396219
 1183: 93919 396219 396785
 1184: 93938 396785 396804
 1185: 94034 396804 397413
 1186: 94280 397413 397613
 1187: 94302 397613 397888
 1188: 94303 397888 397928
 1189: 94373 397928 398076
 1190: 94430 398076 398569
 1191: 94440 398569 398795
 1192: 94485 398795 398991
 1193: 94513 398991 399953
 1194: 94647 399953 400141
 1195: 94694 400141 400900
 1196: 94741 400900 401761
 1197: 94763 401761 401775
 1198: 94804 401775 402607
 1199: 95093 402607 402879
 1200: 95210 402879 402924
 1201: 95391 402924 402977
 1202: 95403 402977 403561
 1203: 95606 403561 403564
 1204: 95643 403564 403936
 1205: 95664 403936 404314
 1206: 95672 404314 404867
 1207: 95765 404867 405064
 1208: 95798 405064 405603
 1209: 95865 405603 405765
 1210: 95885 405765 405897
 1211: 95898 405897 406546
 1212: 95911 406546 406831
 1213: 96032 406831 407003
 1214: 96064 407003 407191
 1215: 96085 407191 407831
 1216: 96134 407831 407852
 1217: 96304 407852 408329
 1218: 96334 408329 408520
 1219: 96459 408520 408629
 1220: 96494 408629 409294
 1221: 96571 409294 409724
 1222: 96612 409724 409851
 1223: 96616 409851 410276
 1224: 96652 410276 410415
 1225: 96930 410415 410433
 1226: 97021 410433 410923
 1227: 97051 410923 411658
 1228: 97112 411658 412393
 1229: 97159 412393 413166
 1230: 97349 413166 413358
 1231: 97353 413358 413673
 1232: 97513 413673 414221
 1233: 97516 414221 414958
 1234: 97630 414958 415601
 1235: 97839 415601 416299
 1236: 98025 416299 416723
 1237: 98103 416723 416963
 1238: 98320 416963 417322
 1239: 98330 417322 417692
 1240: 98362 417692 417920
 1241: 98605 417920 417970
 1242: 98625 417970 418211
 1243: 98823 418211 418719
 1244: 98865 418719 419126
 1245: 98959 419126 419167
 1246: 98968 419167 419582
 1247: 99075 419582 419810
 1248: 99171 419810 420004
 1249: 99189 420004 420303
 1250: 99270 420303 420655
 1251: 99352 420655 421081
 1252: 99452 421081 421345
 1253: 99646 421345 421713
 1254: 99647 421713 422343
 1255: 99648 422343 422659
 1256: 99661 422659 423267
 1257: 99702 423267 423842
 1258: 99726 423842 423889
 1259: 99743 423889 424243
 1260: 99848 424243 424457
 1261: 99853 424457 424511
 1262: 99942 424511 424554
 1263: 100095 424554 424962
 1264: 100170 424962 425295
 1265: 100365 425295 425506
 1266: 100385 425506 425802
 1267: 100542 425802 426189
 1268: 100721 426189 426367
 1269: 100803 426367 426494
 1270: 100948 426494 426741
 1271: 100974 426741 427406
 1272: 101055 427406 428116
 1273: 101096 428116 428326
 1274: 101102 428326 428634
 1275: 101180 428634 428841
 1276: 101240 428841 428963
 1277: 101332 428963 429427
 1278: 101390 429427 429755
 1279: 101472 429755 430158
 1280: 101554 430158 430577
 1281: 101601 430577 430889
 1282: 101616 430889 431445
 1283: 101779 431445 431698
 1284: 101791 431698 432152
 1285: 101793 432152 432694
 1286: 101813 432694 433011
 1287: 101815 433011 433581
 1288: 101819 433581 434029
 1289: 101953 434029 434341
 1290: 101959 434341 434685
 1291: 102232 434685 434837
 1292: 102248 434837 434886
 1293: 102408 434886 434943
 1294: 102430 434943 435129
 1295: 102613 435129 435502
 1296: 102624 435502 436041
 1297: 102757 436041 436092
 1298: 102856 436092 436475
 1299: 102898 436475 436646
 1300: 102921 436646 437076
 1301: 103092 437076 437122
 1302: 103207 437122 437543
 1303: 103245 437543 437630
 1304: 103280 437630 438235
 1305: 103562 438235 438454
 1306: 103656 438454 438951
 1307: 103662 438951 438990
 1308: 103737 438990 439048
 1309: 103815 439048 439125
 1310: 103870 439125 439455
 1311: 103997 439455 439561
 1312: 104220 439561 439580
 1313: 104306 439580 439861
 1314: 104349 439861 440067
 1315: 104425 440067 440389
 1316: 104473 440389 441140
 1317: 104558 441140 441395
 1318: 104617 441395 441517
 1319: 104728 441517 441776
 1320: 104779 441776 442328
 1321: 104830 442328 442548
 1322: 104858 442548 442589
 1323: 104864 442589 442712
 1324: 104868 442712 443401
 1325: 104991 443401 443755
 1326: 105108 443755 443900
 1327: 105171 443900 443933
 1328: 105220 443933 444120
 1329: 105345 444120 444782
 1330: 105477 444782 445248
 1331: 105602 445248 445396
 1332: 105670 445396 445588
 1333: 105761 445588 445941
 1334: 105762 445941 446277
 1335: 105955 446277 446315
 1336: 106047 446315 446411
 1337: 106301 446411 446808
 1338: 106433 446808 446833
 1339: 106460 446833 447671
 1340: 106461 447671 448442
 1341: 106513 448442 449142
 1342: 106580 449142 449881
 1343: 106602 449881 449885
 1344: 106632 449885 449888
 1345: 106970 449888 449980
 1346: 107025 449980 450621
 1347: 107071 450621 451306
 1348: 107097 451306 451356
 1349: 107119 451356 451504
 1350: 107197 451504 451635
 1351: 107330 451635 451805
 1352: 107399 451805 452249
 1353: 107434 452249 452613
 1354: 107574 452613 452865
 1355: 107603 452865 453049
 1356: 107724 453049 453092
 1357: 107810 453092 453525
 1358: 107985 453525 454075
 1359: 108032 454075 454784
 1360: 108033 454784 455004
 1361: 108070 455004 455084
 1362: 108092 455084 455409
 1363: 108171 455409 455714
 1364: 108173 455714 456071
 1365: 108326 456071 456308
 1366: 108333 456308 456336
 1367: 108335 456336 456537
 1368: 108374 456537 456902
 1369: 108406 456902 456945
 1370: 108452 456945 457071
 1371: 108622 457071 457137
 1372: 108799 457137 457142
 1373: 108814 457142 457701
 1374: 108920 457701 458127
 1375: 109069 458127 458337
 1376: 109198 458337 458522
 1377: 109245 458522 458804
 1378: 109249 458804 459457
 1379: 109341 459457 460394
 1380: 109513 460394 460974
 1381: 109517 460974 461192
 1382: 109557 461192 461354
 1383: 109565 461354 461411
 1384: 109740 461411 461778
 1385: 109926 461778 461872
 1386: 110010 461872 462324
 1387: 110088 462324 462555
 1388: 110096 462555 462810
 1389: 110138 462810 462836
 1390: 110160 462836 463402
 1391: 110166 463402 463616
 1392: 110255 463616 464083
 1393: 110363 464083 464282
 1394: 110427 464282 464556
 1395: 110521 464556 464558
 1396: 110668 464558 464858
 1397: 110674 464858 465361
 1398: 110732 465361 465448
 1399: 110739 465448 465707
 1400: 110816 465707 466140
 1401: 110939 466140 466446
 1402: 111070 466446 466582
 1403: 111243 466582 467059
 1404: 111269 467059 467657
 1405: 111388 467657 467879
 1406: 111462 467879 468196
 1407: 111538 468196 468741
 1408: 111579 468741 468818
 1409: 111585 468818 469221
 1410: 111744 469221 470011
 1411: 111793 470011 470062
 1412: 111856 470062 470242
 1413: 111857 470242 470691
 1414: 111960 470691 470692
 1415: 112021 470692 470971
 1416: 112031 470971 470997
 1417: 112124 470997 471585
 1418: 112253 471585 471926
 1419: 112416 471926 472423
 1420: 112637 472423 472989
 1421: 112720 472989 473092
 1422: 112781 473092 473358
 1423: 112959 473358 474025
 1424: 113054 474025 474030
 1425: 113359 474030 474415
 1426: 113471 474415 474552
 1427: 113502 474552 474668
 1428: 113503 474668 474678
 1429: 113549 474678 475094
 1430: 113596 475094 475849
 1431: 113609 475849 476429
 1432: 113645 476429 476709
 1433: 113705 476709 477379
 1434: 113755 477379 477610
 1435: 113784 477610 477611
 1436: 113793 477611 478169
 1437: 113794 478169 478489
 1438: 113822 478489 478738
 1439: 113902 478738 479634
 1440: 114085 479634 480245
 1441: 114159 480245 480293
 1442: 114167 480293 480575
 1443: 114169 480575 481417
 1444: 114199 481417 481785
 1445: 114374 481785 482089
 1446: 114428 482089 482821
 1447: 114466 482821 483653
 1448: 114689 483653 483703
 1449: 114697 483703 484214
 1450: 114734 484214 484220
 1451: 114894 484220 484299
 1452: 114936 484299 484687
 1453: 114952 484687 484844
 1454: 115084 484844 484951
 1455: 115196 484951 485061
 1456: 115247 485061 485395
 1457: 115289 485395 485587
 1458: 115324 485587 485715
 1459: 115422 485715 485954
 1460: 115685 485954 486030
 1461: 115739 486030 486178
 1462: 115830 486178 486605
 1463: 115867 486605 486864
 1464: 116018 486864 487018
 1465: 116025 487018 487261
 1466: 116232 487261 487982
 1467: 116343 487982 488591
 1468: 116503 488591 489186
 1469: 116512 489186 489440
 1470: 116639 489440 489622
 1471: 116684 489622 490202
 1472: 116710 490202 490776
 1473: 116894 490776 490981
 1474: 116927 490981 491018
 1475: 116964 491018 491333
 1476: 116988 491333 491910
 1477: 117115 491910 491989
 1478: 117244 491989 492767
 1479: 117321 492767 493247
 1480: 117413 493247 493298
 1481: 117633 493298 493392
 1482: 117728 493392 493467
 1483: 117729 493467 493587
 1484: 117815 493587 494054
 1485: 117843 494054 494425
 1486: 117844 494425 494687
 1487: 117971 494687 495126
 1488: 118050 495126 495531
 1489: 118051 495531 495886
 1490: 118089 495886 495919
 1491: 118169 495919 495952
 1492: 118182 495952 496286
 1493: 118192 496286 496561
 1494: 118217 496561 497013
 1495: 118223 497013 497808
 1496: 118333 497808 498506
 1497: 118435 498506 498742
 1498: 118536 498742 498885
 1499: 118550 498885 499414
 1500: 118630 499414 499610
 1501: 118803 499610 499865
 1502: 118854 499865 500061
 1503: 118860 500061 500062
 1504: 118880 500062 500199
 1505: 118950 500199 500748
 1506: 118993 500748 501123
 1507: 119222 501123 501456
 1508: 119404 501456 501969
 1509: 119666 501969 502083
 1510: 119845 502083 502234
 1511: 119864 502234 502862
 1512: 119975 502862 503159
 1513: 119988 503159 503616
 1514: 120017 503616 503791
 1515: 120054 503791 504428
 1516: 120055 504428 505113
 1517: 120093 505113 505338
 1518: 120148 505338 505375
 1519: 120251 505375 505654
 1520: 120315 505654 506060
 1521: 120353 506060 506403
 1522: 120425 506403 506747
 1523: 120495 506747 506924
 1524: 120538 506924 506972
 1525: 120637 506972 507202
 1526: 120711 507202 507812
 1527: 120713 507812 508367
 1528: 120919 508367 508577
 1529: 121112 508577 508637
 1530: 121170 508637 508697
 1531: 121190 508697 508942
 1532: 121260 508942 509020
 1533: 121266 509020 509525
 1534: 121275 509525 510219
 1535: 121444 510219 510350
 1536: 121459 510350 510748
 1537: 121551 510748 511253
 1538: 121631 511253 511737
 1539: 121662 511737 511959
 1540: 121836 511959 511985
 1541: 121880 511985 512446
 1542: 121882 512446 512501
 1543: 122093 512501 512993
 1544: 122177 512993 513099
 1545: 122196 513099 513750
 1546: 122210 513750 513999
 1547: 122321 513999 514329
 1548: 122329 514329 514391
 1549: 122525 514391 515021
 1550: 122611 515021 515620
 1551: 122802 515620 515663
 1552: 122811 515663 515898
 1553: 122894 515898 516045
 1554: 123121 516045 516813
 1555: 123278 516813 517657
 1556: 123284 517657 518185
 1557: 123320 518185 518394
 1558: 123442 518394 518605
 1559: 123448 518605 518757
 1560: 123464 518757 518923
 1561: 123552 518923 518982
 1562: 123664 518982 519078
 1563: 123677 519078 519489
 1564: 123706 519489 520277
 1565: 123714 520277 520362
 1566: 123899 520362 520382
 1567: 124054 520382 520393
 1568: 124134 520393 520900
 1569: 124261 520900 520965
 1570: 124321 520965 521049
 1571: 124367 521049 521104
 1572: 124368 521104 521317
 1573: 124474 521317 521342
 1574: 124488 521342 521359
 1575: 124515 521359 521830
 1576: 124528 521830 522201
 1577: 124631 522201 523136
 1578: 124678 523136 523161
 1579: 124805 523161 523278
 1580: 124997 523278 523286
 1581: 125188 523286 523433
 1582: 125272 523433 523443
 1583: 125342 523443 524180
 1584: 125454 524180 524185
 1585: 125567 524185 524439
 1586: 125653 524439 524492
 1587: 125704 524492 524608
 1588: 125718 524608 524822
 1589: 125812 524822 525123
 1590: 125886 525123 525192
 1591: 125900 525192 525733
 1592: 126035 525733 526246
 1593: 126043 526246 526878
 1594: 126248 526878 527027
 1595: 126353 527027 527067
 1596: 126443 527067 527248
 1597: 126567 527248 527546
 1598: 126643 527546 527584
 1599: 126712 527584 527585
 1600: 126787 527585 527619
 1601: 126951 527619 527681
 1602: 127072 527681 527743
 1603: 127217 527743 528338
 1604: 127308 528338 528743
 1605: 127785 528743 528983
 1606: 127866 528983 529137
 1607: 128113 529137 529457
 1608: 128139 529457 529890
 1609: 128160 529890 530056
 1610: 128408 530056 530284
 1611: 128415 530284 530945
 1612: 128500 530945 531180
 1613: 128503 531180 531760
 1614: 128531 531760 532087
 1615: 128630 532087 532395
 1616: 128632 532395 532726
 1617: 128656 532726 532934
 1618: 128666 532934 532956
 1619: 128758 532956 533063
 1620: 128881 533063 533723
 1621: 128914 533723 534666
 1622: 129062 534666 535370
 1623: 129067 535370 535540
 1624: 129120 535540 535616
 1625: 129129 535616 536184
 1626: 129219 536184 536376
 1627: 129271 536376 536427
 1628: 129280 536427 536502
 1629: 129317 536502 536533
 1630: 129428 536533 536963
 1631: 129476 536963 537336
 1632: 129497 537336 537769
 1633: 129511 537769 538189
 1634: 129526 538189 539008
 1635: 129678 539008 539654
 1636: 129698 539654 540275
 1637: 129718 540275 541023
 1638: 129728 541023 541228
 1639: 129746 541228 541566
 1640: 129777 541566 541883
 1641: 129798 541883 542169
 1642: 129808 542169 542877
 1643: 129925 542877 543388
 1644: 129988 543388 543450
 1645: 129995 543450 543616
 1646: 130064 543616 543836
 1647: 130101 543836 544122
 1648: 130104 544122 544403
 1649: 130288 544403 544737
 1650: 130333 544737 545281
 1651: 130380 545281 545368
 1652: 130456 545368 545384
 1653: 130577 545384 545446
 1654: 130578 545446 546200
 1655: 130619 546200 546550
 1656: 130651 546550 546855
 1657: 130691 546855 547049
 1658: 130733 547049 547323
 1659: 130829 547323 547526
 1660: 130865 547526 548339
 1661: 130897 548339 548513
 1662: 130933 548513 548758
 1663: 131072 548758 549073
 1664: 131100 549073 549401
 1665: 131182 549401 549413
 1666: 131240 549413 550043
 1667: 131287 550043 550081
 1668: 131430 550081 550170
 1669: 131657 550170 550778
 1670: 131682 550778 551279
 1671: 131703 551279 551543
 1672: 131706 551543 551566
 1673: 131715 551566 551749
 1674: 131867 551749 552113
 1675: 131916 552113 552698
 1676: 131996 552698 553273
 1677: 132017 553273 554064
 1678: 132081 554064 554114
 1679: 132128 554114 554919
 1680: 132269 554919 555674
 1681: 132351 555674 555923
 1682: 132375 555923 556181
 1683: 132438 556181 556184
 1684: 132476 556184 556570
 1685: 132563 556570 556944
 1686: 132585 556944 557514
 1687: 132802 557514 558107
 1688: 132846 558107 558602
 1689: 132961 558602 558739
 1690: 133137 558739 558981
 1691: 133353 558981 559674
 1692: 133378 559674 559923
 1693: 133406 559923 560527
 1694: 133452 560527 560698
 1695: 133471 560698 561087
 1696: 133628 561087 561109
 1697: 133789 561109 561721
 1698: 133804 561721 561729
 1699: 133843 561729 562424
 1700: 133845 562424 563041
 1701: 133915 563041 563231
 1702: 133956 563231 563499
 1703: 133973 563499 563811
 1704: 134258 563811 563936
 1705: 134270 563936 564045
 1706: 134272 564045 564830
 1707: 134344 564830 565059
 1708: 134350 565059 565668
 1709: 134442 565668 566061
 1710: 134453 566061 566459
 1711: 134464 566459 567375
 1712: 134526 567375 567378
 1713: 134528 567378 568105
 1714: 134531 568105 568415
 1715: 134578 568415 568784
 1716: 134636 568784 568785
 1717: 134669 568785 569672
 1718: 134743 569672 570069
 1719: 134875 570069 570111
 1720: 134936 570111 570485
 1721: 134986 570485 570875
 1722: 134992 570875 571356
 1723: 135180 571356 571407
 1724: 135183 571407 571873
 1725: 135274 571873 572308
 1726: 135337 572308 572964
 1727: 135355 572964 573682
 1728: 135511 573682 573804
 1729: 135674 573804 574473
 1730: 135763 574473 575041
 1731: 136248 575041 575156
 1732: 136290 575156 575277
 1733: 136307 575277 575576
 1734: 136502 575576 575605
 1735: 136585 575605 576057
 1736: 136586 576057 576380
 1737: 136592 576380 576447
 1738: 136615 576447 577349
 1739: 136637 577349 578025
 1740: 136710 578025 578667
 1741: 136764 578667 579436
 1742: 136889 579436 579975
 1743: 136918 579975 580019
 1744: 137237 580019 580495
 1745: 137307 580495 580967
 1746: 137369 580967 581042
 1747: 137561 581042 581430
 1748: 137824 581430 582301
 1749: 137828 582301 583071
 1750: 137841 583071 583238
 1751: 137876 583238 583793
 1752: 138042 583793 584076
 1753: 138065 584076 584368
 1754: 138110 584368 584728
 1755: 138159 584728 585174
 1756: 138209 585174 586094
 1757: 138232 586094 586794
 1758: 138330 586794 587094
 1759: 138665 587094 587213
 1760: 138790 587213 587332
 1761: 138828 587332 587553
 1762: 138845 587553 587605
 1763: 138880 587605 587752
 1764: 138925 587752 588008
 1765: 138930 588008 588185
 1766: 138943 588185 588340
 1767: 139058 588340 588740
 1768: 139243 588740 588742
 1769: 139261 588742 589057
 1770: 139326 589057 589394
 1771: 139370 589394 590032
 1772: 139462 590032 590686
 1773: 139496 590686 590970
 1774: 139525 590970 591052
 1775: 139537 591052 591275
 1776: 139774 591275 591701
 1777: 139827 591701 592094
 1778: 139990 592094 592816
 1779: 140022 592816 593366
 1780: 140051 593366 593451
 1781: 140277 593451 593517
 1782: 140437 593517 593765
 1783: 140496 593765 593824
 1784: 140614 593824 593851
 1785: 140627 593851 594246
 1786: 140675 594246 594488
 1787: 140719 594488 594920
 1788: 140750 594920 595549
 1789: 140823 595549 595700
 1790: 140837 595700 595820
 1791: 140956 595820 596474
 1792: 140987 596474 596656
 1793: 141013 596656 596738
 1794: 141029 596738 597154
 1795: 141092 597154 597273
 1796: 141097 597273 597279
 1797: 141098 597279 597710
 1798: 141120 597710 598096
 1799: 141223 598096 598608
 1800: 141253 598608 599471
 1801: 141294 599471 599574
 1802: 141351 599574 599634
 1803: 141885 599634 599635
 1804: 141972 599635 599885
 1805: 142029 599885 600120
 1806: 142068 600120 600644
 1807: 142408 600644 601059
 1808: 142486 601059 601523
 1809: 142781 601523 602084
 1810: 142982 602084 602382
 1811: 143017 602382 602930
 1812: 143022 602930 603319
 1813: 143250 603319 603381
 1814: 143484 603381 603753
 1815: 143520 603753 604162
 1816: 143592 604162 604681
 1817: 143600 604681 605340
 1818: 143686 605340 605387
 1819: 143688 605387 605653
 1820: 143785 605653 605847
 1821: 143804 605847 606275
 1822: 143977 606275 606358
 1823: 144140 606358 606686
 1824: 144192 606686 607006
 1825: 144229 607006 607436
 1826: 144269 607436 607767
 1827: 144312 607767 608048
 1828: 144325 608048 608144
 1829: 144451 608144 608420
 1830: 144458 608420 608502
 1831: 144497 608502 609014
 1832: 144550 609014 609166
 1833: 144637 609166 609410
 1834: 144800 609410 609966
 1835: 144831 609966 610357
 1836: 144856 610357 610387
 1837: 144888 610387 610415
 1838: 144922 610415 610805
 1839: 144923 610805 611467
 1840: 144949 611467 611682
 1841: 145028 611682 612071
 1842: 145195 612071 612149
 1843: 145213 612149 612290
 1844: 145451 612290 612346
 1845: 145486 612346 612529
 1846: 145588 612529 612600
 1847: 145601 612600 612774
 1848: 145821 612774 613369
 1849: 145977 613369 613389
 1850: 146161 613389 614000
 1851: 146186 614000 614017
 1852: 146277 614017 614450
 1853: 146371 614450 615013
 1854: 146429 615013 615669
 1855: 146457 615669 615771
 1856: 146472 615771 615907
 1857: 146643 615907 616798
 1858: 146652 616798 616841
 1859: 146685 616841 616891
 1860: 146731 616891 617558
 1861: 146750 617558 618089
 1862: 146880 618089 618272
 1863: 146927 618272 618653
 1864: 146948 618653 619081
 1865: 147018 619081 619265
 1866: 147080 619265 619999
 1867: 147114 619999 620620
 1868: 147171 620620 620810
 1869: 147203 620810 620820
 1870: 147329 620820 621412
 1871: 147508 621412 622075
 1872: 147583 622075 622880
 1873: 147589 622880 622938
 1874: 147788 622938 623242
 1875: 147917 623242 623295
 1876: 147932 623295 623638
 1877: 148000 623638 623678
 1878: 148043 623678 623737
 1879: 148157 623737 624356
 1880: 148196 624356 624654
 1881: 148337 624654 625245
 1882: 148361 625245 626010
 1883: 148382 626010 626612
 1884: 148408 626612 626825
 1885: 148574 626825 627315
 1886: 148597 627315 628000
 1887: 148606 628000 628106
 1888: 148676 628106 628813
 1889: 148755 628813 629152
 1890: 148832 629152 629213
 1891: 149030 629213 629564
 1892: 149086 629564 629862
 1893: 149222 629862 630301
 1894: 149290 630301 630650
 1895: 149369 630650 631258
 1896: 149421 631258 632238
 1897: 149446 632238 632511
 1898: 149467 632511 633120
 1899: 149468 633120 633861
 1900: 149478 633861 634592
 1901: 149598 634592 634720
 1902: 149599 634720 634879
 1903: 149643 634879 635153
 1904: 149858 635153 635744
 1905: 149870 635744 636528
 1906: 150056 636528 636718
 1907: 150094 636718 636789
 1908: 150172 636789 637542
 1909: 150207 637542 637847
 1910: 150243 637847 638350
 1911: 150327 638350 638632
 1912: 150348 638632 638891
 1913: 150406 638891 639578
 1914: 150521 639578 640154
 1915: 150539 640154 640243
 1916: 150730 640243 640585
 1917: 151105 640585 640709
 1918: 151299 640709 641278
 1919: 151344 641278 642134
 1920: 151468 642134 642427
 1921: 151576 642427 642588
 1922: 151586 642588 642790
 1923: 151604 642790 642878
 1924: 151699 642878 643155
 1925: 151863 643155 643460
 1926: 151882 643460 643493
 1927: 151886 643493 643577
 1928: 151918 643577 643700
 1929: 151983 643700 644166
 1930: 152007 644166 644829
 1931: 152103 644829 645428
 1932: 152106 645428 645944
 1933: 152169 645944 646196
 1934: 152248 646196 647138
 1935: 152251 647138 647575
 1936: 152289 647575 647926
 1937: 152374 647926 648210
 1938: 152393 648210 648571
 1939: 152395 648571 648631
 1940: 152404 648631 648661
 1941: 152453 648661 649233
 1942: 152503 649233 649425
 1943: 152636 649425 649720
 1944: 152647 649720 650146
 1945: 152923 650146 650160
 1946: 152940 650160 650433
 1947: 153013 650433 650875
 1948: 153053 650875 650935
 1949: 153072 650935 651061
 1950: 153091 651061 651268
 1951: 153148 651268 651616
 1952: 153155 651616 652028
 1953: 153167 652028 652138
 1954: 153175 652138 652270
 1955: 153199 652270 652305
 1956: 153208 652305 652839
 1957: 153272 652839 652998
 1958: 153299 652998 653192
 1959: 153342 653192 653234
 1960: 153470 653234 653269
 1961: 153625 653269 653653
 1962: 153634 653653 654124
 1963: 153659 654124 654152
 1964: 153748 654152 654168
 1965: 153816 654168 654577
 1966: 153933 654577 655363
 1967: 153992 655363 656110
 1968: 154024 656110 656288
 1969: 154041 656288 656537
 1970: 154211 656537 656565
 1971: 154297 656565 657038
 1972: 154318 657038 657286
 1973: 154389 657286 657574
 1974: 154471 657574 658069
 1975: 154910 658069 658503
 1976: 154957 658503 658889
 1977: 155011 658889 659181
 1978: 155046 659181 659405
 1979: 155054 659405 660137
 1980: 155082 660137 660775
 1981: 155471 660775 661376
 1982: 155611 661376 661809
 1983: 155985 661809 662155
 1984: 156006 662155 662160
 1985: 156085 662160 662217
 1986: 156171 662217 662409
 1987: 156183 662409 663002
 1988: 156251 663002 663162
 1989: 156299 663162 663668
 1990: 156428 663668 663879
 1991: 156532 663879 664064
 1992: 156563 664064 664086
 1993: 156715 664086 664539
 1994: 156720 664539 664798
 1995: 156837 664798 665387
 1996: 156924 665387 665783
 1997: 156976 665783 666033
 1998: 157005 666033 666076
 1999: 157104 666076 666160
 2000: 157192 666160 666350
 2001: 157288 666350 666358
 2002: 157384 666358 666857
 2003: 157411 666857 667415
 2004: 157489 667415 667881
 2005: 157554 667881 668198
 2006: 157576 668198 668333
 2007: 157682 668333 668606
 2008: 157751 668606 668627
 2009: 157780 668627 668674
 2010: 157850 668674 669230
 2011: 157855 669230 669410
 2012: 158032 669410 669677
 2013: 158167 669677 670008
 2014: 158171 670008 670342
 2015: 158296 670342 670527
 2016: 158531 670527 670746
 2017: 158541 670746 670891
 2018: 158581 670891 671128
 2019: 158585 671128 671342
 2020: 158651 671342 671644
 2021: 158701 671644 672033
 2022: 158726 672033 672855
 2023: 158781 672855 673676
 2024: 158822 673676 674397
 2025: 158878 674397 674744
 2026: 158901 674744 675026
 2027: 158946 675026 675029
 2028: 159027 675029 675172
 2029: 159192 675172 675626
 2030: 159244 675626 676037
 2031: 159259 676037 676646
 2032: 159372 676646 677481
 2033: 159416 677481 678129
 2034: 159570 678129 678417
 2035: 159615 678417 678470
 2036: 159618 678470 678956
 2037: 159653 678956 679568
 2038: 159656 679568 680137
 2039: 159677 680137 680571
 2040: 159684 680571 680884
 2041: 159717 680884 681057
 2042: 159763 681057 681470
 2043: 159786 681470 681513
 2044: 159792 681513 681866
 2045: 159870 681866 682091
 2046: 159958 682091 682134
 2047: 160011 682134 682255
 2048: 160021 682255 682420
 2049: 160064 682420 682505
 2050: 160079 682505 682755
 2051: 160165 682755 683524
 2052: 160188 683524 683631
 2053: 160201 683631 683785
 2054: 160224 683785 684246
 2055: 160247 684246 684830
 2056: 160324 684830 685415
 2057: 160404 685415 685942
 2058: 160535 685942 686761
 2059: 160557 686761 686776
 2060: 160599 686776 686780
 2061: 160675 686780 687564
 2062: 160742 687564 687588
 2063: 160829 687588 688168
 2064: 160986 688168 688771
 2065: 161020 688771 688836
 2066: 161021 688836 688837
 2067: 161036 688837 689070
 2068: 161041 689070 689130
 2069: 161087 689130 689135
 2070: 161398 689135 689524
 2071: 161435 689524 689630
 2072: 161469 689630 690208
 2073: 161569 690208 690354
 2074: 161853 690354 691151
 2075: 161861 691151 691738
 2076: 162035 691738 692080
 2077: 162091 692080 692333
 2078: 162261 692333 692611
 2079: 162280 692611 693167
 2080: 162311 693167 693345
 2081: 162445 693345 693579
 2082: 162524 693579 693922
 2083: 162603 693922 694634
 2084: 162637 694634 695249
 2085: 162643 695249 695487
 2086: 162786 695487 695605
 2087: 163095 695605 695855
 2088: 163150 695855 696353
 2089: 163190 696353 696572
 2090: 163284 696572 696600
 2091: 163463 696600 696688
 2092: 163487 696688 696867
 2093: 163496 696867 697130
 2094: 163576 697130 697292
 2095: 163801 697292 697629
 2096: 164004 697629 698413
 2097: 164037 698413 698608
 2098: 164159 698608 699182
 2099: 164187 699182 699341
 2100: 164197 699341 699565
 2101: 164253 699565 700151
 2102: 164406 700151 700623
 2103: 164423 700623 700741
 2104: 164442 700741 700973
 2105: 164611 700973 701295
 2106: 164623 701295 701439
 2107: 164685 701439 701810
 2108: 164705 701810 702056
 2109: 164775 702056 702277
 2110: 164776 702277 702618
 2111: 164948 702618 703010
 2112: 164979 703010 703699
 2113: 165037 703699 703814
 2114: 165061 703814 704527
 2115: 165090 704527 704977
 2116: 165112 704977 705418
 2117: 165149 705418 706140
 2118: 165182 706140 706612
 2119: 165237 706612 706616
 2120: 165256 706616 706793
 2121: 165315 706793 706831
 2122: 165334 706831 707101
 2123: 165461 707101 707455
 2124: 165578 707455 707496
 2125: 165612 707496 707880
 2126: 165929 707880 708422
 2127: 166036 708422 708484
 2128: 166092 708484 708513
 2129: 166140 708513 709021
 2130: 166153 709021 709030
 2131: 166171 709030 709409
 2132: 166249 709409 709602
 2133: 166308 709602 710200
 2134: 166326 710200 710259
 2135: 166397 710259 710627
 2136: 166448 710627 710911
 2137: 166578 710911 711471
 2138: 166601 711471 711548
 2139: 166616 711548 712127
 2140: 166621 712127 712617
 2141: 166774 712617 713116
 2142: 166902 713116 713695
 2143: 166938 713695 713977
 2144: 167140 713977 714487
 2145: 167152 714487 715253
 2146: 167233 715253 715536
 2147: 167287 715536 715602
 2148: 167636 715602 715848
 2149: 167665 715848 715988
 2150: 167676 715988 716722
 2151: 167754 716722 717027
 2152: 167761 717027 717189
 2153: 167793 717189 717293
 2154: 167802 717293 717464
 2155: 167844 717464 717822
 2156: 167851 717822 717943
 2157: 167871 717943 718553
 2158: 168075 718553 718848
 2159: 168097 718848 719098
 2160: 168145 719098 719544
 2161: 168389 719544 719826
 2162: 168509 719826 720163
 2163: 168553 720163 720476
 2164: 168611 720476 720487
 2165: 168998 720487 720584
 2166: 169092 720584 720624
 2167: 169120 720624 720798
 2168: 169129 720798 720943
 2169: 169144 720943 721385
 2170: 169161 721385 721772
 2171: 169200 721772 722085
 2172: 169387 722085 722427
 2173: 169405 722427 722636
 2174: 169427 722636 723011
 2175: 169522 723011 723273
 2176: 169694 723273 723331
 2177: 169852 723331 723347
 2178: 169864 723347 723714
 2179: 169914 723714 724084
 2180: 169922 724084 724304
 2181: 169958 724304 724649
 2182: 169967 724649 724776
 2183: 170044 724776 725238
 2184: 170078 725238 725827
 2185: 170125 725827 726073
 2186: 170168 726073 726369
 2187: 170329 726369 726886
 2188: 170384 726886 727147
 2189: 170401 727147 727832
 2190: 170465 727832 727982
 2191: 170520 727982 728439
 2192: 170591 728439 728511
 2193: 170605 728511 728882
 2194: 170704 728882 728995
 2195: 170752 728995 729177
 2196: 170763 729177 729192
 2197: 170846 729192 729785
 2198: 170907 729785 729831
 2199: 170959 729831 730448
 2200: 170970 730448 730490
 2201: 171023 730490 730881
 2202: 171164 730881 731067
 2203: 171375 731067 731092
 2204: 171425 731092 731308
 2205: 171437 731308 731391
 2206: 171443 731391 731998
 2207: 171502 731998 732023
 2208: 171508 732023 732042
 2209: 171556 732042 732137
 2210: 171592 732137 732275
 2211: 171673 732275 732702
 2212: 171799 732702 732897
 2213: 171917 732897 732937
 2214: 171994 732937 733011
 2215: 172021 733011 733497
 2216: 172044 733497 733526
 2217: 172078 733526 734221
 2218: 172095 734221 734408
 2219: 172145 734408 734803
 2220: 172191 734803 734863
 2221: 172301 734863 734958
 2222: 172329 734958 735186
 2223: 172350 735186 735268
 2224: 172352 735268 735595
 2225: 172370 735595 735899
 2226: 172455 735899 736354
 2227: 172678 736354 736737
 2228: 172695 736737 736986
 2229: 172846 736986 737097
 2230: 172849 737097 737781
 2231: 172925 737781 737923
 2232: 173234 737923 738232
 2233: 173276 738232 738420
 2234: 173303 738420 739146
 2235: 173469 739146 739296
 2236: 173530 739296 739401
 2237: 173558 739401 739614
 2238: 173850 739614 739928
 2239: 173874 739928 740471
 2240: 173899 740471 740943
 2241: 173942 740943 741422
 2242: 173976 741422 742002
 2243: 174022 742002 742190
 2244: 174032 742190 742436
 2245: 174074 742436 742592
 2246: 174126 742592 742696
 2247: 174176 742696 743111
 2248: 174181 743111 743543
 2249: 174265 743543 744078
 2250: 174400 744078 744264
 2251: 174412 744264 744439
 2252: 174431 744439 744509
 2253: 174454 744509 744762
 2254: 174455 744762 745095
 2255: 174474 745095 745326
 2256: 174476 745326 745683
 2257: 174500 745683 745951
 2258: 174504 745951 746295
 2259: 174798 746295 746848
 2260: 174804 746848 747067
 2261: 174838 747067 747235
 2262: 174887 747235 747511
 2263: 174892 747511 747809
 2264: 175003 747809 747995
 2265: 175217 747995 748129
 2266: 175245 748129 748646
 2267: 175304 748646 749111
 2268: 175328 749111 749310
 2269: 175393 749310 749372
 2270: 175725 749372 749450
 2271: 175869 749450 749688
 2272: 175883 749688 750091
 2273: 175978 750091 750761
 2274: 175998 750761 750774
 2275: 176076 750774 751405
 2276: 176142 751405 751554
 2277: 176153 751554 752073
 2278: 176241 752073 752335
 2279: 176278 752335 752615
 2280: 176333 752615 752691
 2281: 176430 752691 752871
 2282: 176452 752871 753115
 2283: 176574 753115 753388
 2284: 176727 753388 753998
 2285: 176836 753998 754144
 2286: 176917 754144 754615
 2287: 177016 754615 755182
 2288: 177172 755182 755772
 2289: 177198 755772 755863
 2290: 177270 755863 756166
 2291: 177317 756166 756342
 2292: 177411 756342 756977
 2293: 177455 756977 757490
 2294: 177509 757490 758041
 2295: 177521 758041 758186
 2296: 177645 758186 758647
 2297: 177694 758647 759238
 2298: 177744 759238 759638
 2299: 177997 759638 760018
 2300: 178048 760018 760637
 2301: 178115 760637 761212
 2302: 178201 761212 761380
 2303: 178259 761380 761610
 2304: 178285 761610 761888
 2305: 178328 761888 761971
 2306: 178368 761971 761985
 2307: 178451 761985 762759
 2308: 178452 762759 762771
 2309: 178559 762771 763191
 2310: 178575 763191 763571
 2311: 178683 763571 764482
 2312: 178752 764482 764721
 2313: 178760 764721 764871
 2314: 178861 764871 764898
 2315: 178878 764898 765069
 2316: 179000 765069 765633
 2317: 179038 765633 765951
 2318: 179048 765951 766405
 2319: 179051 766405 766916
 2320: 179163 766916 766969
 2321: 179195 766969 767262
 2322: 179231 767262 767430
 2323: 179259 767430 767819
 2324: 179270 767819 768147
 2325: 179493 768147 768403
 2326: 179586 768403 768411
 2327: 179655 768411 769025
 2328: 179699 769025 769284
 2329: 179789 769284 769466
 2330: 179971 769466 769889
 2331: 180000 769889 770115
 2332: 180031 770115 770207
 2333: 180172 770207 770733
 2334: 180315 770733 770737
 2335: 180319 770737 770793
 2336: 180392 770793 770880
 2337: 180487 770880 771281
 2338: 180549 771281 771797
 2339: 180665 771797 772314
 2340: 180671 772314 772837
 2341: 180749 772837 773506
 2342: 180796 773506 774046
 2343: 180901 774046 774713
 2344: 181136 774713 775177
 2345: 181179 775177 775588
 2346: 181217 775588 775694
 2347: 181283 775694 775715
 2348: 181346 775715 776023
 2349: 181347 776023 776032
 2350: 181440 776032 776375
 2351: 181547 776375 776632
 2352: 181577 776632 776775
 2353: 181907 776775 777190
 2354: 181978 777190 777312
 2355: 182037 777312 777391
 2356: 182211 777391 777891
 2357: 182261 777891 778069
 2358: 182306 778069 778195
 2359: 182332 778195 778356
 2360: 182424 778356 778685
 2361: 182448 778685 779315
 2362: 182500 779315 780072
 2363: 182642 780072 780863
 2364: 182668 780863 781665
 2365: 182720 781665 782529
 2366: 182959 782529 782777
 2367: 182991 782777 782805
 2368: 183092 782805 782857
 2369: 183107 782857 782874
 2370: 183116 782874 783250
 2371: 183120 783250 783965
 2372: 183319 783965 784494
 2373: 183356 784494 784659
 2374: 183475 784659 784967
 2375: 183592 784967 785154
 2376: 183633 785154 785587
 2377: 183703 785587 786448
 2378: 183908 786448 786917
 2379: 183928 786917 787041
 2380: 183980 787041 787131
 2381: 184006 787131 787650
 2382: 184075 787650 787831
 2383: 184128 787831 788187
 2384: 184239 788187 788262
 2385: 184243 788262 788624
 2386: 184434 788624 789053
 2387: 184476 789053 789446
 2388: 184523 789446 789795
 2389: 184546 789795 790453
 2390: 184616 790453 791061
 2391: 184682 791061 791149
 2392: 184717 791149 791309
 2393: 184788 791309 791632
 2394: 184844 791632 791641
 2395: 184859 791641 792461
 2396: 184867 792461 792908
 2397: 184987 792908 793132
 2398: 184992 793132 793526
 2399: 185069 793526 794054
 2400: 185083 794054 794188
 2401: 185114 794188 794791
 2402: 185227 794791 795470
 2403: 185290 795470 796000
 2404: 185358 796000 796586
 2405: 185397 796586 797214
 2406: 185466 797214 798005
 2407: 185630 798005 798018
 2408: 185684 798018 798499
 2409: 185816 798499 798958
 2410: 185849 798958 798994
 2411: 185855 798994 799443
 2412: 185905 799443 799862
 2413: 185918 799862 800185
 2414: 185933 800185 800437
 2415: 185970 800437 800879
 2416: 186023 800879 801250
 2417: 186069 801250 801695
 2418: 186123 801695 801950
 2419: 186181 801950 802027
 2420: 186334 802027 802864
 2421: 186362 802864 803338
 2422: 186584 803338 803605
 2423: 186630 803605 803864
 2424: 186723 803864 804043
 2425: 186776 804043 804261
 2426: 186802 804261 804781
 2427: 186858 804781 804978
 2428: 186905 804978 805075
 2429: 186936 805075 805110
 2430: 186987 805110 805189
 2431: 186988 805189 805916
 2432: 187035 805916 806394
 2433: 187061 806394 806893
 2434: 187116 806893 807039
 2435: 187123 807039 807486
 2436: 187239 807486 807512
 2437: 187390 807512 807831
 2438: 187463 807831 808240
 2439: 187480 808240 808252
 2440: 187551 808252 808630
 2441: 187590 808630 808828
 2442: 187617 808828 808851
 2443: 187707 808851 809013
 2444: 187781 809013 809745
 2445: 187823 809745 809828
 2446: 187936 809828 810152
 2447: 187946 810152 810355
 2448: 188153 810355 810540
 2449: 188172 810540 810564
 2450: 188195 810564 810691
 2451: 188336 810691 810963
 2452: 188439 810963 811621
 2453: 188558 811621 811964
 2454: 188561 811964 812337
 2455: 188654 812337 812998
 2456: 188748 812998 813537
 2457: 188812 813537 813633
 2458: 188816 813633 813885
 2459: 188937 813885 814297
 2460: 188966 814297 814753
 2461: 189093 814753 814886
 2462: 189179 814886 815737
 2463: 189211 815737 816067
 2464: 189247 816067 816107
 2465: 189253 816107 816181
 2466: 189436 816181 816454
 2467: 189530 816454 816722
 2468: 189607 816722 816872
 2469: 189609 816872 817051
 2470: 189662 817051 817108
 2471: 189694 817108 817626
 2472: 189847 817626 818324
 2473: 189869 818324 818328
 2474: 189886 818328 819200
 2475: 189958 819200 819671
 2476: 189984 819671 819763
 2477: 190058 819763 820304
 2478: 190095 820304 820306
 2479: 190164 820306 820512
 2480: 190226 820512 820605
 2481: 190268 820605 820809
 2482: 190339 820809 821140
 2483: 190350 821140 821251
 2484: 190430 821251 821335
 2485: 190652 821335 821339
 2486: 190843 821339 821469
 2487: 190881 821469 821961
 2488: 190900 821961 822097
 2489: 190996 822097 822318
 2490: 191090 822318 822409
 2491: 191342 822409 822745
 2492: 191456 822745 823334
 2493: 191788 823334 823758
 2494: 191852 823758 824175
 2495: 192075 824175 824622
 2496: 192098 824622 824860
 2497: 192170 824860 825364
 2498: 192226 825364 825488
 2499: 192237 825488 826062
SUM: 826062 826061 1.0000 317291.32 316960.90 633251
