    0:     1     1   454
    1:   317   454   686
    2:   798   798  1147
    3:  1265  1265  1270
    4:  1431  1431  1635
    5:  1452  1635  2164
    6:  1751  2164  2963
    7:  2212  2963  3630
    8:  2264  3630  4135
    9:  2316  4135  4353
   10:  2492  4353  4594
   11:  2803  4594  5106
   12:  2863  5106  5792
   13:  3265  5792  6161
   14:  3331  6161  6664
   15:  3530  6664  6683
   16:  3702  6683  7522
   17:  3980  7522  7797
   18:  4164  7797  7982
   19:  4489  7982  8192
   20:  4508  8192  8203
   21:  4868  8203  8256
   22:  5122  8256  8261
   23:  5516  8261  8291
   24:  5665  8291  8571
   25:  5690  8571  8814
   26:  5734  8814  8837
   27:  5913  8837  9301
   28:  6260  9301  9347
   29:  6560  9347 10011
   30:  6589 10011 10839
   31:  6939 10839 11243
   32:  6956 11243 11387
   33:  7312 11387 11532
   34:  7689 11532 11573
   35:  7744 11573 12003
   36:  7773 12003 12040
   37:  7990 12040 12304
   38:  8228 12304 12647
   39:  8319 12647 13199
   40:  8379 13199 13742
   41:  8593 13742 13766
   42:  9047 13766 14345
   43:  9257 14345 14529
   44:  9734 14529 15111
   45:  9950 15111 15120
   46:  9962 15120 15243
   47: 10171 15243 15319
   48: 10369 15319 15391
   49: 10602 15391 15411
   50: 10851 15411 15837
   51: 11325 15837 15857
   52: 11530 15857 16032
   53: 11593 16032 16538
   54: 11897 16538 17116
   55: 12230 17116 17534
   56: 12503 17534 18167
   57: 12973 18167 18527
   58: 13416 18527 18621
   59: 13447 18621 19100
   60: 13640 19100 19444
   61: 14068 19444 19530
   62: 14385 19530 19666
   63: 14621 19666 19909
   64: 14825 19909 20818
   65: 14918 20818 20851
   66: 15178 20851 21625
   67: 15412 21625 22424
   68: 15671 22424 22761
   69: 16083 22761 23228
   70: 16537 23228 23591
   71: 16967 23591 23627
   72: 17262 23627 23972
   73: 17719 23972 24296
   74: 17801 24296 24796
   75: 17961 24796 25221
   76: 18198 25221 25596
   77: 18680 25596 25663
   78: 18906 25663 25992
   79: 18978 25992 26416
   80: 19168 26416 26948
   81: 19554 26948 27520
   82: 19787 27520 28181
   83: 20206 28181 28926
   84: 20626 28926 29249
   85: 20685 29249 29335
   86: 20764 29335 29563
   87: 20868 29563 29792
   88: 21258 29792 30418
   89: 21372 30418 31242
   90: 21422 31242 31640
   91: 21672 31640 31668
   92: 22036 31668 31778
   93: 22380 31778 32063
   94: 22833 32063 32716
   95: 22857 32716 33262
   96: 22941 33262 33795
   97: 23038 33795 33981
   98: 23071 33981 34583
   99: 23383 34583 35456
  100: 23732 35456 35620
  101: 24061 35620 35735
  102: 24422 35735 35745
  103: 24726 35745 36108
  104: 25222 36108 36440
  105: 25449 36440 37183
  106: 25643 37183 38045
  107: 25979 38045 38884
  108: 26191 38884 39130
  109: 26341 39130 39160
  110: 26441 39160 39176
  111: 26752 39176 39195
  112: 26838 39195 39646
  113: 26841 39646 40226
  114: 27268 40226 40619
  115: 27342 40619 40696
  116: 27530 40696 40949
  117: 27737 40949 41656
  118: 28075 41656 41733
  119: 28379 41733 42380
  120: 28810 42380 42988
  121: 29193 42988 43177
  122: 29204 43177 43366
  123: 29389 43366 43372
  124: 29792 43372 43598
  125: 30182 43598 44264
  126: 30194 44264 44663
  127: 30382 44663 44871
  128: 30495 44871 45056
  129: 30714 45056 45356
  130: 30722 45356 45861
  131: 31041 45861 46054
  132: 31239 46054 46394
  133: 31487 46394 46416
  134: 31528 46416 46446
  135: 31902 46446 47285
  136: 31988 47285 47714
  137: 32088 47714 48037
  138: 32568 48037 48415
  139: 32889 48415 48610
  140: 33012 48610 48952
  141: 33399 48952 49104
  142: 33815 49104 49224
  143: 34051 49224 49316
  144: 34319 49316 50167
  145: 34391 50167 50524
  146: 34642 50524 50755
  147: 35118 50755 50870
  148: 35539 50870 51321
  149: 36029 51321 51796
  150: 36308 51796 51992
  151: 36744 51992 51994
  152: 36868 51994 52651
  153: 37332 52651 52786
  154: 37655 52786 53148
  155: 38144 53148 53473
  156: 38643 53473 53615
  157: 38728 53615 53692
  158: 39182 53692 53879
  159: 39629 53879 54077
  160: 39907 54077 54483
  161: 39909 54483 54504
  162: 40322 54504 55399
  163: 40804 55399 55684
  164: 41007 55684 55957
  165: 41306 55957 55980
  166: 41643 55980 56475
  167: 41993 56475 56927
  168: 42266 56927 57223
  169: 42333 57223 57655
  170: 42433 57655 57737
  171: 42480 57737 57822
  172: 42914 57822 57888
  173: 42930 57888 58401
  174: 43385 58401 58550
  175: 43498 58550 59008
  176: 43982 59008 59247
  177: 44247 59247 59813
  178: 44341 59813 60113
  179: 44575 60113 60213
  180: 44795 60213 60741
  181: 45077 60741 60790
  182: 45347 60790 60939
  183: 45369 60939 61115
  184: 45817 61115 61204
  185: 45961 61204 61284
  186: 46108 61284 61567
  187: 46257 61567 61784
  188: 46581 61784 61952
  189: 47053 61952 62179
  190: 47183 62179 62568
  191: 47198 62568 62627
  192: 47399 62627 62960
  193: 47413 62960 62989
  194: 47443 62989 63083
  195: 47538 63083 63087
  196: 47821 63087 63341
  197: 48131 63341 63986
  198: 48143 63986 64541
  199: 48244 64541 64796
  200: 48667 64796 65226
  201: 48678 65226 65574
  202: 49116 65574 65753
  203: 49270 65753 65956
  204: 49598 65956 66227
  205: 49641 66227 66892
  206: 49854 66892 67693
  207: 49929 67693 68406
  208: 50270 68406 69057
  209: 50481 69057 69621
  210: 50821 69621 69750
  211: 50945 69750 70116
  212: 51131 70116 70737
  213: 51311 70737 71210
  214: 51579 71210 71378
  215: 51739 71378 71557
  216: 51768 71557 71600
  217: 52032 71600 72191
  218: 52365 72191 72285
  219: 52595 72285 72800
  220: 52643 72800 73024
  221: 52765 73024 73050
  222: 53099 73050 73176
  223: 53276 73176 73220
  224: 53565 73220 73647
  225: 53614 73647 74167
  226: 53812 74167 74254
  227: 54067 74254 74676
  228: 54176 74676 74780
  229: 54260 74780 74896
  230: 54480 74896 75164
  231: 54552 75164 75174
  232: 54969 75174 75350
  233: 55186 75350 75523
  234: 55444 75523 75919
  235: 55858 75919 76204
  236: 56082 76204 76743
  237: 56151 76743 76788
  238: 56387 76788 77163
  239: 56623 77163 77603
  240: 56761 77603 78121
  241: 56918 78121 78223
  242: 57378 78223 78377
  243: 57600 78377 79065
  244: 57951 79065 79539
  245: 58400 79539 80009
  246: 58452 80009 80108
  247: 58774 80108 81002
  248: 59135 81002 81860
  249: 59356 81860 82019
  250: 59846 82019 82051
  251: 60273 82051 82209
  252: 60446 82209 82773
  253: 60721 82773 82945
  254: 60965 82945 83743
  255: 61404 83743 84486
  256: 61703 84486 85059
  257: 61924 85059 85384
  258: 61936 85384 85753
  259: 62266 85753 85913
  260: 62517 85913 86080
  261: 62954 86080 86128
  262: 63257 86128 86218
  263: 63531 86218 86407
  264: 63832 86407 87071
  265: 64117 87071 87481
  266: 64250 87481 87637
  267: 64258 87637 87825
  268: 64469 87825 87874
  269: 64688 87874 88221
  270: 64984 88221 88817
  271: 65325 88817 88943
  272: 65582 88943 89010
  273: 65938 89010 89424
  274: 65945 89424 89588
  275: 66079 89588 89732
  276: 66548 89732 90108
  277: 66612 90108 90512
  278: 66944 90512 90645
  279: 67383 90645 91057
  280: 67720 91057 91241
  281: 68146 91241 91733
  282: 68586 91733 91807
  283: 68866 91807 92372
  284: 69085 92372 92675
  285: 69195 92675 92705
  286: 69356 92705 93576
  287: 69468 93576 93642
  288: 69483 93642 93744
  289: 69672 93744 94637
  290: 69830 94637 95239
  291: 70113 95239 95632
  292: 70509 95632 96074
  293: 70910 96074 96313
  294: 71099 96313 96538
  295: 71463 96538 97166
  296: 71531 97166 97693
  297: 71540 97693 97822
  298: 71821 97822 97950
  299: 72267 97950 98191
  300: 72540 98191 98551
  301: 72984 98551 99026
  302: 73060 99026 99303
  303: 73301 99303 99938
  304: 73355 99938 100375
  305: 73560 100375 100602
  306: 73609 100602 100693
  307: 73884 100693 100822
  308: 74119 100822 101606
  309: 74206 101606 101750
  310: 74576 101750 101827
  311: 74722 101827 101918
  312: 74838 101918 101928
  313: 75227 101928 102412
  314: 75546 102412 102537
  315: 75728 102537 103022
  316: 76027 103022 103090
  317: 76346 103090 103587
  318: 76838 103587 104216
  319: 77261 104216 104247
  320: 77588 104247 104413
  321: 78013 104413 104909
  322: 78476 104909 105260
  323: 78751 105260 105265
  324: 78958 105265 105594
  325: 79235 105594 106165
  326: 79715 106165 106858
  327: 79955 106858 107512
  328: 80037 107512 107577
  329: 80534 107577 108120
  330: 81001 108120 108563
  331: 81497 108563 108737
  332: 81805 108737 108835
  333: 81949 108835 108866
  334: 82327 108866 109331
  335: 82674 109331 109608
  336: 82872 109608 109741
  337: 82956 109741 109964
  338: 83431 109964 110362
  339: 83792 110362 110716
  340: 84017 110716 110804
  341: 84279 110804 110937
  342: 84344 110937 111342
  343: 84648 111342 111630
  344: 84782 111630 111940
  345: 84832 111940 112342
  346: 85315 112342 112452
  347: 85684 112452 112942
  348: 86047 112942 113497
  349: 86140 113497 113954
  350: 86223 113954 114351
  351: 86673 114351 114670
  352: 86887 114670 115163
  353: 87331 115163 115474
  354: 87727 115474 115705
  355: 88101 115705 116073
  356: 88548 116073 116104
  357: 88876 116104 116354
  358: 89017 116354 116597
  359: 89177 116597 116882
  360: 89614 116882 117013
  361: 89993 117013 117433
  362: 90251 117433 117777
  363: 90464 117777 118031
  364: 90727 118031 118400
  365: 91092 118400 118482
  366: 91340 118482 118545
  367: 91469 118545 118840
  368: 91821 118840 119619
  369: 91976 119619 119969
  370: 92357 119969 120407
  371: 92728 120407 121004
  372: 92896 121004 121259
  373: 93237 121259 121477
  374: 93573 121477 122092
  375: 93660 122092 122635
  376: 93874 122635 123020
  377: 94069 123020 123034
  378: 94285 123034 123162
  379: 94381 123162 123305
  380: 94598 123305 123342
  381: 94927 123342 123349
  382: 95206 123349 123362
  383: 95636 123362 124018
  384: 95670 124018 124109
  385: 96051 124109 124769
  386: 96167 124769 125094
  387: 96412 125094 125158
  388: 96867 125158 125554
  389: 96963 125554 125963
  390: 97054 125963 126179
  391: 97121 126179 126423
  392: 97272 126423 126509
  393: 97552 126509 126720
  394: 97725 126720 126737
  395: 98075 126737 126764
  396: 98415 126764 127185
  397: 98772 127185 127305
  398: 98912 127305 127642
  399: 99164 127642 127869
  400: 99539 127869 127950
  401: 99631 127950 128665
  402: 100020 128665 128973
  403: 100298 128973 128987
  404: 100724 128987 129048
  405: 100861 129048 129764
  406: 100921 129764 130139
  407: 101245 130139 130154
  408: 101714 130154 130368
  409: 101796 130368 130441
  410: 102279 130441 131022
  411: 102313 131022 131239
  412: 102426 131239 131374
  413: 102871 131374 131648
  414: 103051 131648 131760
  415: 103481 131760 132045
  416: 103814 132045 132111
  417: 103863 132111 132511
  418: 104225 132511 132721
  419: 104294 132721 132799
  420: 104498 132799 132963
  421: 104805 132963 133079
  422: 105217 133079 133344
  423: 105695 133344 133843
  424: 105933 133843 134485
  425: 105958 134485 134807
  426: 106452 134807 135133
  427: 106499 135133 135232
  428: 106950 135232 136001
  429: 107313 136001 136721
  430: 107505 136721 137044
  431: 107694 137044 137580
  432: 108012 137580 138006
  433: 108262 138006 138123
  434: 108330 138123 138400
  435: 108800 138400 138492
  436: 108827 138492 138501
  437: 108866 138501 138826
  438: 109277 138826 139671
  439: 109600 139671 139936
  440: 109680 139936 140332
  441: 110053 140332 140880
  442: 110461 140880 141573
  443: 110645 141573 141694
  444: 111060 141694 142319
  445: 111554 142319 142438
  446: 111897 142438 142592
  447: 112031 142592 142637
  448: 112456 142637 143084
  449: 112799 143084 143301
  450: 113004 143301 143659
  451: 113272 143659 143822
  452: 113366 143822 143971
  453: 113540 143971 144575
  454: 113867 144575 145560
  455: 114024 145560 145742
  456: 114371 145742 146495
  457: 114854 146495 146947
  458: 115307 146947 147125
  459: 115425 147125 147526
  460: 115641 147526 148037
  461: 116118 148037 148142
  462: 116416 148142 148245
  463: 116639 148245 148470
  464: 117137 148470 148783
  465: 117356 148783 149056
  466: 117740 149056 149623
  467: 118179 149623 149642
  468: 118476 149642 150371
  469: 118961 150371 150393
  470: 119074 150393 150428
  471: 119108 150428 151066
  472: 119282 151066 151954
  473: 119501 151954 152175
  474: 119687 152175 152595
  475: 120184 152595 152726
  476: 120636 152726 152868
  477: 121101 152868 153315
  478: 121188 153315 153438
  479: 121664 153438 153645
  480: 121922 153645 153865
  481: 122213 153865 153971
  482: 122398 153971 154145
  483: 122520 154145 154651
  484: 122865 154651 155401
  485: 122974 155401 156102
  486: 123225 156102 156733
  487: 123646 156733 157300
  488: 123807 157300 157872
  489: 123862 157872 158288
  490: 124341 158288 158879
  491: 124593 158879 159637
  492: 124621 159637 160064
  493: 124805 160064 160269
  494: 125214 160269 160359
  495: 125416 160359 160373
  496: 125774 160373 161026
  497: 126086 161026 161928
  498: 126311 161928 162711
  499: 126338 162711 163439
  500: 126382 163439 163571
  501: 126413 163571 163888
  502: 126694 163888 164201
  503: 126917 164201 164219
  504: 127010 164219 164547
  505: 127302 164547 164958
  506: 127635 164958 165013
  507: 127642 165013 165645
  508: 127907 165645 165987
  509: 128386 165987 166019
  510: 128738 166019 166034
  511: 129081 166034 166091
  512: 129259 166091 166200
  513: 129514 166200 166695
  514: 129606 166695 166936
  515: 130082 166936 167231
  516: 130503 167231 167488
  517: 130935 167488 167879
  518: 131395 167879 167973
  519: 131542 167973 168176
  520: 131978 168176 168947
  521: 132107 168947 169288
  522: 132594 169288 169555
  523: 132726 169555 169788
  524: 133053 169788 170069
  525: 133481 170069 170207
  526: 133776 170207 170390
  527: 134169 170390 170792
  528: 134598 170792 171441
  529: 134976 171441 171695
  530: 135409 171695 172362
  531: 135568 172362 172378
  532: 135660 172378 172987
  533: 135984 172987 173367
  534: 136190 173367 173629
  535: 136375 173629 174094
  536: 136385 174094 174711
  537: 136519 174711 175331
  538: 136608 175331 175814
  539: 137083 175814 176186
  540: 137399 176186 176277
  541: 137896 176277 176410
  542: 137946 176410 177174
  543: 137966 177174 177718
  544: 138317 177718 178032
  545: 138450 178032 178361
  546: 138652 178361 178926
  547: 138723 178926 179316
  548: 138773 179316 179521
  549: 138818 179521 179801
  550: 139095 179801 179853
  551: 139500 179853 179967
  552: 139687 179967 180462
  553: 140122 180462 180935
  554: 140551 180935 181201
  555: 141030 181201 181529
  556: 141097 181529 181991
  557: 141433 181991 182710
  558: 141882 182710 183188
  559: 142199 183188 183299
  560: 142598 183299 183601
  561: 142607 183601 184301
  562: 143050 184301 184343
  563: 143447 184343 185167
  564: 143926 185167 185267
  565: 144176 185267 185639
  566: 144350 185639 185840
  567: 144395 185840 186252
  568: 144592 186252 186489
  569: 144732 186489 187197
  570: 145123 187197 187210
  571: 145496 187210 187888
  572: 145594 187888 188386
  573: 145671 188386 188710
  574: 145739 188710 189405
  575: 146089 189405 189549
  576: 146438 189549 189765
  577: 146509 189765 189900
  578: 146951 189900 190253
  579: 147237 190253 190349
  580: 147649 190349 191116
  581: 147827 191116 191216
  582: 148021 191216 191491
  583: 148472 191491 191826
  584: 148678 191826 192426
  585: 148698 192426 192439
  586: 148911 192439 193030
  587: 148970 193030 193194
  588: 149076 193194 193545
  589: 149437 193545 193620
  590: 149471 193620 193696
  591: 149614 193696 194038
  592: 149687 194038 194377
  593: 149863 194377 194774
  594: 150047 194774 195670
  595: 150484 195670 196403
  596: 150486 196403 196443
  597: 150671 196443 196602
  598: 151013 196602 196720
  599: 151103 196720 196896
  600: 151333 196896 197019
  601: 151482 197019 197687
  602: 151489 197687 198159
  603: 151747 198159 198351
  604: 152094 198351 198366
  605: 152382 198366 198888
  606: 152715 198888 198988
  607: 152981 198988 199037
  608: 153127 199037 199110
  609: 153550 199110 199334
  610: 153958 199334 199394
  611: 154387 199394 199491
  612: 154866 199491 200080
  613: 154973 200080 200493
  614: 155226 200493 200741
  615: 155598 200741 201315
  616: 155908 201315 202240
  617: 156338 202240 202829
  618: 156570 202829 203085
  619: 157001 203085 203303
  620: 157311 203303 203582
  621: 157773 203582 203732
  622: 157925 203732 203901
  623: 157977 203901 204042
  624: 158150 204042 204396
  625: 158281 204396 205186
  626: 158619 205186 205226
  627: 159111 205226 205740
  628: 159288 205740 206176
  629: 159429 206176 206839
  630: 159728 206839 207674
  631: 160146 207674 207865
  632: 160184 207865 208343
  633: 160612 208343 208499
  634: 160651 208499 208676
  635: 161002 208676 208696
  636: 161082 208696 208766
  637: 161577 208766 208930
  638: 161621 208930 209299
  639: 161654 209299 209639
  640: 161679 209639 209744
  641: 161979 209744 210142
  642: 162206 210142 210284
  643: 162390 210284 210509
  644: 162784 210509 210669
  645: 163122 210669 210932
  646: 163463 210932 211057
  647: 163768 211057 211304
  648: 163874 211304 211598
  649: 164026 211598 211773
  650: 164119 211773 212056
  651: 164616 212056 212395
  652: 164936 212395 213031
  653: 165343 213031 213285
  654: 165384 213285 213438
  655: 165468 213438 214187
  656: 165575 214187 214823
  657: 166007 214823 214922
  658: 166186 214922 215359
  659: 166428 215359 215445
  660: 166872 215445 215460
  661: 167141 215460 215869
  662: 167480 215869 216292
  663: 167647 216292 217037
  664: 167955 217037 217291
  665: 168049 217291 217457
  666: 168374 217457 218081
  667: 168452 218081 218191
  668: 168536 218191 218871
  669: 168548 218871 219592
  670: 168976 219592 219651
  671: 169169 219651 219771
  672: 169651 219771 219951
  673: 170023 219951 220021
  674: 170267 220021 220112
  675: 170502 220112 220258
  676: 170700 220258 220624
  677: 171175 220624 220690
  678: 171256 220690 220899
  679: 171742 220899 221394
  680: 172206 221394 222014
  681: 172500 222014 222432
  682: 172672 222432 222598
  683: 173108 222598 222830
  684: 173467 222830 223213
  685: 173850 223213 223532
  686: 173895 223532 223955
  687: 174220 223955 224055
  688: 174424 224055 224398
  689: 174613 224398 224898
  690: 174928 224898 224944
  691: 175066 224944 225767
  692: 175498 225767 225967
  693: 175551 225967 226168
  694: 175808 226168 226221
  695: 176213 226221 226585
  696: 176334 226585 226629
  697: 176346 226629 226817
  698: 176419 226817 227127
  699: 176470 227127 227157
  700: 176868 227157 227159
  701: 177090 227159 227176
  702: 177103 227176 227965
  703: 177574 227965 228302
  704: 177822 228302 228415
  705: 177988 228415 228609
  706: 178075 228609 229091
  707: 178154 229091 229662
  708: 178574 229662 229888
  709: 178608 229888 229979
  710: 178781 229979 230503
  711: 179181 230503 230793
  712: 179321 230793 231030
  713: 179410 231030 231427
  714: 179773 231427 231574
  715: 179922 231574 231814
  716: 179999 231814 232037
  717: 180205 232037 232602
  718: 180628 232602 232777
  719: 180936 232777 232790
  720: 181275 232790 233399
  721: 181511 233399 233496
  722: 181792 233496 233719
  723: 182240 233719 233947
  724: 182690 233947 234509
  725: 183071 234509 235228
  726: 183494 235228 235545
  727: 183913 235545 235980
  728: 184109 235980 236090
  729: 184389 236090 236191
  730: 184540 236191 236932
  731: 184862 236932 237334
  732: 185166 237334 237735
  733: 185487 237735 238132
  734: 185694 238132 238327
  735: 186094 238327 238491
  736: 186201 238491 238670
  737: 186677 238670 239174
  738: 187131 239174 239245
  739: 187223 239245 239286
  740: 187631 239286 239425
  741: 187660 239425 239708
  742: 187917 239708 239941
  743: 188315 239941 239951
  744: 188774 239951 240501
  745: 188789 240501 240636
  746: 188899 240636 241089
  747: 189241 241089 241244
  748: 189609 241244 241748
  749: 189752 241748 241922
  750: 190046 241922 241986
  751: 190171 241986 242701
  752: 190353 242701 243301
  753: 190645 243301 243372
  754: 190673 243372 243868
  755: 190716 243868 243971
  756: 191076 243971 244700
  757: 191346 244700 244791
  758: 191368 244791 244893
  759: 191441 244893 245519
  760: 191790 245519 246306
  761: 191884 246306 247049
  762: 192311 247049 247095
  763: 192687 247095 247378
  764: 192788 247378 247928
  765: 193160 247928 248680
  766: 193226 248680 248884
  767: 193525 248884 249383
  768: 193626 249383 249696
  769: 194013 249696 249771
  770: 194492 249771 250373
  771: 194560 250373 250555
  772: 194564 250555 250557
  773: 195023 250557 251180
  774: 195032 251180 251189
  775: 195042 251189 251842
  776: 195163 251842 252348
  777: 195482 252348 252461
  778: 195525 252461 252756
  779: 195870 252756 252859
  780: 196087 252859 253006
  781: 196129 253006 253137
  782: 196347 253137 253254
  783: 196381 253254 253299
  784: 196817 253299 253503
  785: 197268 253503 253517
  786: 197621 253517 254308
  787: 197876 254308 254986
  788: 198235 254986 255273
  789: 198622 255273 255580
  790: 198870 255580 255639
  791: 199097 255639 255695
  792: 199101 255695 256339
  793: 199521 256339 256733
  794: 199787 256733 256835
  795: 200250 256835 257418
  796: 200487 257418 257893
  797: 200691 257893 258228
  798: 200973 258228 258339
  799: 200990 258339 258700
  800: 201467 258700 259154
  801: 201527 259154 259282
  802: 201716 259282 259436
  803: 202072 259436 259466
  804: 202379 259466 259824
  805: 202532 259824 259864
  806: 202986 259864 260227
  807: 203196 260227 260270
  808: 203641 260270 260783
  809: 203889 260783 260878
  810: 204343 260878 260879
  811: 204540 260879 260920
  812: 205001 260920 261342
  813: 205273 261342 261658
  814: 205701 261658 261750
  815: 206152 261750 261980
  816: 206375 261980 262767
  817: 206777 262767 263570
  818: 207209 263570 263878
  819: 207528 263878 263917
  820: 208014 263917 264383
  821: 208460 264383 264448
  822: 208958 264448 265014
  823: 209402 265014 265586
  824: 209819 265586 266087
  825: 209974 266087 266445
  826: 210380 266445 266482
  827: 210444 266482 266510
  828: 210700 266510 266570
  829: 210813 266570 266874
  830: 210942 266874 267115
  831: 211033 267115 267692
  832: 211111 267692 267974
  833: 211378 267974 268942
  834: 211633 268942 269096
  835: 211884 269096 269404
  836: 211945 269404 269490
  837: 212128 269490 269767
  838: 212485 269767 269902
  839: 212489 269902 270197
  840: 212810 270197 270427
  841: 212957 270427 270562
  842: 212972 270562 270593
  843: 213068 270593 270713
  844: 213119 270713 270837
  845: 213577 270837 270897
  846: 213852 270897 271157
  847: 213886 271157 271765
  848: 213931 271765 271868
  849: 214296 271868 271871
  850: 214686 271871 272238
  851: 214729 272238 272908
  852: 215046 272908 273359
  853: 215060 273359 273464
  854: 215415 273464 273776
  855: 215865 273776 274093
  856: 216044 274093 274251
  857: 216449 274251 274444
  858: 216760 274444 274829
  859: 217227 274829 275550
  860: 217439 275550 275676
  861: 217482 275676 275802
  862: 217959 275802 276623
  863: 218302 276623 276734
  864: 218683 276734 277108
  865: 219007 277108 277235
  866: 219335 277235 277426
  867: 219561 277426 277872
  868: 219657 277872 278062
  869: 219978 278062 278485
  870: 220237 278485 278845
  871: 220367 278845 279181
  872: 220737 279181 279989
  873: 220872 279989 280282
  874: 220910 280282 280441
  875: 220956 280441 280738
  876: 220986 280738 281062
  877: 221227 281062 281228
  878: 221395 281228 281385
  879: 221425 281385 281454
  880: 221720 281454 282063
  881: 222044 282063 282524
  882: 222268 282524 282670
  883: 222538 282670 283209
  884: 222830 283209 283666
  885: 223104 283666 283744
  886: 223469 283744 284446
  887: 223963 284446 284782
  888: 224404 284782 284995
  889: 224824 284995 285695
  890: 225058 285695 285723
  891: 225290 285723 286127
  892: 225346 286127 286547
  893: 225617 286547 287044
  894: 225677 287044 287198
  895: 225954 287198 287306
  896: 226112 287306 287815
  897: 226594 287815 288377
  898: 226748 288377 288637
  899: 226952 288637 289027
  900: 227298 289027 289089
  901: 227300 289089 289623
  902: 227684 289623 290192
  903: 228133 290192 290533
  904: 228260 290533 290620
  905: 228566 290620 290635
  906: 228902 290635 291279
  907: 229029 291279 291986
  908: 229044 291986 291998
  909: 229163 291998 292646
  910: 229365 292646 293290
  911: 229797 293290 293362
  912: 230212 293362 293595
  913: 230367 293595 293748
  914: 230817 293748 293878
  915: 230833 293878 294531
  916: 230939 294531 294934
  917: 231254 294934 295183
  918: 231432 295183 295259
  919: 231664 295259 295445
  920: 232114 295445 295537
  921: 232500 295537 296327
  922: 232723 296327 296746
  923: 232729 296746 297060
  924: 233130 297060 297144
  925: 233457 297144 297579
  926: 233472 297579 297799
  927: 233772 297799 298281
  928: 234207 298281 298333
  929: 234306 298333 298474
  930: 234366 298474 299014
  931: 234682 299014 299118
  932: 235027 299118 299188
  933: 235299 299188 299404
  934: 235574 299404 299443
  935: 235648 299443 299884
  936: 235749 299884 300355
  937: 235965 300355 300627
  938: 236207 300627 300832
  939: 236656 300832 300989
  940: 236960 300989 301254
  941: 237404 301254 301341
  942: 237871 301341 301492
  943: 238121 301492 301807
  944: 238322 301807 301909
  945: 238610 301909 302087
  946: 239077 302087 302400
  947: 239507 302400 302815
  948: 239745 302815 303034
  949: 240083 303034 303412
  950: 240292 303412 304209
  951: 240532 304209 304413
  952: 240907 304413 304707
  953: 241043 304707 305387
  954: 241224 305387 305450
  955: 241486 305450 306250
  956: 241850 306250 306809
  957: 242157 306809 307057
  958: 242609 307057 307601
  959: 242842 307601 307791
  960: 243252 307791 308054
  961: 243669 308054 308766
  962: 243798 308766 308827
  963: 243990 308827 308868
  964: 244042 308868 309544
  965: 244426 309544 310008
  966: 244870 310008 310282
  967: 244944 310282 310670
  968: 245028 310670 310886
  969: 245466 310886 310994
  970: 245764 310994 311122
  971: 246017 311122 311199
  972: 246426 311199 311403
  973: 246921 311403 312005
  974: 247041 312005 312271
  975: 247058 312271 312665
  976: 247310 312665 313470
  977: 247721 313470 313575
  978: 248004 313575 314131
  979: 248255 314131 314596
  980: 248390 314596 314997
  981: 248489 314997 315108
  982: 248751 315108 315296
  983: 249152 315296 315640
  984: 249538 315640 315653
  985: 249651 315653 315962
  986: 249693 315962 316324
  987: 250042 316324 316496
  988: 250470 316496 316711
  989: 250785 316711 317301
  990: 250859 317301 317866
  991: 250941 317866 317876
  992: 251209 317876 318210
  993: 251419 318210 319095
  994: 251518 319095 319916
  995: 251907 319916 320370
  996: 252006 320370 320878
  997: 252322 320878 321133
  998: 252486 321133 321421
  999: 252695 321421 321753
 1000: 252754 321753 322295
 1001: 252992 322295 322737
 1002: 253182 322737 322764
 1003: 253237 322764 322826
 1004: 253671 322826 323329
 1005: 253841 323329 324052
 1006: 254045 324052 324540
 1007: 254383 324540 324979
 1008: 254631 324979 325826
 1009: 254657 325826 326424
 1010: 254670 326424 326559
 1011: 254754 326559 327166
 1012: 255160 327166 327745
 1013: 255635 327745 328406
 1014: 255756 328406 328633
 1015: 255880 328633 328642
 1016: 255889 328642 329008
 1017: 256172 329008 329335
 1018: 256625 329335 329613
 1019: 256945 329613 329711
 1020: 257155 329711 329917
 1021: 257553 329917 330068
 1022: 257798 330068 330425
 1023: 258187 330425 330939
 1024: 258474 330939 331095
 1025: 258817 331095 331326
 1026: 259149 331326 331582
 1027: 259563 331582 331961
 1028: 259894 331961 332263
 1029: 260205 332263 332389
 1030: 260281 332389 332421
 1031: 260415 332421 333124
 1032: 260716 333124 333789
 1033: 261002 333789 334115
 1034: 261259 334115 334410
 1035: 261403 334410 335132
 1036: 261502 335132 335983
 1037: 261887 335983 336587
 1038: 262167 336587 336727
 1039: 262506 336727 337140
 1040: 262697 337140 337371
 1041: 263067 337371 337690
 1042: 263180 337690 338210
 1043: 263444 338210 338532
 1044: 263619 338532 339269
 1045: 264018 339269 339619
 1046: 264032 339619 340056
 1047: 264370 340056 340622
 1048: 264822 340622 341003
 1049: 264894 341003 341171
 1050: 265128 341171 341185
 1051: 265307 341185 341419
 1052: 265567 341419 341957
 1053: 265746 341957 342003
 1054: 266086 342003 342047
 1055: 266197 342047 342072
 1056: 266401 342072 342972
 1057: 266459 342972 343300
 1058: 266726 343300 343309
 1059: 266990 343309 343551
 1060: 267390 343551 344111
 1061: 267587 344111 344614
 1062: 267785 344614 345372
 1063: 268017 345372 345602
 1064: 268180 345602 345910
 1065: 268542 345910 346094
 1066: 268565 346094 346804
 1067: 268797 346804 347287
 1068: 268905 347287 347544
 1069: 269232 347544 347617
 1070: 269665 347617 347636
 1071: 270148 347636 348239
 1072: 270570 348239 348433
 1073: 271028 348433 348733
 1074: 271392 348733 348797
 1075: 271527 348797 348883
 1076: 271915 348883 349018
 1077: 272097 349018 349511
 1078: 272467 349511 350168
 1079: 272706 350168 350930
 1080: 272927 350930 351066
 1081: 273360 351066 351351
 1082: 273505 351351 351510
 1083: 273535 351510 351687
 1084: 273614 351687 351894
 1085: 273818 351894 352584
 1086: 274115 352584 352934
 1087: 274266 352934 353001
 1088: 274495 353001 353224
 1089: 274908 353224 353254
 1090: 275241 353254 353345
 1091: 275602 353345 353690
 1092: 275985 353690 354046
 1093: 276294 354046 354469
 1094: 276754 354469 354880
 1095: 277044 354880 355145
 1096: 277196 355145 355228
 1097: 277624 355228 355378
 1098: 278014 355378 355698
 1099: 278068 355698 355720
 1100: 278385 355720 356142
 1101: 278868 356142 356428
 1102: 279315 356428 356466
 1103: 279652 356466 356550
 1104: 279897 356550 356698
 1105: 280168 356698 357041
 1106: 280468 357041 357149
 1107: 280769 357149 357252
 1108: 280946 357252 357397
 1109: 281386 357397 357449
 1110: 281548 357449 357635
 1111: 281868 357635 357804
 1112: 282323 357804 357937
 1113: 282438 357937 358130
 1114: 282646 358130 358483
 1115: 282961 358483 358768
 1116: 283389 358768 359312
 1117: 283532 359312 359467
 1118: 283966 359467 359677
 1119: 284019 359677 360279
 1120: 284251 360279 360569
 1121: 284511 360569 361152
 1122: 284969 361152 361210
 1123: 285187 361210 361358
 1124: 285362 361358 361404
 1125: 285637 361404 361761
 1126: 286028 361761 362244
 1127: 286182 362244 362745
 1128: 286528 362745 362900
 1129: 286721 362900 363327
 1130: 287160 363327 363421
 1131: 287243 363421 364140
 1132: 287551 364140 364424
 1133: 287796 364424 364458
 1134: 288004 364458 364568
 1135: 288428 364568 364853
 1136: 288552 364853 365364
 1137: 289027 365364 365568
 1138: 289275 365568 365791
 1139: 289495 365791 366250
 1140: 289850 366250 366394
 1141: 290113 366394 366893
 1142: 290207 366893 367235
 1143: 290302 367235 367281
 1144: 290490 367281 367586
 1145: 290988 367586 367906
 1146: 291286 367906 368000
 1147: 291784 368000 368053
 1148: 292092 368053 368324
 1149: 292444 368324 368776
 1150: 292487 368776 369296
 1151: 292946 369296 369515
 1152: 293410 369515 370049
 1153: 293662 370049 370493
 1154: 293792 370493 371015
 1155: 293930 371015 371040
 1156: 294401 371040 371209
 1157: 294635 371209 371881
 1158: 294955 371881 372409
 1159: 294963 372409 373051
 1160: 295082 373051 373057
 1161: 295220 373057 373882
 1162: 295308 373882 374445
 1163: 295336 374445 374966
 1164: 295717 374966 375000
 1165: 296132 375000 375089
 1166: 296291 375089 375188
 1167: 296385 375188 375692
 1168: 296696 375692 376140
 1169: 297033 376140 376330
 1170: 297355 376330 376398
 1171: 297785 376398 376763
 1172: 298164 376763 377021
 1173: 298524 377021 377091
 1174: 299020 377091 377428
 1175: 299230 377428 377933
 1176: 299605 377933 378399
 1177: 299640 378399 378629
 1178: 300127 378629 379430
 1179: 300489 379430 380041
 1180: 300934 380041 380222
 1181: 301228 380222 380570
 1182: 301382 380570 381140
 1183: 301611 381140 381294
 1184: 301848 381294 382092
 1185: 302257 382092 382106
 1186: 302302 382106 382665
 1187: 302657 382665 382834
 1188: 302663 382834 383251
 1189: 302788 383251 383680
 1190: 302874 383680 384350
 1191: 302992 384350 384601
 1192: 303178 384601 385217
 1193: 303605 385217 385257
 1194: 303823 385257 385489
 1195: 303867 385489 385741
 1196: 303936 385741 386091
 1197: 304205 386091 386320
 1198: 304434 386320 386770
 1199: 304625 386770 387707
 1200: 304693 387707 388439
 1201: 304722 388439 388461
 1202: 305164 388461 389004
 1203: 305202 389004 389132
 1204: 305303 389132 389700
 1205: 305754 389700 389747
 1206: 305756 389747 389983
 1207: 305906 389983 390220
 1208: 306131 390220 390441
 1209: 306494 390441 391173
 1210: 306862 391173 391246
 1211: 306971 391246 391307
 1212: 307218 391307 391425
 1213: 307381 391425 391622
 1214: 307760 391622 391866
 1215: 308206 391866 392050
 1216: 308664 392050 392106
 1217: 308725 392106 392255
 1218: 309086 392255 392857
 1219: 309436 392857 393583
 1220: 309701 393583 393905
 1221: 309852 393905 393974
 1222: 310225 393974 394045
 1223: 310682 394045 394454
 1224: 311063 394454 394900
 1225: 311106 394900 395042
 1226: 311335 395042 395237
 1227: 311524 395237 395886
 1228: 311557 395886 396134
 1229: 312013 396134 396252
 1230: 312222 396252 396272
 1231: 312582 396272 396740
 1232: 312961 396740 397248
 1233: 313031 397248 397612
 1234: 313055 397612 397974
 1235: 313259 397974 398238
 1236: 313483 398238 398373
 1237: 313541 398373 398891
 1238: 313701 398891 399055
 1239: 313898 399055 399108
 1240: 314236 399108 399506
 1241: 314529 399506 399852
 1242: 314924 399852 400683
 1243: 314971 400683 400794
 1244: 315309 400794 401643
 1245: 315650 401643 401732
 1246: 316057 401732 402041
 1247: 316274 402041 402209
 1248: 316400 402209 402213
 1249: 316428 402213 402490
 1250: 316639 402490 402656
 1251: 317080 402656 403063
 1252: 317171 403063 403937
 1253: 317207 403937 404441
 1254: 317224 404441 404477
 1255: 317519 404477 404721
 1256: 317996 404721 405254
 1257: 318421 405254 405820
 1258: 318495 405820 406021
 1259: 318797 406021 406141
 1260: 319275 406141 406678
 1261: 319737 406678 407160
 1262: 320085 407160 407570
 1263: 320258 407570 408160
 1264: 320728 408160 408707
 1265: 320855 408707 408746
 1266: 321291 408746 408973
 1267: 321411 408973 409055
 1268: 321481 409055 409312
 1269: 321761 409312 409450
 1270: 322152 409450 409472
 1271: 322596 409472 410056
 1272: 322763 410056 410059
 1273: 323005 410059 410315
 1274: 323349 410315 410710
 1275: 323504 410710 411266
 1276: 323693 411266 411674
 1277: 323901 411674 411834
 1278: 324200 411834 412522
 1279: 324215 412522 412745
 1280: 324300 412745 413002
 1281: 324754 413002 413243
 1282: 324966 413243 413349
 1283: 325017 413349 413764
 1284: 325249 413764 413864
 1285: 325619 413864 414281
 1286: 326029 414281 414664
 1287: 326523 414664 415140
 1288: 326709 415140 415458
 1289: 327029 415458 415869
 1290: 327310 415869 416761
 1291: 327664 416761 416771
 1292: 327760 416771 417588
 1293: 327772 417588 418255
 1294: 328219 418255 418995
 1295: 328387 418995 419007
 1296: 328557 419007 419187
 1297: 328613 419187 419706
 1298: 328811 419706 420256
 1299: 328976 420256 420904
 1300: 329417 420904 421693
 1301: 329474 421693 422321
 1302: 329827 422321 422921
 1303: 330257 422921 422943
 1304: 330545 422943 423365
 1305: 330617 423365 423726
 1306: 330845 423726 424439
 1307: 330888 424439 424641
 1308: 331379 424641 425183
 1309: 331602 425183 425951
 1310: 331685 425951 426043
 1311: 332157 426043 426322
 1312: 332174 426322 426771
 1313: 332310 426771 427146
 1314: 332447 427146 427319
 1315: 332595 427319 427768
 1316: 332935 427768 428023
 1317: 333365 428023 428046
 1318: 333622 428046 428378
 1319: 333857 428378 429006
 1320: 333969 429006 429530
 1321: 334086 429530 429597
 1322: 334322 429597 429958
 1323: 334490 429958 430091
 1324: 334707 430091 430420
 1325: 334874 430420 430604
 1326: 335160 430604 430923
 1327: 335215 430923 431249
 1328: 335385 431249 431473
 1329: 335406 431473 431706
 1330: 335902 431706 431983
 1331: 336289 431983 432318
 1332: 336666 432318 432356
 1333: 336699 432356 432722
 1334: 336879 432722 432989
 1335: 337061 432989 433037
 1336: 337139 433037 433052
 1337: 337274 433052 433081
 1338: 337737 433081 433102
 1339: 337781 433102 433350
 1340: 337979 433350 433414
 1341: 338461 433414 433959
 1342: 338815 433959 434854
 1343: 339104 434854 434879
 1344: 339334 434879 435451
 1345: 339668 435451 435620
 1346: 340150 435620 435628
 1347: 340215 435628 435903
 1348: 340257 435903 436427
 1349: 340753 436427 436675
 1350: 341121 436675 436761
 1351: 341137 436761 437297
 1352: 341618 437297 437887
 1353: 341880 437887 438471
 1354: 342337 438471 438745
 1355: 342462 438745 439047
 1356: 342482 439047 439143
 1357: 342623 439143 439677
 1358: 342769 439677 439791
 1359: 343170 439791 439901
 1360: 343414 439901 440184
 1361: 343518 440184 440201
 1362: 343977 440201 440315
 1363: 344064 440315 440653
 1364: 344332 440653 440819
 1365: 344555 440819 440926
 1366: 344819 440926 441131
 1367: 344904 441131 441142
 1368: 345297 441142 441348
 1369: 345487 441348 441352
 1370: 345643 441352 441420
 1371: 345651 441420 441698
 1372: 346077 441698 441753
 1373: 346130 441753 441908
 1374: 346212 441908 442672
 1375: 346663 442672 442926
 1376: 346854 442926 443470
 1377: 346909 443470 443660
 1378: 347135 443660 443675
 1379: 347287 443675 444381
 1380: 347515 444381 444620
 1381: 347649 444620 444852
 1382: 347766 444852 445397
 1383: 348005 445397 445815
 1384: 348074 445815 446653
 1385: 348436 446653 447061
 1386: 348683 447061 447350
 1387: 349087 447350 447743
 1388: 349108 447743 448311
 1389: 349355 448311 449018
 1390: 349768 449018 449206
 1391: 350200 449206 449393
 1392: 350455 449393 450159
 1393: 350711 450159 450170
 1394: 350843 450170 450316
 1395: 351322 450316 450414
 1396: 351608 450414 450907
 1397: 351962 450907 451488
 1398: 352297 451488 452110
 1399: 352713 452110 452732
 1400: 352738 452732 452982
 1401: 352869 452982 452996
 1402: 353019 452996 453468
 1403: 353466 453468 453740
 1404: 353962 453740 453786
 1405: 354239 453786 454214
 1406: 354634 454214 454612
 1407: 354650 454612 454732
 1408: 354849 454732 454976
 1409: 354982 454976 455095
 1410: 355164 455095 455532
 1411: 355357 455532 456245
 1412: 355585 456245 457090
 1413: 355960 457090 457123
 1414: 356102 457123 457580
 1415: 356571 457580 457830
 1416: 356644 457830 457962
 1417: 357085 457962 458208
 1418: 357224 458208 458537
 1419: 357621 458537 459045
 1420: 357706 459045 459127
 1421: 357751 459127 459736
 1422: 358138 459736 460574
 1423: 358270 460574 460625
 1424: 358605 460625 460984
 1425: 359025 460984 461480
 1426: 359406 461480 461670
 1427: 359895 461670 461677
 1428: 360057 461677 462188
 1429: 360231 462188 462309
 1430: 360390 462309 462630
 1431: 360863 462630 462806
 1432: 361109 462806 463170
 1433: 361567 463170 463226
 1434: 361871 463226 463287
 1435: 361893 463287 463354
 1436: 361926 463354 463997
 1437: 362297 463997 464702
 1438: 362427 464702 465535
 1439: 362435 465535 466459
 1440: 362706 466459 466533
 1441: 363191 466533 467085
 1442: 363234 467085 467729
 1443: 363497 467729 468267
 1444: 363838 468267 468733
 1445: 363850 468733 469609
 1446: 363934 469609 470578
 1447: 364168 470578 470885
 1448: 364568 470885 471164
 1449: 364787 471164 471190
 1450: 364836 471190 471263
 1451: 364932 471263 471582
 1452: 365242 471582 472352
 1453: 365246 472352 472403
 1454: 365718 472403 473262
 1455: 366127 473262 473726
 1456: 366569 473726 474027
 1457: 366967 474027 474209
 1458: 367338 474209 474856
 1459: 367531 474856 474957
 1460: 367633 474957 474972
 1461: 367847 474972 475009
 1462: 368038 475009 475534
 1463: 368058 475534 476247
 1464: 368201 476247 476540
 1465: 368500 476540 476633
 1466: 368982 476633 477038
 1467: 369258 477038 477242
 1468: 369622 477242 477267
 1469: 369858 477267 477379
 1470: 370152 477379 477762
 1471: 370234 477762 477946
 1472: 370275 477946 478433
 1473: 370499 478433 478570
 1474: 370643 478570 478581
 1475: 370769 478581 478923
 1476: 370893 478923 479113
 1477: 371328 479113 479163
 1478: 371620 479163 479440
 1479: 372031 479440 479479
 1480: 372226 479479 479930
 1481: 372356 479930 479995
 1482: 372463 479995 480454
 1483: 372936 480454 480582
 1484: 373125 480582 481106
 1485: 373434 481106 481655
 1486: 373790 481655 481839
 1487: 374012 481839 481851
 1488: 374385 481851 481950
 1489: 374696 481950 482808
 1490: 375062 482808 483648
 1491: 375328 483648 483754
 1492: 375609 483754 484333
 1493: 375918 484333 484589
 1494: 376076 484589 484882
 1495: 376087 484882 485149
 1496: 376519 485149 485574
 1497: 376552 485574 485779
 1498: 376602 485779 485845
 1499: 376614 485845 486312
 1500: 376830 486312 486475
 1501: 377054 486475 486971
 1502: 377267 486971 487719
 1503: 377739 487719 488437
 1504: 378134 488437 488828
 1505: 378241 488828 488871
 1506: 378463 488871 489095
 1507: 378717 489095 489834
 1508: 378794 489834 489953
 1509: 378873 489953 490296
 1510: 379158 490296 490586
 1511: 379248 490586 490840
 1512: 379481 490840 491027
 1513: 379738 491027 491346
 1514: 379869 491346 491374
 1515: 379893 491374 491531
 1516: 379984 491531 491730
 1517: 380406 491730 491845
 1518: 380602 491845 492021
 1519: 380997 492021 492624
 1520: 381175 492624 492804
 1521: 381530 492804 493602
 1522: 381907 493602 494184
 1523: 382313 494184 494873
 1524: 382488 494873 494936
 1525: 382679 494936 494987
 1526: 382757 494987 495345
 1527: 382936 495345 495404
 1528: 383343 495404 495655
 1529: 383439 495655 496452
 1530: 383646 496452 496615
 1531: 384033 496615 496974
 1532: 384402 496974 496995
 1533: 384508 496995 497481
 1534: 384712 497481 497611
 1535: 384872 497611 498373
 1536: 384877 498373 499105
 1537: 385162 499105 499838
 1538: 385290 499838 500219
 1539: 385629 500219 500441
 1540: 385809 500441 500987
 1541: 386074 500987 501442
 1542: 386387 501442 501815
 1543: 386458 501815 502263
 1544: 386841 502263 502370
 1545: 387101 502370 502524
 1546: 387389 502524 502639
 1547: 387780 502639 502661
 1548: 388239 502661 503339
 1549: 388465 503339 504007
 1550: 388466 504007 504455
 1551: 388514 504455 505218
 1552: 388919 505218 505873
 1553: 389309 505873 506473
 1554: 389337 506473 506866
 1555: 389675 506866 506910
 1556: 389937 506910 507117
 1557: 390405 507117 507175
 1558: 390456 507175 507249
 1559: 390753 507249 508039
 1560: 390960 508039 508789
 1561: 390986 508789 509664
 1562: 391193 509664 509823
 1563: 391349 509823 510323
 1564: 391765 510323 510756
 1565: 392097 510756 510823
 1566: 392369 510823 510896
 1567: 392793 510896 511301
 1568: 393008 511301 511576
 1569: 393221 511576 511720
 1570: 393267 511720 512102
 1571: 393720 512102 512615
 1572: 393878 512615 512839
 1573: 394264 512839 513263
 1574: 394725 513263 513312
 1575: 394869 513312 513343
 1576: 395113 513343 513345
 1577: 395279 513345 513910
 1578: 395367 513910 514169
 1579: 395487 514169 514806
 1580: 395694 514806 515703
 1581: 396116 515703 515756
 1582: 396450 515756 516022
 1583: 396608 516022 516614
 1584: 396770 516614 517257
 1585: 397065 517257 517581
 1586: 397490 517581 517658
 1587: 397510 517658 517987
 1588: 397680 517987 518631
 1589: 397973 518631 519180
 1590: 398064 519180 519794
 1591: 398365 519794 519999
 1592: 398474 519999 520263
 1593: 398763 520263 520803
 1594: 399054 520803 521228
 1595: 399257 521228 522050
 1596: 399621 522050 522302
 1597: 400101 522302 522450
 1598: 400574 522450 522571
 1599: 400824 522571 522576
 1600: 400836 522576 522756
 1601: 401183 522756 523539
 1602: 401478 523539 523681
 1603: 401501 523681 523880
 1604: 401775 523880 524179
 1605: 401874 524179 524278
 1606: 402130 524278 524347
 1607: 402333 524347 524416
 1608: 402703 524416 524670
 1609: 402768 524670 525333
 1610: 403173 525333 525547
 1611: 403335 525547 525549
 1612: 403730 525549 525803
 1613: 404201 525803 526255
 1614: 404483 526255 526549
 1615: 404489 526549 526696
 1616: 404758 526696 526813
 1617: 404992 526813 527390
 1618: 405213 527390 527774
 1619: 405246 527774 528253
 1620: 405321 528253 528983
 1621: 405685 528983 529384
 1622: 405719 529384 529913
 1623: 405918 529913 530586
 1624: 405980 530586 530864
 1625: 406047 530864 531269
 1626: 406082 531269 531744
 1627: 406321 531744 532144
 1628: 406695 532144 532584
 1629: 406995 532584 532690
 1630: 407428 532690 532990
 1631: 407882 532990 533198
 1632: 408044 533198 533228
 1633: 408313 533228 533620
 1634: 408760 533620 533783
 1635: 409142 533783 534344
 1636: 409578 534344 534793
 1637: 409933 534793 535240
 1638: 410248 535240 536069
 1639: 410623 536069 536714
 1640: 410945 536714 536844
 1641: 411292 536844 537016
 1642: 411466 537016 537557
 1643: 411755 537557 537632
 1644: 412053 537632 537713
 1645: 412260 537713 537997
 1646: 412658 537997 538136
 1647: 413094 538136 538339
 1648: 413445 538339 538630
 1649: 413891 538630 538815
 1650: 413901 538815 538875
 1651: 414223 538875 539111
 1652: 414299 539111 539648
 1653: 414717 539648 540077
 1654: 414952 540077 540274
 1655: 415224 540274 540747
 1656: 415462 540747 540872
 1657: 415878 540872 541458
 1658: 416086 541458 541874
 1659: 416550 541874 542271
 1660: 416846 542271 542602
 1661: 417086 542602 542648
 1662: 417421 542648 542685
 1663: 417678 542685 542707
 1664: 418062 542707 542739
 1665: 418550 542739 543122
 1666: 418584 543122 543292
 1667: 418927 543292 543691
 1668: 419417 543691 543993
 1669: 419422 543993 544065
 1670: 419479 544065 544169
 1671: 419763 544169 544205
 1672: 420162 544205 544394
 1673: 420372 544394 544582
 1674: 420780 544582 544718
 1675: 420895 544718 544778
 1676: 421243 544778 545079
 1677: 421645 545079 545421
 1678: 421679 545421 545472
 1679: 422052 545472 545991
 1680: 422416 545991 546105
 1681: 422731 546105 546179
 1682: 422904 546179 546659
 1683: 422915 546659 546669
 1684: 423336 546669 546964
 1685: 423727 546964 547889
 1686: 424022 547889 548494
 1687: 424298 548494 548530
 1688: 424677 548530 549116
 1689: 424980 549116 549515
 1690: 425143 549515 549778
 1691: 425637 549778 550592
 1692: 425913 550592 551360
 1693: 426111 551360 551531
 1694: 426168 551531 552008
 1695: 426398 552008 552708
 1696: 426833 552708 553460
 1697: 427155 553460 553585
 1698: 427361 553585 554035
 1699: 427634 554035 554446
 1700: 427985 554446 554520
 1701: 428093 554520 554556
 1702: 428436 554556 555031
 1703: 428779 555031 555356
 1704: 429152 555356 555507
 1705: 429163 555507 555726
 1706: 429230 555726 555789
 1707: 429281 555789 556465
 1708: 429684 556465 556654
 1709: 429840 556654 557078
 1710: 430163 557078 557226
 1711: 430547 557226 557484
 1712: 430982 557484 557587
 1713: 431350 557587 557718
 1714: 431392 557718 557720
 1715: 431662 557720 558223
 1716: 431971 558223 558252
 1717: 432013 558252 558706
 1718: 432278 558706 559173
 1719: 432654 559173 559666
 1720: 432688 559666 560163
 1721: 432865 560163 560737
 1722: 433260 560737 560993
 1723: 433706 560993 561133
 1724: 434185 561133 561526
 1725: 434446 561526 561927
 1726: 434937 561927 562240
 1727: 434999 562240 562799
 1728: 435353 562799 562809
 1729: 435421 562809 562877
 1730: 435495 562877 562991
 1731: 435787 562991 563079
 1732: 436007 563079 563177
 1733: 436045 563177 563480
 1734: 436266 563480 563625
 1735: 436392 563625 563941
 1736: 436695 563941 564038
 1737: 437053 564038 564250
 1738: 437087 564250 564463
 1739: 437586 564463 565045
 1740: 437994 565045 565538
 1741: 438311 565538 565816
 1742: 438718 565816 565854
 1743: 439044 565854 566090
 1744: 439356 566090 566356
 1745: 439516 566356 566371
 1746: 439752 566371 566500
 1747: 440025 566500 566509
 1748: 440313 566509 566801
 1749: 440757 566801 567401
 1750: 440983 567401 567522
 1751: 441250 567522 567606
 1752: 441626 567606 567800
 1753: 441855 567800 568369
 1754: 442287 568369 568735
 1755: 442713 568735 568960
 1756: 443203 568960 569152
 1757: 443444 569152 569458
 1758: 443570 569458 570116
 1759: 443730 570116 570858
 1760: 444195 570858 571094
 1761: 444523 571094 571334
 1762: 444798 571334 571534
 1763: 444957 571534 571609
 1764: 445370 571609 571690
 1765: 445446 571690 571762
 1766: 445622 571762 572169
 1767: 445792 572169 572750
 1768: 446263 572750 573444
 1769: 446729 573444 573450
 1770: 446858 573450 573472
 1771: 447103 573472 574018
 1772: 447240 574018 574753
 1773: 447258 574753 575198
 1774: 447314 575198 575369
 1775: 447518 575369 575685
 1776: 447520 575685 575709
 1777: 447743 575709 576197
 1778: 447878 576197 576411
 1779: 448220 576411 577079
 1780: 448709 577079 577816
 1781: 448900 577816 578320
 1782: 449163 578320 578712
 1783: 449384 578712 578967
 1784: 449647 578967 579062
 1785: 449786 579062 579475
 1786: 449866 579475 579493
 1787: 449880 579493 579826
 1788: 450252 579826 580197
 1789: 450736 580197 580989
 1790: 450948 580989 581469
 1791: 451399 581469 581521
 1792: 451621 581521 581600
 1793: 452114 581600 581967
 1794: 452174 581967 582014
 1795: 452584 582014 582585
 1796: 452838 582585 582688
 1797: 453055 582688 582854
 1798: 453520 582854 583695
 1799: 453774 583695 584115
 1800: 453901 584115 584445
 1801: 454025 584445 584817
 1802: 454305 584817 584955
 1803: 454733 584955 584983
 1804: 454905 584983 585501
 1805: 454988 585501 585553
 1806: 455089 585553 586256
 1807: 455191 586256 586837
 1808: 455401 586837 587296
 1809: 455585 587296 587648
 1810: 456017 587648 588001
 1811: 456339 588001 588185
 1812: 456536 588185 588478
 1813: 456742 588478 588723
 1814: 457223 588723 589320
 1815: 457616 589320 590026
 1816: 457972 590026 590208
 1817: 458289 590208 590447
 1818: 458446 590447 590664
 1819: 458737 590664 590834
 1820: 458895 590834 590922
 1821: 459112 590922 591150
 1822: 459522 591150 591268
 1823: 459608 591268 591664
 1824: 460024 591664 591965
 1825: 460418 591965 592117
 1826: 460786 592117 592378
 1827: 460822 592378 592681
 1828: 461080 592681 593035
 1829: 461309 593035 593041
 1830: 461514 593041 593274
 1831: 461863 593274 593396
 1832: 462004 593396 593605
 1833: 462204 593605 593871
 1834: 462617 593871 594255
 1835: 462748 594255 595094
 1836: 463115 595094 595647
 1837: 463449 595647 595789
 1838: 463618 595789 596075
 1839: 464019 596075 596745
 1840: 464212 596745 597164
 1841: 464647 597164 597631
 1842: 464661 597631 598451
 1843: 464790 598451 598848
 1844: 465005 598848 599019
 1845: 465019 599019 599145
 1846: 465502 599145 599261
 1847: 465987 599261 599737
 1848: 466019 599737 599858
 1849: 466445 599858 600377
 1850: 466624 600377 601152
 1851: 466644 601152 601175
 1852: 467052 601175 601789
 1853: 467378 601789 602340
 1854: 467654 602340 602638
 1855: 467819 602638 603123
 1856: 467843 603123 603860
 1857: 467876 603860 603986
 1858: 467950 603986 604234
 1859: 468262 604234 604490
 1860: 468285 604490 604564
 1861: 468498 604564 605206
 1862: 468690 605206 605592
 1863: 468823 605592 605643
 1864: 469209 605643 605973
 1865: 469381 605973 605986
 1866: 469500 605986 606238
 1867: 469614 606238 606567
 1868: 469661 606567 607393
 1869: 469768 607393 607627
 1870: 469937 607627 607728
 1871: 470231 607728 607886
 1872: 470607 607886 608154
 1873: 470840 608154 608398
 1874: 471332 608398 609205
 1875: 471574 609205 609270
 1876: 471949 609270 610154
 1877: 471971 610154 610931
 1878: 472127 610931 611106
 1879: 472421 611106 611329
 1880: 472637 611329 612174
 1881: 472748 612174 612434
 1882: 472907 612434 612655
 1883: 473272 612655 612692
 1884: 473439 612692 613224
 1885: 473471 613224 613495
 1886: 473719 613495 613516
 1887: 473752 613516 613922
 1888: 473908 613922 614208
 1889: 473984 614208 614445
 1890: 474299 614445 614785
 1891: 474463 614785 615041
 1892: 474739 615041 615049
 1893: 474998 615049 615542
 1894: 475341 615542 616300
 1895: 475819 616300 616313
 1896: 475841 616313 616370
 1897: 476239 616370 616555
 1898: 476555 616555 616719
 1899: 476945 616719 617160
 1900: 477183 617160 617283
 1901: 477506 617283 617411
 1902: 477757 617411 617671
 1903: 477869 617671 617775
 1904: 477994 617775 618214
 1905: 478053 618214 618717
 1906: 478062 618717 619151
 1907: 478194 619151 619275
 1908: 478606 619275 619489
 1909: 478826 619489 619762
 1910: 479274 619762 619878
 1911: 479592 619878 620422
 1912: 479880 620422 620929
 1913: 480033 620929 621153
 1914: 480515 621153 621275
 1915: 480605 621275 621629
 1916: 481073 621629 622016
 1917: 481282 622016 622404
 1918: 481554 622404 622608
 1919: 481684 622608 622760
 1920: 481697 622760 623178
 1921: 482037 623178 623512
 1922: 482451 623512 624415
 1923: 482760 624415 624708
 1924: 483127 624708 625303
 1925: 483211 625303 625876
 1926: 483440 625876 626050
 1927: 483727 626050 626821
 1928: 483848 626821 627668
 1929: 483972 627668 628343
 1930: 484459 628343 628566
 1931: 484785 628566 629046
 1932: 484915 629046 629885
 1933: 485091 629885 630621
 1934: 485450 630621 630814
 1935: 485753 630814 630944
 1936: 486251 630944 631400
 1937: 486647 631400 631937
 1938: 486766 631937 632352
 1939: 487007 632352 632916
 1940: 487243 632916 633238
 1941: 487547 633238 633517
 1942: 487777 633517 634263
 1943: 488262 634263 634782
 1944: 488297 634782 635267
 1945: 488754 635267 635442
 1946: 489080 635442 635964
 1947: 489559 635964 636312
 1948: 489879 636312 636915
 1949: 490241 636915 636962
 1950: 490705 636962 636988
 1951: 490758 636988 637580
 1952: 491070 637580 637606
 1953: 491446 637606 637641
 1954: 491602 637641 638269
 1955: 492022 638269 638819
 1956: 492467 638819 639153
 1957: 492826 639153 639252
 1958: 493146 639252 639590
 1959: 493176 639590 639611
 1960: 493632 639611 639873
 1961: 494011 639873 640281
 1962: 494282 640281 640432
 1963: 494523 640432 640965
 1964: 494538 640965 640990
 1965: 494810 640990 641741
 1966: 495081 641741 642049
 1967: 495524 642049 642532
 1968: 495800 642532 643003
 1969: 495817 643003 643229
 1970: 496256 643229 643240
 1971: 496582 643240 643347
 1972: 496747 643347 643743
 1973: 496809 643743 644340
 1974: 496842 644340 645126
 1975: 497184 645126 645921
 1976: 497264 645921 646456
 1977: 497537 646456 646716
 1978: 497619 646716 647389
 1979: 498064 647389 647553
 1980: 498185 647553 647793
 1981: 498264 647793 648143
 1982: 498309 648143 648884
 1983: 498787 648884 649483
 1984: 499130 649483 649832
 1985: 499385 649832 650259
 1986: 499820 650259 650659
 1987: 499989 650659 650695
 1988: 500259 650695 650957
 1989: 500347 650957 651102
 1990: 500672 651102 651355
 1991: 500967 651355 651404
 1992: 501121 651404 652077
 1993: 501380 652077 652411
 1994: 501466 652411 652474
 1995: 501801 652474 652479
 1996: 502225 652479 652893
 1997: 502327 652893 653003
 1998: 502765 653003 653781
 1999: 503057 653781 654184
 2000: 503135 654184 654651
 2001: 503201 654651 654721
 2002: 503334 654721 655165
 2003: 503450 655165 655502
 2004: 503919 655502 655902
 2005: 504128 655902 656083
 2006: 504264 656083 656661
 2007: 504466 656661 657232
 2008: 504543 657232 657574
 2009: 504572 657574 658171
 2010: 504741 658171 658574
 2011: 505114 658574 659117
 2012: 505395 659117 659880
 2013: 505460 659880 660390
 2014: 505517 660390 660666
 2015: 505521 660666 661111
 2016: 505929 661111 661241
 2017: 506080 661241 661299
 2018: 506388 661299 661751
 2019: 506835 661751 661770
 2020: 507309 661770 662010
 2021: 507382 662010 662104
 2022: 507546 662104 662436
 2023: 507949 662436 662505
 2024: 508189 662505 662886
 2025: 508595 662886 662932
 2026: 508893 662932 663191
 2027: 508898 663191 663589
 2028: 509154 663589 663611
 2029: 509456 663611 664100
 2030: 509885 664100 664116
 2031: 510336 664116 664180
 2032: 510714 664180 664650
 2033: 511095 664650 664817
 2034: 511467 664817 665101
 2035: 511932 665101 665136
 2036: 512420 665136 665750
 2037: 512878 665750 665976
 2038: 513194 665976 666394
 2039: 513589 666394 667002
 2040: 513883 667002 667492
 2041: 514351 667492 667909
 2042: 514434 667909 668668
 2043: 514609 668668 668934
 2044: 514653 668934 669210
 2045: 514808 669210 669219
 2046: 515093 669219 669952
 2047: 515406 669952 670067
 2048: 515617 670067 670128
 2049: 515969 670128 670350
 2050: 515994 670350 670818
 2051: 516426 670818 671428
 2052: 516784 671428 672182
 2053: 516951 672182 672611
 2054: 517203 672611 672837
 2055: 517437 672837 672867
 2056: 517803 672867 673178
 2057: 517946 673178 673672
 2058: 518123 673672 673934
 2059: 518414 673934 674129
 2060: 518712 674129 674581
 2061: 518909 674581 675307
 2062: 518965 675307 675454
 2063: 519215 675454 675969
 2064: 519422 675969 676299
 2065: 519776 676299 676558
 2066: 520199 676558 676665
 2067: 520447 676665 676674
 2068: 520625 676674 676941
 2069: 521085 676941 676973
 2070: 521565 676973 677447
 2071: 522046 677447 677751
 2072: 522445 677751 678196
 2073: 522743 678196 678291
 2074: 523188 678291 678318
 2075: 523487 678318 678625
 2076: 523527 678625 679132
 2077: 523857 679132 679934
 2078: 523867 679934 679964
 2079: 524233 679964 680237
 2080: 524419 680237 680244
 2081: 524871 680244 680466
 2082: 524881 680466 680648
 2083: 525275 680648 680674
 2084: 525393 680674 681005
 2085: 525514 681005 681516
 2086: 525564 681516 681524
 2087: 526010 681524 682218
 2088: 526237 682218 682627
 2089: 526264 682627 682771
 2090: 526600 682771 683080
 2091: 527018 683080 683179
 2092: 527344 683179 683435
 2093: 527818 683435 683610
 2094: 528149 683610 683620
 2095: 528204 683620 684266
 2096: 528268 684266 684286
 2097: 528397 684286 684417
 2098: 528607 684417 684517
 2099: 528870 684517 685127
 2100: 529249 685127 685238
 2101: 529677 685238 685328
 2102: 530165 685328 685436
 2103: 530544 685436 685755
 2104: 530665 685755 686138
 2105: 531055 686138 686241
 2106: 531290 686241 686541
 2107: 531626 686541 687034
 2108: 531684 687034 687532
 2109: 532084 687532 687690
 2110: 532237 687690 687820
 2111: 532646 687820 688295
 2112: 533111 688295 688651
 2113: 533403 688651 688923
 2114: 533468 688923 689163
 2115: 533474 689163 689941
 2116: 533915 689941 689960
 2117: 534290 689960 689971
 2118: 534601 689971 690320
 2119: 534748 690320 690677
 2120: 534911 690677 691469
 2121: 535304 691469 692193
 2122: 535651 692193 692532
 2123: 536114 692532 692884
 2124: 536156 692884 692969
 2125: 536453 692969 693304
 2126: 536773 693304 693327
 2127: 537188 693327 693483
 2128: 537436 693483 693638
 2129: 537899 693638 693850
 2130: 538164 693850 694161
 2131: 538424 694161 694686
 2132: 538830 694686 694829
 2133: 538968 694829 694994
 2134: 539360 694994 695128
 2135: 539513 695128 695585
 2136: 539837 695585 695605
 2137: 540295 695605 695856
 2138: 540573 695856 696355
 2139: 540653 696355 696557
 2140: 540939 696557 696672
 2141: 540958 696672 697214
 2142: 541045 697214 697868
 2143: 541439 697868 698064
 2144: 541582 698064 698107
 2145: 541734 698107 698210
 2146: 542062 698210 698216
 2147: 542179 698216 698570
 2148: 542228 698570 698611
 2149: 542683 698611 698984
 2150: 542726 698984 699652
 2151: 543094 699652 699747
 2152: 543553 699747 699977
 2153: 543988 699977 700658
 2154: 544109 700658 700907
 2155: 544277 700907 701420
 2156: 544553 701420 701972
 2157: 544641 701972 702102
 2158: 544812 702102 702531
 2159: 545168 702531 703323
 2160: 545247 703323 703795
 2161: 545606 703795 704247
 2162: 545990 704247 705040
 2163: 546032 705040 705131
 2164: 546083 705131 705820
 2165: 546267 705820 706471
 2166: 546753 706471 706685
 2167: 547069 706685 707470
 2168: 547164 707470 707856
 2169: 547491 707856 707926
 2170: 547501 707926 708485
 2171: 547719 708485 708905
 2172: 547993 708905 708947
 2173: 548439 708947 709094
 2174: 548795 709094 709579
 2175: 549109 709579 710288
 2176: 549446 710288 710657
 2177: 549454 710657 710910
 2178: 549803 710910 711478
 2179: 550288 711478 711851
 2180: 550623 711851 712232
 2181: 550946 712232 712719
 2182: 551409 712719 712958
 2183: 551894 712958 713065
 2184: 551992 713065 713092
 2185: 552219 713092 713306
 2186: 552641 713306 713467
 2187: 553011 713467 713898
 2188: 553026 713898 714072
 2189: 553492 714072 714181
 2190: 553787 714181 714363
 2191: 554282 714363 714659
 2192: 554370 714659 714918
 2193: 554437 714918 715789
 2194: 554591 715789 716562
 2195: 554866 716562 717436
 2196: 555064 717436 718217
 2197: 555443 718217 718344
 2198: 555812 718344 718748
 2199: 556191 718748 718955
 2200: 556259 718955 719677
 2201: 556323 719677 720445
 2202: 556446 720445 720557
 2203: 556668 720557 721149
 2204: 556921 721149 721250
 2205: 556933 721250 721531
 2206: 557404 721531 721614
 2207: 557586 721614 721719
 2208: 557598 721719 722100
 2209: 557764 722100 722207
 2210: 558039 722207 722502
 2211: 558043 722502 722940
 2212: 558079 722940 723357
 2213: 558324 723357 723827
 2214: 558371 723827 724203
 2215: 558842 724203 724321
 2216: 559120 724321 724936
 2217: 559398 724936 725432
 2218: 559583 725432 725839
 2219: 560051 725839 725924
 2220: 560481 725924 726639
 2221: 560828 726639 727479
 2222: 561029 727479 727540
 2223: 561479 727540 727630
 2224: 561887 727630 728300
 2225: 562144 728300 728433
 2226: 562418 728433 728589
 2227: 562478 728589 728688
 2228: 562908 728688 728698
 2229: 563122 728698 729040
 2230: 563144 729040 729624
 2231: 563277 729624 729855
 2232: 563425 729855 730078
 2233: 563441 730078 730234
 2234: 563772 730234 730535
 2235: 563983 730535 730981
 2236: 563987 730981 731387
 2237: 564188 731387 731680
 2238: 564655 731680 731787
 2239: 564814 731787 732235
 2240: 565084 732235 732318
 2241: 565145 732318 733062
 2242: 565325 733062 733215
 2243: 565682 733215 733238
 2244: 566111 733238 733314
 2245: 566199 733314 734072
 2246: 566457 734072 734530
 2247: 566710 734530 734901
 2248: 566845 734901 735178
 2249: 567088 735178 735574
 2250: 567343 735574 735598
 2251: 567573 735598 735990
 2252: 567588 735990 736335
 2253: 568054 736335 736437
 2254: 568139 736437 737153
 2255: 568498 737153 737614
 2256: 568541 737614 737744
 2257: 568943 737744 738137
 2258: 568986 738137 738209
 2259: 569321 738209 738635
 2260: 569654 738635 738732
 2261: 570079 738732 739395
 2262: 570226 739395 739567
 2263: 570228 739567 739777
 2264: 570678 739777 739853
 2265: 570930 739853 739934
 2266: 571132 739934 740490
 2267: 571598 740490 741021
 2268: 572014 741021 741449
 2269: 572215 741449 742310
 2270: 572273 742310 742430
 2271: 572631 742430 742511
 2272: 573114 742511 742828
 2273: 573440 742828 743295
 2274: 573462 743295 743566
 2275: 573463 743566 743953
 2276: 573551 743953 744095
 2277: 574001 744095 744476
 2278: 574108 744476 744907
 2279: 574129 744907 745697
 2280: 574328 745697 746131
 2281: 574591 746131 746388
 2282: 574849 746388 746733
 2283: 574970 746733 746843
 2284: 575132 746843 747139
 2285: 575309 747139 747343
 2286: 575694 747343 747713
 2287: 576017 747713 748379
 2288: 576314 748379 748815
 2289: 576710 748815 749152
 2290: 577024 749152 749309
 2291: 577200 749309 749319
 2292: 577525 749319 749872
 2293: 577665 749872 750485
 2294: 577744 750485 751028
 2295: 578235 751028 751264
 2296: 578671 751264 751313
 2297: 578853 751313 751432
 2298: 579339 751432 751649
 2299: 579710 751649 751959
 2300: 579838 751959 752159
 2301: 580209 752159 752229
 2302: 580294 752229 752592
 2303: 580677 752592 752968
 2304: 581024 752968 753174
 2305: 581227 753174 753411
 2306: 581406 753411 753848
 2307: 581472 753848 754598
 2308: 581480 754598 754999
 2309: 581920 754999 755235
 2310: 582288 755235 755922
 2311: 582656 755922 756173
 2312: 582843 756173 756683
 2313: 582845 756683 756929
 2314: 583200 756929 757328
 2315: 583523 757328 757550
 2316: 583946 757550 758128
 2317: 584445 758128 758500
 2318: 584836 758500 759247
 2319: 585229 759247 759534
 2320: 585393 759534 759817
 2321: 585795 759817 760310
 2322: 586275 760310 760558
 2323: 586626 760558 760597
 2324: 586801 760597 760990
 2325: 586878 760990 761483
 2326: 587101 761483 762284
 2327: 587452 762284 762351
 2328: 587949 762351 762467
 2329: 588035 762467 762468
 2330: 588263 762468 762583
 2331: 588601 762583 763101
 2332: 588708 763101 763474
 2333: 588870 763474 764152
 2334: 589092 764152 764266
 2335: 589331 764266 764927
 2336: 589486 764927 765417
 2337: 589718 765417 765429
 2338: 589829 765429 765533
 2339: 589953 765533 765941
 2340: 590329 765941 766113
 2341: 590662 766113 766316
 2342: 590810 766316 766487
 2343: 590823 766487 766567
 2344: 590864 766567 766658
 2345: 591133 766658 766835
 2346: 591472 766835 767656
 2347: 591592 767656 768144
 2348: 591678 768144 768261
 2349: 592079 768261 768307
 2350: 592439 768307 768600
 2351: 592738 768600 769173
 2352: 592761 769173 770038
 2353: 592876 770038 770695
 2354: 592937 770695 771289
 2355: 593421 771289 771569
 2356: 593659 771569 771926
 2357: 594071 771926 772604
 2358: 594170 772604 773335
 2359: 594636 773335 773618
 2360: 594696 773618 773690
 2361: 594909 773690 774018
 2362: 595069 774018 774151
 2363: 595148 774151 774326
 2364: 595603 774326 774796
 2365: 595993 774796 775128
 2366: 596264 775128 775379
 2367: 596583 775379 775589
 2368: 596709 775589 775870
 2369: 597112 775870 776364
 2370: 597452 776364 776763
 2371: 597905 776763 777381
 2372: 598379 777381 777955
 2373: 598383 777955 778538
 2374: 598809 778538 779331
 2375: 599084 779331 779363
 2376: 599292 779363 779368
 2377: 599680 779368 779609
 2378: 600004 779609 779807
 2379: 600120 779807 780183
 2380: 600571 780183 780729
 2381: 600667 780729 781161
 2382: 600865 781161 781548
 2383: 600884 781548 781730
 2384: 601237 781730 781924
 2385: 601252 781924 782382
 2386: 601563 782382 782932
 2387: 601836 782932 783297
 2388: 602171 783297 783312
 2389: 602532 783312 783345
 2390: 602782 783345 783594
 2391: 603031 783594 784237
 2392: 603159 784237 784879
 2393: 603487 784879 785509
 2394: 603594 785509 785524
 2395: 603828 785524 786298
 2396: 604282 786298 786844
 2397: 604564 786844 787202
 2398: 604812 787202 787501
 2399: 605291 787501 787900
 2400: 605516 787900 788683
 2401: 605813 788683 789597
 2402: 606276 789597 789665
 2403: 606599 789665 790121
 2404: 606949 790121 790348
 2405: 607011 790348 790517
 2406: 607334 790517 790939
 2407: 607395 790939 791219
 2408: 607846 791219 791343
 2409: 608252 791343 792005
 2410: 608588 792005 792168
 2411: 608706 792168 792469
 2412: 609179 792469 792689
 2413: 609623 792689 793047
 2414: 609826 793047 793450
 2415: 610151 793450 793462
 2416: 610569 793462 794075
 2417: 611036 794075 794593
 2418: 611231 794593 794774
 2419: 611412 794774 795266
 2420: 611890 795266 795663
 2421: 612037 795663 795778
 2422: 612094 795778 795964
 2423: 612348 795964 796363
 2424: 612447 796363 796667
 2425: 612516 796667 797219
 2426: 612818 797219 797718
 2427: 613046 797718 797894
 2428: 613135 797894 798098
 2429: 613633 798098 798339
 2430: 613731 798339 798400
 2431: 613955 798400 799015
 2432: 614403 799015 799365
 2433: 614802 799365 799461
 2434: 615286 799461 799585
 2435: 615476 799585 800346
 2436: 615802 800346 800594
 2437: 616066 800594 800686
 2438: 616114 800686 801415
 2439: 616508 801415 801671
 2440: 616689 801671 802303
 2441: 616775 802303 802343
 2442: 616927 802343 802680
 2443: 617187 802680 802825
 2444: 617677 802825 802858
 2445: 617715 802858 803200
 2446: 617799 803200 803548
 2447: 617905 803548 804006
 2448: 618360 804006 804060
 2449: 618538 804060 804927
 2450: 618627 804927 805069
 2451: 619030 805069 805164
 2452: 619238 805164 805660
 2453: 619540 805660 805836
 2454: 619729 805836 805954
 2455: 620134 805954 806302
 2456: 620296 806302 806543
 2457: 620652 806543 806896
 2458: 620960 806896 807292
 2459: 621019 807292 807654
 2460: 621396 807654 808056
 2461: 621784 808056 808786
 2462: 622144 808786 808850
 2463: 622641 808850 809206
 2464: 622643 809206 809488
 2465: 622900 809488 809656
 2466: 622945 809656 809794
 2467: 622954 809794 809982
 2468: 623284 809982 810096
 2469: 623296 810096 810679
 2470: 623306 810679 811475
 2471: 623698 811475 811967
 2472: 624109 811967 812122
 2473: 624598 812122 812181
 2474: 624965 812181 812524
 2475: 624984 812524 812919
 2476: 625130 812919 813243
 2477: 625339 813243 814043
 2478: 625742 814043 814441
 2479: 626067 814441 814839
 2480: 626450 814839 815486
 2481: 626948 815486 816180
 2482: 627192 816180 817024
 2483: 627376 817024 817159
 2484: 627695 817159 817403
 2485: 627790 817403 817668
 2486: 627906 817668 817986
 2487: 627909 817986 818908
 2488: 628147 818908 819837
 2489: 628395 819837 820607
 2490: 628436 820607 820929
 2491: 628789 820929 821089
 2492: 628966 821089 821338
 2493: 629162 821338 821373
 2494: 629433 821373 821490
 2495: 629921 821490 821756
 2496: 630027 821756 822419
 2497: 630112 822419 822692
 2498: 630608 822692 822851
 2499: 631034 822851 822940
SUM: 822940 822548 0.9995 92073.03 91744.01 192307
